VFAT2	11
MIN	0
MAX	255
STEP	1
N	1000000
996051
17773387
34549678
51324439
68095606
84860098
101616567
118335088
134984680
151637127
168224112
184818874
201531668
218274637
235025099
251782526
268542328
285307415
302076333
318847188
335619340
352391699
369163666
385935924
402709779
419483983
436259023
453033701
469808063
486583096
503358603
520134178
536910447
553686980
570464016
587240988
604018168
620795215
637572045
654348851
671125212
687901638
704677604
721453523
738229566
755005713
771782026
788558505
805334589
822110392
838885658
855661044
872435696
889210471
905985461
922760637
939536743
956313070
973089740
989866776
1006643954
1023421241
1040198635
1056976113
1073753614
1090530955
1107308310
1124085640
1140862896
1157640045
1174417201
1191194276
1207971349
1224748357
1241525300
1258302178
1275079201
1291856211
1308633295
1325410376
1342187459
1358964657
1375741843
1392519089
1409296411
1426073765
1442851337
1459628310
1476405629
1493183019
1509960231
1526737432
1543514542
1560291730
1577068834
1593845946
1610623012
1627400160
1644177303
1660954463
1677731633
1694508838
1711286042
1728063252
1744840466
1761617682
1778394896
1795172112
1811949328
1828726544
1845503760
1862280976
1879058192
1895835408
1912612624
1929389840
1946167056
1962944272
1979721488
1996498704
2013275920
2030053136
2046830356
2063607579
2080384815
2097162034
2113939290
2130716549
-2147473411
-2130696079
-2113918663
-2097141156
-2080363647
-2063586175
-2046808676
-2030031275
-2013254000
-1996476808
-1979699734
-1962922768
-1946145859
-1929368964
-1912591985
-1895815041
-1879037961
-1862260851
-1845483698
-1828706515
-1811929319
-1795152109
-1778374894
-1761597680
-1744820464
-1728043248
-1711266032
-1694488816
-1677711600
-1660934384
-1644157168
-1627379952
-1610602736
-1593825520
-1577048304
-1560271088
-1543493872
-1526716656
-1509939440
-1493162224
-1476385008
-1459607792
-1442830572
-1426053360
-1409276144
-1392498928
-1375721712
-1358944496
-1342167276
-1325390064
-1308612848
-1291835632
-1275058416
-1258281200
-1241503984
-1224726768
-1207949552
-1191172336
-1174395120
-1157617904
-1140840688
-1124063472
-1107286256
-1090509040
-1073731824
-1056954608
-1040177392
-1023400176
-1006622960
-989845744
-973068528
-956291312
-939514096
-922736880
-905959664
-889182448
-872405232
-855628016
-838850800
-822073584
-805296366
-788519145
-771741945
-754965212
-738192708
-721420128
-704643072
-687865856
-671088640
-654311424
-637534208
-620756992
-603979776
-587202560
-570425344
-553648128
-536870912
-520093696
-503316480
-486539264
-469762048
-452984832
-436207616
-419430400
-402653184
-385875968
-369098752
-352321536
-335544320
-318767104
-301989888
-285212672
-268435456
-251658240
-234881024
-218103808
-201326592
-184549376
-167772160
-150994944
-134217728
-117440512
-100663296
-83886080
-67108864
-50331648
-33554432
