VFAT2	11
MIN	0
MAX	255
STEP	1
N	1000000
994705
17772853
34548806
51322598
68092582
84856099
101611493
118323420
134972127
151630575
168264869
184836941
201536341
218275452
235024218
251782744
268542995
285307140
302075223
318846247
335618176
352390138
369162050
385934850
402708322
419482789
436257924
453033016
469808110
486582936
503358449
520134144
536910562
553686975
570463852
587240865
604017996
620795096
637572093
654348918
671125520
687901830
704677905
721453947
738229993
755006073
771782169
788558456
805334487
822110487
838885963
855661192
872436203
889211388
905986768
922761662
939537440
956313505
973090152
989866972
1006644196
1023421485
1040198775
1056976225
1073753648
1090531036
1107308358
1124085543
1140862714
1157639825
1174416889
1191193883
1207970860
1224747852
1241524833
1258301816
1275078854
1291855917
1308633037
1325410193
1342187384
1358964592
1375741828
1392519118
1409296418
1426073703
1442851024
1459628399
1476405692
1493183002
1509960233
1526737446
1543514568
1560291718
1577068799
1593845880
1610622997
1627400119
1644177265
1660954452
1677731636
1694508834
1711286042
1728063257
1744840468
1761617680
1778394897
1795172112
1811949329
1828726544
1845503760
1862280976
1879058192
1895835408
1912612624
1929389840
1946167056
1962944272
1979721488
1996498704
2013275920
2030053136
2046830352
2063607570
2080384790
2097162013
2113939235
2130716461
-2147473570
-2130696255
-2113918981
-2097141580
-2080364147
-2063586626
-2046809124
-2030031666
-2013254213
-1996476893
-1979699687
-1962922562
-1946145571
-1929368611
-1912591728
-1895814782
-1879037759
-1862260720
-1845483596
-1828706471
-1811929297
-1795152098
-1778374892
-1761597678
-1744820464
-1728043248
-1711266032
-1694488816
-1677711600
-1660934384
-1644157168
-1627379952
-1610602736
-1593825520
-1577048304
-1560271088
-1543493872
-1526716656
-1509939440
-1493162224
-1476385008
-1459607792
-1442830576
-1426053360
-1409276144
-1392498882
-1375721695
-1358944148
-1342167280
-1325390064
-1308612848
-1291835632
-1275058416
-1258281200
-1241503984
-1224726768
-1207949552
-1191172336
-1174395120
-1157617904
-1140840688
-1124063472
-1107286256
-1090509040
-1073731824
-1056954608
-1040177392
-1023400176
-1006622960
-989845744
-973068528
-956291312
-939514096
-922736880
-905959664
-889182448
-872405232
-855628016
-838850800
-822073584
-805296363
-788519141
-771741997
-754965928
-738194376
-721420184
-704643072
-687865856
-671088640
-654311424
-637534208
-620756992
-603979776
-587202560
-570425344
-553648128
-536870912
-520093696
-503316480
-486539264
-469762048
-452984832
-436207616
-419430400
-402653184
-385875968
-369098752
-352321536
-335544320
-318767104
-301989888
-285212672
-268435456
-251658240
-234881024
-218103808
-201326592
-184549376
-167772160
-150994944
-134217728
-117440512
-100663296
-83886080
-67108864
-50331648
-33554432
