VFAT2	11
MIN	0
MAX	255
STEP	1
N	1000000
993715
17772541
34548434
51322056
68092924
84858314
101616886
118349735
135023641
151687968
168337777
184914686
201583537
218311843
235052522
251803992
268559097
285318037
302082529
318851334
335621614
352392352
369163730
385935859
402708970
419483082
436257996
453032939
469807994
486583255
503358502
520134298
536910415
553686801
570463490
587240374
604017371
620794523
637571497
654348513
671125225
687901885
704678334
721454723
738231270
755006802
771782705
788558708
805334848
822110576
838886499
855661802
872436838
889211963
905987280
922762350
939537725
956313904
973090415
989867231
1006644363
1023421553
1040198944
1056976334
1073753714
1090531002
1107308240
1124085479
1140862627
1157639621
1174416626
1191193615
1207970652
1224747621
1241524601
1258301625
1275078707
1291855814
1308632989
1325410156
1342187350
1358964580
1375741861
1392519108
1409296430
1426073794
1442851058
1459628454
1476405702
1493182999
1509960263
1526737438
1543514604
1560291662
1577068738
1593845830
1610622977
1627400120
1644177257
1660954428
1677731635
1694508832
1711286038
1728063255
1744840464
1761617680
1778394896
1795172112
1811949328
1828726544
1845503760
1862280976
1879058192
1895835408
1912612624
1929389840
1946167056
1962944272
1979721488
1996498704
2013275921
2030053137
2046830352
2063607570
2080384785
2097162007
2113939239
2130716480
-2147473580
-2130696313
-2113918988
-2097141591
-2080364186
-2063586704
-2046809179
-2030031755
-2013254280
-1996476930
-1979699682
-1962922559
-1946145551
-1929368613
-1912591685
-1895814754
-1879037728
-1862260709
-1845483597
-1828706474
-1811929291
-1795152095
-1778374887
-1761597677
-1744820464
-1728043248
-1711266032
-1694488816
-1677711600
-1660934384
-1644157168
-1627379952
-1610602736
-1593825520
-1577048304
-1560271088
-1543493872
-1526716656
-1509939440
-1493162224
-1476385008
-1459607792
-1442830576
-1426053360
-1409276144
-1392498928
-1375721712
-1358944496
-1342167280
-1325390064
-1308612848
-1291835632
-1275058416
-1258281200
-1241503984
-1224726768
-1207949552
-1191172336
-1174395120
-1157617904
-1140840688
-1124063472
-1107286256
-1090509040
-1073731824
-1056954608
-1040177392
-1023400176
-1006622960
-989845744
-973068528
-956291312
-939514096
-922736880
-905959664
-889182448
-872405232
-855628016
-838850800
-822073584
-805296368
-788519142
-771742038
-754966324
-738195000
-721420212
-704643072
-687865856
-671088640
-654311424
-637534208
-620756992
-603979776
-587202560
-570425344
-553648128
-536870912
-520093696
-503316480
-486539264
-469762048
-452984832
-436207616
-419430400
-402653184
-385875968
-369098752
-352321536
-335544320
-318767104
-301989888
-285212672
-268435456
-251658240
-234881024
-218103808
-201326592
-184549376
-167772160
-150994944
-134217728
-117440512
-100663296
-83886080
-67108864
-50331648
-33554432
