VFAT2	11
MIN	0
MAX	255
STEP	1
N	1000000
995551
17773271
34549321
51323345
68094393
84857658
101612568
118328611
134970921
151630746
168242540
184825779
201532571
218273578
235023301
251781721
268542352
285307570
302075302
318848770
335618417
352390923
369162774
385935288
402708768
419483506
436258507
453033310
469808149
486583359
503358364
520134259
536910538
553687010
570463844
587240872
604018024
620795090
637572071
654348885
671125414
687901664
704677791
721453888
738229890
755005836
771782032
788558456
805334482
822110558
838885877
855661217
872436343
889211218
905986057
922761283
939537237
956313367
973089973
989866997
1006644105
1023421428
1040198760
1056976218
1073753662
1090531013
1107308346
1124085593
1140862834
1157639988
1174417031
1191194098
1207971104
1224748047
1241525055
1258301981
1275078962
1291856031
1308633128
1325410251
1342187410
1358964625
1375741855
1392519078
1409296369
1426073704
1442851072
1459628329
1476405664
1493183004
1509960338
1526737548
1543514630
1560291741
1577068837
1593845932
1610623071
1627400130
1644177325
1660954455
1677731648
1694508852
1711286042
1728063256
1744840465
1761617681
1778394896
1795172112
1811949332
1828726544
1845503760
1862280976
1879058192
1895835408
1912612624
1929389840
1946167056
1962944272
1979721488
1996498705
2013275920
2030053136
2046830353
2063607571
2080384793
2097162027
2113939255
2130716534
-2147473497
-2130696183
-2113918746
-2097141329
-2080363806
-2063586332
-2046808830
-2030031381
-2013254104
-1996476836
-1979699717
-1962922662
-1946145715
-1929368852
-1912591865
-1895814888
-1879037873
-1862260798
-1845483669
-1828706493
-1811929309
-1795152106
-1778374892
-1761597680
-1744820464
-1728043248
-1711266032
-1694488816
-1677711600
-1660934384
-1644157168
-1627379952
-1610602736
-1593825520
-1577048304
-1560271088
-1543493872
-1526716652
-1509939440
-1493162224
-1476385008
-1459607792
-1442830576
-1426053360
-1409276144
-1392498924
-1375721712
-1358944496
-1342167280
-1325390064
-1308612848
-1291835632
-1275058416
-1258281200
-1241503984
-1224726768
-1207949552
-1191172336
-1174395120
-1157617904
-1140840688
-1124063472
-1107286256
-1090509040
-1073731824
-1056954604
-1040177392
-1023400176
-1006622960
-989845744
-973068528
-956291312
-939514096
-922736880
-905959664
-889182448
-872405232
-855628016
-838850824
-822073633
-805296376
-788519150
-771741971
-754965592
-738193652
-721420148
-704643072
-687865856
-671088640
-654311424
-637534208
-620756992
-603979776
-587202560
-570425344
-553648128
-536870912
-520093696
-503316480
-486539264
-469762048
-452984832
-436207616
-419430400
-402653184
-385875968
-369098752
-352321536
-335544320
-318767104
-301989888
-285212672
-268435456
-251658240
-234881024
-218103808
-201326592
-184549376
-167772160
-150994944
-134217728
-117440512
-100663296
-83886080
-67108864
-50331648
-33554432
