VFAT2	11
MIN	0
MAX	255
STEP	1
N	1000000
996689
17774009
34550750
51326324
68099578
84866599
101625752
118355280
135022573
151637910
168173295
184822693
201538986
218279890
235028471
251785830
268546544
285309588
302077881
318848422
335620713
352394282
369166434
385938560
402712399
419486169
436260554
453035038
469809258
486583244
503358129
520133889
536910404
553687046
570463888
587241019
604018114
620795195
637571932
654348568
671124710
687900758
704676832
721452789
738228889
755005301
771782009
788558612
805335372
822111629
838886952
855661674
872436466
889211001
905985364
922760695
939536653
956312952
973089702
989866709
1006643854
1023421112
1040198454
1056975967
1073753389
1090530859
1107308251
1124085588
1140862911
1157640189
1174417416
1191194610
1207971768
1224748905
1241525890
1258302909
1275079881
1291856870
1308633835
1325410821
1342187812
1358964896
1375742002
1392519184
1409296388
1426073650
1442850952
1459628253
1476405604
1493182901
1509960158
1526737358
1543514560
1560291693
1577068813
1593845934
1610623052
1627400184
1644177318
1660954497
1677731665
1694508846
1711286051
1728063258
1744840470
1761617682
1778394896
1795172112
1811949328
1828726544
1845503760
1862280976
1879058192
1895835408
1912612624
1929389840
1946167060
1962944272
1979721490
1996498708
2013275929
2030053142
2046830371
2063607615
2080384875
2097162165
2113939503
2130716874
-2147472978
-2130695458
-2113918004
-2097140497
-2080363021
-2063585548
-2046808316
-2030031087
-2013254003
-1996477020
-1979700151
-1962923253
-1946146303
-1929369349
-1912592316
-1895815257
-1879038107
-1862260938
-1845483740
-1828706531
-1811929315
-1795152112
-1778374896
-1761597676
-1744820464
-1728043248
-1711266032
-1694488816
-1677711513
-1660934134
-1644157069
-1627379951
-1610602732
-1593825520
-1577048304
-1560271088
-1543493872
-1526716656
-1509939440
-1493162224
-1476385008
-1459607792
-1442830576
-1426053360
-1409276144
-1392498928
-1375721712
-1358944496
-1342167280
-1325390064
-1308612848
-1291835632
-1275058416
-1258281200
-1241503984
-1224726768
-1207949552
-1191172336
-1174395120
-1157617904
-1140840688
-1124063472
-1107286256
-1090509040
-1073731824
-1056954608
-1040177392
-1023400176
-1006622960
-989845744
-973068528
-956291312
-939514096
-922736880
-905959664
-889182448
-872405232
-855628016
-838850800
-822073584
-805296367
-788519147
-771741929
-754964808
-738190444
-721419980
-704643072
-687865856
-671088640
-654311424
-637534208
-620756992
-603979776
-587202560
-570425344
-553648128
-536870912
-520093696
-503316480
-486539264
-469762048
-452984832
-436207616
-419430400
-402653184
-385875968
-369098752
-352321536
-335544320
-318767104
-301989888
-285212672
-268435456
-251658240
-234881024
-218103808
-201326592
-184549376
-167772160
-150994944
-134217728
-117440512
-100663296
-83886080
-67108864
-50331648
-33554432
