VFAT2	11
MIN	0
MAX	255
STEP	1
N	1000000
995316
17773196
34549067
51323072
68093734
84857482
101612007
118325314
134968830
151628718
168246369
184830181
201532334
218273892
235024644
251780439
268541492
285306346
302074493
318846637
335618631
352390618
369162316
385934694
402708549
419483086
436258113
453033360
469808012
486582981
503358805
520134130
536910296
553686958
570463820
587240979
604018046
620795120
637572116
654348880
671125351
687901818
704677875
721453929
738229981
755005873
771782107
788558324
805334569
822110494
838885905
855661007
872436204
889211134
905986005
922761355
939536992
956313537
973090031
989867007
1006644181
1023421373
1040198781
1056976238
1073753637
1090531019
1107308325
1124085619
1140862797
1157639946
1174416978
1191194030
1207971012
1224748019
1241524960
1258301907
1275078958
1291856037
1308633082
1325410212
1342187390
1358964608
1375741824
1392519100
1409296458
1426074128
1442851099
1459628380
1476405679
1493183011
1509960266
1526737491
1543514599
1560291738
1577068820
1593845919
1610623031
1627400174
1644177308
1660954445
1677731645
1694508848
1711286043
1728063252
1744840464
1761617681
1778394896
1795172113
1811949328
1828726544
1845503760
1862280976
1879058192
1895835408
1912612624
1929389840
1946167056
1962944272
1979721488
1996498704
2013275920
2030053136
2046830355
2063607570
2080384791
2097162018
2113939243
2130716497
-2147473530
-2130696237
-2113918876
-2097141463
-2080363923
-2063586427
-2046808935
-2030031519
-2013254138
-1996476834
-1979699616
-1962922596
-1946145609
-1929368717
-1912591823
-1895814871
-1879037822
-1862260762
-1845483658
-1828706487
-1811929307
-1795152101
-1778374893
-1761597680
-1744820463
-1728043248
-1711266032
-1694488816
-1677711600
-1660934384
-1644157168
-1627379952
-1610602736
-1593825520
-1577048304
-1560271088
-1543493872
-1526716656
-1509939440
-1493162224
-1476385008
-1459607792
-1442830576
-1426053360
-1409276144
-1392498928
-1375721712
-1358944496
-1342167280
-1325390064
-1308612848
-1291835632
-1275058416
-1258281200
-1241503984
-1224726768
-1207949552
-1191172336
-1174395120
-1157617904
-1140840688
-1124063472
-1107286256
-1090509040
-1073731824
-1056954608
-1040177392
-1023400176
-1006622960
-989845744
-973068528
-956291312
-939514096
-922736880
-905959664
-889182448
-872405232
-855628016
-838850800
-822073583
-805296365
-788519146
-771741973
-754965660
-738194012
-721420152
-704643072
-687865856
-671088640
-654311424
-637534208
-620756992
-603979776
-587202560
-570425344
-553648128
-536870912
-520093696
-503316480
-486539264
-469762048
-452984832
-436207616
-419430400
-402653184
-385875968
-369098752
-352321536
-335544320
-318767104
-301989888
-285212672
-268435456
-251658240
-234881024
-218103808
-201326592
-184549376
-167772160
-150994944
-134217728
-117440512
-100663296
-83886080
-67108864
-50331648
-33554432
