VFAT2	11
MIN	0
MAX	255
STEP	1
N	1000000
996810
17774327
34551493
51327699
68102172
84873494
101637228
118377930
135054084
151608412
168177431
184839486
201546944
218282393
235030033
251783224
268542769
285306499
302076216
318847092
335620096
352394369
369168475
385941206
402714422
419488540
436262923
453037522
469811380
486584920
503359137
520134360
536910396
553686988
570463956
587240941
604017902
620794729
637571009
654347369
671123364
687899395
704675213
721451591
738228093
755004944
771781875
788558854
805335308
822111787
838887198
855662398
872436472
889210987
905985762
922761370
939537331
956313805
973090450
989867438
1006644696
1023422041
1040199303
1056976710
1073754058
1090531365
1107308645
1124085902
1140863150
1157640373
1174417599
1191194798
1207972000
1224749194
1241526374
1258303484
1275080601
1291857650
1308634681
1325411703
1342188686
1358965655
1375742641
1392519680
1409296730
1426073862
1442851044
1459628268
1476405538
1493182846
1509960121
1526737308
1543514613
1560291761
1577068908
1593846032
1610623137
1627400274
1644177412
1660954552
1677731704
1694508884
1711286068
1728063274
1744840478
1761617686
1778394901
1795172114
1811949330
1828726544
1845503760
1862280976
1879058192
1895835409
1912612624
1929389841
1946167057
1962944272
1979721491
1996498713
2013275949
2030053192
2046830468
2063607749
2080385102
2097162462
2113939972
2130717451
-2147472313
-2130694732
-2113917151
-2097139995
-2080362654
-2063585371
-2046808211
-2030031184
-2013254217
-1996477360
-1979700433
-1962923510
-1946146556
-1929369567
-1912592455
-1895815321
-1879038151
-1862260956
-1845483750
-1828706542
-1811929328
-1795152112
-1778374896
-1761597680
-1744820464
-1728043248
-1711266032
-1694488816
-1677711600
-1660934384
-1644157168
-1627379952
-1610602736
-1593825520
-1577048304
-1560271088
-1543493872
-1526716656
-1509939440
-1493162224
-1476385008
-1459607792
-1442830576
-1426053360
-1409276144
-1392498928
-1375721712
-1358944496
-1342167280
-1325390064
-1308612848
-1291835632
-1275058416
-1258281200
-1241503984
-1224726768
-1207949552
-1191172336
-1174395120
-1157617904
-1140840688
-1124063472
-1107286256
-1090509040
-1073731824
-1056954608
-1040177392
-1023400176
-1006622960
-989845744
-973068528
-956291312
-939514096
-922736880
-905959664
-889182448
-872405232
-855628016
-838850800
-822073584
-805296367
-788519141
-771741933
-754964732
-738188420
-721419068
-704643068
-687865856
-671088640
-654311424
-637534208
-620756992
-603979776
-587202560
-570425344
-553648128
-536870912
-520093696
-503316480
-486539264
-469762048
-452984832
-436207616
-419430400
-402653184
-385875968
-369098752
-352321536
-335544320
-318767104
-301989888
-285212672
-268435456
-251658240
-234881024
-218103808
-201326592
-184549376
-167772160
-150994944
-134217728
-117440512
-100663296
-83886080
-67108864
-50331648
-33554432
