VFAT2	11
MIN	0
MAX	255
STEP	1
N	1000000
994404
17772353
34548505
51322039
68091958
84860696
101627988
118384673
135117987
151802037
168426300
185013059
201634773
218320847
235047083
251791863
268548797
285313990
302081942
318853244
335625714
352397721
369170462
385943823
402716982
419490837
436263927
453037263
469810783
486585014
503358989
520133828
536909162
553685189
570461688
587238270
604014972
620791458
637568119
654344873
671121727
687898665
704675598
721452544
738229448
755006230
771782695
788559016
805335316
822110747
838885931
855660897
872435523
889210528
905985860
922761696
939538069
956314600
973091539
989868484
1006645644
1023422772
1040199948
1056977149
1073754344
1090531554
1107308784
1124085976
1140863191
1157640403
1174417619
1191194836
1207972051
1224749263
1241526479
1258303693
1275080910
1291858108
1308635314
1325412511
1342189692
1358966858
1375744001
1392521137
1409298245
1426075378
1442852467
1459629575
1476406687
1493183859
1509960997
1526738156
1543515416
1560292651
1577069867
1593847022
1610624167
1627401380
1644178444
1660955515
1677732574
1694509618
1711286686
1728063760
1744840880
1761617957
1778395108
1795172260
1811949438
1828726625
1845503799
1862280997
1879058217
1895835422
1912612632
1929389847
1946167056
1962944273
1979721489
1996498704
2013275920
2030053136
2046830354
2063607571
2080384788
2097162014
2113939241
2130716504
-2147473530
-2130696271
-2113918891
-2097141458
-2080364049
-2063586555
-2046809097
-2030031567
-2013254084
-1996476677
-1979699285
-1962921972
-1946144650
-1929367386
-1912590169
-1895813026
-1879035889
-1862258766
-1845481845
-1828704812
-1811927966
-1795151027
-1778374100
-1761597125
-1744820142
-1728043078
-1711265932
-1694488771
-1677711572
-1660934375
-1644157164
-1627379950
-1610602735
-1593825520
-1577048304
-1560271088
-1543493872
-1526716656
-1509939440
-1493162224
-1476385008
-1459607792
-1442830576
-1426053360
-1409276144
-1392498924
-1375721712
-1358944496
-1342167280
-1325390064
-1308612848
-1291835632
-1275058416
-1258281200
-1241503984
-1224726768
-1207949552
-1191172336
-1174395120
-1157617904
-1140840688
-1124063472
-1107286256
-1090509040
-1073731824
-1056954608
-1040177392
-1023400176
-1006622960
-989845735
-973068565
-956291312
-939514096
-922736880
-905959664
-889182448
-872405232
-855628015
-838850793
-822073566
-805296359
-788519152
-771741936
-754964720
-738187508
-721410424
-704637564
-687865808
-671088640
-654311424
-637534208
-620756992
-603979776
-587202560
-570425344
-553648128
-536870912
-520093696
-503316480
-486539264
-469762048
-452984832
-436207616
-419430400
-402653184
-385875968
-369098752
-352321536
-335544320
-318767104
-301989888
-285212672
-268435456
-251658240
-234881024
-218103808
-201326592
-184549376
-167772160
-150994944
-134217728
-117440512
-100663296
-83886080
-67108864
-50331648
-33554432
