VFAT2	11
MIN	0
MAX	255
STEP	1
N	1000000
996585
17773924
34550565
51325770
68098784
84864343
101623047
118349076
135010664
151643567
168182792
184818186
201535125
218278273
235028804
251783969
268544996
285309239
302077058
318848045
335620641
352393313
369165808
385938046
402711371
419485717
436260078
453034581
469809091
486582982
503358357
520134091
536910432
553687012
570464005
587240960
604018124
620795189
637572089
654348590
671124977
687901149
704677117
721452944
738229114
755005457
771781981
788558525
805335065
822110990
838886471
855661363
872435916
889210536
905985143
922760567
939536527
956312987
973089720
989866702
1006643810
1023421094
1040198474
1056975984
1073753410
1090530878
1107308234
1124085607
1140862930
1157640163
1174417384
1191194517
1207971698
1224748721
1241525722
1258302718
1275079686
1291856644
1308633601
1325410619
1342187707
1358964786
1375741933
1392519172
1409296405
1426074156
1442850949
1459628256
1476405576
1493182926
1509960194
1526737443
1543514569
1560291690
1577068822
1593845966
1610623060
1627400162
1644177306
1660954486
1677731657
1694508854
1711286058
1728063257
1744840468
1761617682
1778394900
1795172112
1811949328
1828726544
1845503760
1862280978
1879058192
1895835408
1912612624
1929389840
1946167056
1962944273
1979721489
1996498705
2013275925
2030053142
2046830367
2063607597
2080384846
2097162118
2113939436
2130716771
-2147473145
-2130695677
-2113918153
-2097140680
-2080363232
-2063585732
-2046808380
-2030031137
-2013254007
-1996476962
-1979700026
-1962923117
-1946146196
-1929369245
-1912592261
-1895815209
-1879038078
-1862260924
-1845483731
-1828706538
-1811929327
-1795152111
-1778374895
-1761597680
-1744820463
-1728043248
-1711266032
-1694488816
-1677711600
-1660934384
-1644157168
-1627379952
-1610602736
-1593825520
-1577048304
-1560271088
-1543493872
-1526716656
-1509939440
-1493162224
-1476385008
-1459607792
-1442830576
-1426053360
-1409276144
-1392498928
-1375721712
-1358944496
-1342167280
-1325390064
-1308612848
-1291835632
-1275058416
-1258281200
-1241503984
-1224726768
-1207949552
-1191172336
-1174395120
-1157617904
-1140840688
-1124063472
-1107286256
-1090509040
-1073731824
-1056954608
-1040177392
-1023400176
-1006622960
-989845744
-973068528
-956291312
-939514096
-922736880
-905959664
-889182448
-872405232
-855628016
-838850800
-822073584
-805296366
-788519138
-771741933
-754964860
-738190976
-721420012
-704643072
-687865856
-671088640
-654311424
-637534208
-620756992
-603979776
-587202560
-570425344
-553648128
-536870912
-520093696
-503316480
-486539264
-469762048
-452984832
-436207616
-419430400
-402653184
-385875968
-369098752
-352321536
-335544320
-318767104
-301989888
-285212672
-268435456
-251658240
-234881024
-218103808
-201326592
-184549376
-167772160
-150994944
-134217728
-117440512
-100663296
-83886080
-67108864
-50331648
-33554432
