VFAT2	11
MIN	0
MAX	255
STEP	1
N	1000000
996740
17774304
34551352
51327475
68101335
84870908
101633076
118367256
135050646
151622547
168174642
184834716
201545691
218283854
235029524
251785245
268544846
285309142
302076770
318846917
335620451
352394433
369167759
385940365
402713799
419488114
436262358
453036737
469810348
486584560
503360429
520134074
536910352
553686958
570463954
587241060
604018081
620794905
637571524
654347759
671124023
687899908
704675881
721451870
738228395
755005134
771781938
788558875
805335538
822111836
838887453
855662616
872436777
889211117
905985843
922761243
939536790
956313235
973090024
989866933
1006644136
1023421464
1040198867
1056976228
1073753706
1090531088
1107308461
1124085780
1140863059
1157640323
1174417568
1191194738
1207971934
1224749117
1241526258
1258303339
1275080396
1291857397
1308634403
1325411393
1342188365
1358965366
1375742401
1392519470
1409296503
1426073703
1442850978
1459628251
1476405485
1493182800
1509960079
1526737327
1543514545
1560291724
1577068851
1593845957
1610623128
1627400259
1644177350
1660954509
1677731672
1694508874
1711286064
1728063268
1744840470
1761617683
1778394898
1795172114
1811949330
1828726545
1845503760
1862280976
1879058192
1895835408
1912612624
1929389840
1946167057
1962944274
1979721492
1996498708
2013275935
2030053179
2046830420
2063607721
2080385012
2097162344
2113939799
2130717249
-2147472607
-2130695009
-2113917579
-2097140101
-2080362738
-2063585442
-2046808220
-2030031113
-2013254161
-1996477233
-1979700331
-1962923435
-1946146508
-1929369491
-1912592425
-1895815304
-1879038147
-1862260957
-1845483753
-1828706540
-1811929328
-1795152112
-1778374896
-1761597680
-1744820464
-1728043248
-1711266032
-1694488816
-1677711600
-1660934384
-1644157168
-1627379952
-1610602736
-1593825520
-1577048304
-1560271088
-1543493872
-1526716656
-1509939440
-1493162224
-1476385008
-1459607792
-1442830576
-1426053360
-1409276144
-1392498928
-1375721712
-1358944491
-1342167280
-1325390064
-1308612848
-1291835632
-1275058416
-1258281200
-1241503984
-1224726768
-1207949552
-1191172336
-1174395120
-1157617904
-1140840688
-1124063472
-1107286256
-1090509040
-1073731824
-1056954608
-1040177392
-1023400176
-1006622960
-989845744
-973068528
-956291312
-939514096
-922736880
-905959664
-889182448
-872405232
-855628016
-838850800
-822073584
-805296367
-788519144
-771741928
-754964752
-738188972
-721419468
-704643068
-687865856
-671088640
-654311388
-637533960
-620756992
-603979776
-587202560
-570425344
-553648128
-536870912
-520093696
-503316480
-486539264
-469762048
-452984832
-436207616
-419430400
-402653184
-385875968
-369098752
-352321536
-335544320
-318767104
-301989888
-285212672
-268435456
-251658240
-234881024
-218103808
-201326592
-184549376
-167772160
-150994944
-134217728
-117440512
-100663296
-83886080
-67108864
-50331648
-33554432
