VFAT2	11
MIN	0
MAX	255
STEP	1
N	1000000
995791
17773264
34549485
51323965
68095146
84859033
101614387
118331556
134978454
151632567
168234939
184822323
201532657
218275419
235025306
251781397
268543138
285307328
302075330
318846625
335618977
352391251
369163104
385935437
402709467
419483616
436258441
453033388
469808179
486583155
503358523
520134145
536910377
553687043
570463847
587241034
604018010
620795124
637572065
654349030
671125409
687901586
704677711
721453710
738229726
755005820
771782078
788558245
805334478
822110453
838885993
855661238
872435695
889210846
905985728
922761175
939537059
956313173
973089871
989866851
1006644025
1023421369
1040198701
1056976166
1073753621
1090531039
1107308322
1124085647
1140862873
1157640039
1174417134
1191194190
1207971168
1224748167
1241525099
1258302098
1275079094
1291856085
1308633206
1325410298
1342187448
1358964632
1375741854
1392519109
1409296360
1426073719
1442851005
1459628350
1476405680
1493182978
1509960227
1526737467
1543514633
1560291736
1577068786
1593845915
1610623022
1627400150
1644177299
1660954459
1677731642
1694508839
1711286043
1728063256
1744840467
1761617682
1778394898
1795172115
1811949328
1828726544
1845503760
1862280976
1879058192
1895835408
1912612624
1929389935
1946167181
1962944545
1979721534
1996498704
2013275920
2030053136
2046830355
2063607579
2080384803
2097162030
2113939272
2130716541
-2147473453
-2130696127
-2113918726
-2097141283
-2080363753
-2063586239
-2046808762
-2030031403
-2013254016
-1996476854
-1979699740
-1962922743
-1946145825
-1929368929
-1912591974
-1895814981
-1879037928
-1862260841
-1845483696
-1828706511
-1811929319
-1795152105
-1778374893
-1761597679
-1744820464
-1728043248
-1711266032
-1694488816
-1677711600
-1660934384
-1644157168
-1627379952
-1610602736
-1593825520
-1577048304
-1560271088
-1543493872
-1526716656
-1509939440
-1493162224
-1476385008
-1459607792
-1442830576
-1426053360
-1409276144
-1392498928
-1375721712
-1358944496
-1342167280
-1325390064
-1308612848
-1291835632
-1275058416
-1258281200
-1241503984
-1224726768
-1207949552
-1191172336
-1174395120
-1157617904
-1140840688
-1124063472
-1107286256
-1090509040
-1073731824
-1056954608
-1040177392
-1023400176
-1006622960
-989845744
-973068528
-956291312
-939514096
-922736880
-905959664
-889182448
-872405232
-855628016
-838850800
-822073584
-805296368
-788519144
-771741952
-754965392
-738193432
-721420136
-704643072
-687865856
-671088640
-654311424
-637534208
-620756992
-603979776
-587202560
-570425344
-553648128
-536870912
-520093696
-503316480
-486539264
-469762048
-452984832
-436207616
-419430400
-402653184
-385875968
-369098752
-352321536
-335544320
-318767104
-301989888
-285212672
-268435456
-251658240
-234881024
-218103808
-201326592
-184549376
-167772160
-150994944
-134217728
-117440512
-100663296
-83886080
-67108864
-50331648
-33554432
