VFAT2	11
MIN	0
MAX	255
STEP	1
N	1000000
986695
17757076
34523234
51287249
68052681
84820999
101586700
118338873
135070905
151767011
168402737
185009643
201637133
218318946
235038487
251779662
268536532
285301978
302071712
318843090
335615005
352388259
369161810
385935695
402710466
419485505
436260182
453034647
469809398
486584265
503359376
520134913
536910387
553686211
570462347
587238627
604015111
620791783
637568606
654345389
671122354
687899371
704676494
721453581
738230621
755007764
771784676
788561478
805338162
822114244
838890214
855665871
872441118
889216557
905992214
922767828
939543508
956319691
973095825
989871828
1006648180
1023424481
1040201136
1056977784
1073754636
1090531692
1107308888
1124086024
1140863210
1157640408
1174417636
1191194840
1207972056
1224749268
1241526484
1258303708
1275080916
1291858132
1308635348
1325412564
1342189780
1358966996
1375744211
1392521428
1409298643
1426075858
1442853075
1459630287
1476407501
1493184705
1509961909
1526739117
1543516303
1560293483
1577070658
1593847822
1610625027
1627402196
1644179412
1660956578
1677733732
1694510821
1711287970
1728065059
1744842089
1761619147
1778396213
1795173157
1811950240
1828727194
1845504318
1862281378
1879058489
1895835587
1912612769
1929389931
1946167117
1962944300
1979721514
1996498714
2013275932
2030053143
2046830354
2063607569
2080384785
2097162000
2113939217
2130716432
-2147473648
-2130696432
-2113919116
-2097142000
-2080364251
-2063587513
-2046810352
-2030033136
-2013255920
-1996478703
-1979701485
-1962924267
-1946147051
-1929369833
-1912592610
-1895815383
-1879038154
-1862260887
-1845483588
-1828706274
-1811928932
-1795151550
-1778374127
-1761596776
-1744819368
-1728042006
-1711264595
-1694487264
-1677709953
-1660932617
-1644155408
-1627378247
-1610601133
-1593824088
-1577047032
-1560270006
-1543492994
-1526715914
-1509938937
-1493161856
-1476384820
-1459607675
-1442830504
-1426053331
-1409276132
-1392498922
-1375721709
-1358944495
-1342167280
-1325390064
-1308612848
-1291835632
-1275058416
-1258281200
-1241503984
-1224726768
-1207949552
-1191172336
-1174395120
-1157617904
-1140840688
-1124063472
-1107286256
-1090509040
-1073731824
-1056954608
-1040177392
-1023400176
-1006622960
-989845744
-973068528
-956291312
-939514094
-922736871
-905959638
-889182430
-872405229
-855628015
-838850800
-822073584
-805296368
-788519152
-771741936
-754964724
-738187544
-721411304
-704639428
-687865708
-671088640
-654311424
-637534208
-620756992
-603979776
-587202560
-570425344
-553648128
-536870912
-520093696
-503316480
-486539264
-469762048
-452984832
-436207616
-419430400
-402653184
-385875968
-369098752
-352321536
-335544320
-318767104
-301989888
-285212672
-268435456
-251658240
-234881024
-218103808
-201326592
-184549376
-167772160
-150994944
-134217728
-117440512
-100663296
-83886080
-67108864
-50331648
-33554432
