VFAT2	11
MIN	0
MAX	255
STEP	1
N	1000000
996296
17773621
34549969
51324827
68096516
84861390
101617772
118338467
134992032
151641413
168215343
184818106
201534376
218275103
235026400
251783213
268543212
285308030
302076300
318847655
335619711
352392469
369163924
385936361
402710146
419484190
436258990
453033958
469808238
486583141
503358399
520134346
536910439
553687086
570464006
587241006
604018177
620795257
637572179
654348823
671125271
687901613
704677465
721453450
738229472
755005679
771781971
788558366
805334866
822110700
838885818
855660899
872435880
889210585
905985403
922760673
939536744
956312967
973089759
989866723
1006644003
1023421263
1040198606
1056976043
1073753534
1090530972
1107308315
1124085608
1140862923
1157640063
1174417255
1191194366
1207971419
1224748424
1241525345
1258302346
1275079281
1291856309
1308633372
1325410393
1342187518
1358964661
1375741851
1392519080
1409296367
1426073687
1442850995
1459628289
1476405615
1493182961
1509960230
1526737478
1543514584
1560291715
1577068801
1593845963
1610623040
1627400153
1644177292
1660954468
1677731645
1694508849
1711286042
1728063258
1744840467
1761617680
1778394896
1795172112
1811949328
1828726544
1845503760
1862280976
1879058192
1895835408
1912612628
1929389840
1946167056
1962944272
1979721488
1996498708
2013275921
2030053142
2046830357
2063607575
2080384811
2097162045
2113939299
2130716635
-2147473406
-2130696044
-2113918517
-2097141018
-2080363534
-2063585985
-2046808560
-2030031206
-2013253968
-1996476818
-1979699835
-1962922891
-1946145950
-1929369087
-1912592048
-1895815090
-1879038019
-1862260864
-1845483725
-1828706526
-1811929324
-1795152107
-1778374895
-1761597680
-1744820464
-1728043248
-1711265983
-1694488778
-1677711178
-1660934379
-1644157168
-1627379952
-1610602736
-1593825520
-1577048304
-1560271088
-1543493872
-1526716656
-1509939440
-1493162224
-1476385008
-1459607792
-1442830576
-1426053360
-1409276144
-1392498928
-1375721712
-1358944496
-1342167280
-1325390064
-1308612848
-1291835632
-1275058416
-1258281200
-1241503984
-1224726768
-1207949552
-1191172336
-1174395120
-1157617904
-1140840688
-1124063472
-1107286256
-1090509040
-1073731824
-1056954608
-1040177392
-1023400176
-1006622960
-989845744
-973068528
-956291312
-939514096
-922736876
-905959664
-889182444
-872405232
-855628016
-838850800
-822073583
-805296366
-788519149
-771741932
-754965080
-738192388
-721420088
-704643072
-687865856
-671088640
-654311424
-637534208
-620756992
-603979776
-587202560
-570425344
-553648128
-536870912
-520093696
-503316480
-486539264
-469762048
-452984832
-436207616
-419430400
-402653184
-385875968
-369098752
-352321536
-335544320
-318767104
-301989888
-285212672
-268435456
-251658240
-234881024
-218103808
-201326592
-184549376
-167772160
-150994944
-134217728
-117440512
-100663296
-83886080
-67108864
-50331648
-33554432
