VFAT2	11
MIN	0
MAX	255
STEP	1
N	1000000
996626
17774261
34551485
51327693
68102930
84877821
101644007
118382187
135053622
151630608
168213263
184859282
201559405
218284698
235026908
251780451
268541239
285306068
302076201
318848730
335622012
352395832
369170371
385943405
402716393
419489937
436264353
453038885
469813397
486586744
503360863
520135356
536910690
553687002
570463812
587240556
604017285
620793697
637569985
654346062
671121971
687898336
704674728
721451338
738228112
755004952
771781874
788558683
805335258
822111145
838886611
855661548
872436157
889211136
905986460
922762354
939538452
956314969
973091829
989868661
1006645713
1023422887
1040199985
1056977187
1073754340
1090531565
1107308764
1124085973
1140863188
1157640402
1174417617
1191194832
1207972038
1224749251
1241526458
1258303654
1275080832
1291857991
1308635125
1325412236
1342189366
1358966418
1375743386
1392520453
1409297479
1426074542
1442851610
1459628676
1476405894
1493183094
1509960335
1526737544
1543514795
1560291990
1577069168
1593846334
1610623412
1627400523
1644177621
1660954777
1677731880
1694509007
1711286163
1728063336
1744840536
1761617714
1778394917
1795172122
1811949331
1828726548
1845503761
1862280977
1879058192
1895835411
1912612624
1929389845
1946167057
1962944276
1979721492
1996498726
2013275965
2030053215
2046830525
2063607804
2080385235
2097162669
2113940066
2130717730
-2147472110
-2130694581
-2113917193
-2097139794
-2080362468
-2063585214
-2046808012
-2030030888
-2013253802
-1996476811
-1979699958
-1962923070
-1946146223
-1929369308
-1912592311
-1895815234
-1879038106
-1862260931
-1845483742
-1828706534
-1811929324
-1795152022
-1778374619
-1761597571
-1744820457
-1728043248
-1711266032
-1694488816
-1677711600
-1660934384
-1644157168
-1627379952
-1610602736
-1593825520
-1577048304
-1560271088
-1543493872
-1526716656
-1509939440
-1493162224
-1476385008
-1459607792
-1442830576
-1426053360
-1409276144
-1392498928
-1375721712
-1358944496
-1342167280
-1325390064
-1308612848
-1291835632
-1275058416
-1258281200
-1241503984
-1224726768
-1207949552
-1191172336
-1174395120
-1157617904
-1140840688
-1124063472
-1107286256
-1090509040
-1073731824
-1056954608
-1040177392
-1023400176
-1006622960
-989845744
-973068528
-956291312
-939514096
-922736880
-905959664
-889182448
-872405232
-855628016
-838850800
-822073584
-805296365
-788519129
-771741932
-754964720
-738187740
-721417332
-704643048
-687865856
-671088640
-654311424
-637534208
-620756992
-603979776
-587202560
-570425344
-553648128
-536870912
-520093696
-503316480
-486539264
-469762048
-452984832
-436207616
-419430400
-402653184
-385875968
-369098752
-352321536
-335544320
-318767104
-301989888
-285212672
-268435456
-251658240
-234881024
-218103808
-201326592
-184549376
-167772160
-150994944
-134217728
-117440512
-100663296
-83886080
-67108864
-50331648
-33554432
