VFAT2	11
MIN	0
MAX	255
STEP	1
N	1000000
999340
17776745
34553507
51326461
68077731
84813412
101518716
118134018
134805830
151493001
168035737
184680662
201433113
218190525
234957417
251730817
268505694
285280782
302055550
318829109
335601382
352373107
369145234
385918725
402693229
419468966
436245044
453021420
469797620
486573633
503349657
520125639
536901295
553677046
570452274
587227125
604002055
620776939
637551890
654327051
671101949
687877701
704653980
721430820
738207796
754985014
771762316
788539655
805317110
822094648
838872108
855649637
872427090
889204491
905981891
922759190
939536484
956313728
973090926
989868102
1006645210
1023422230
1040199252
1056976216
1073753065
1090529978
1107306940
1124083986
1140861010
1157638120
1174415324
1191192562
1207969793
1224747101
1241524375
1258301624
1275078835
1291855995
1308633150
1325410271
1342187431
1358964592
1375741763
1392518963
1409296160
1426073369
1442850579
1459627795
1476405010
1493182228
1509959450
1526736677
1543513904
1560291148
1577068427
1593845878
1610623321
1627400587
1644177931
1660955492
1677732951
1694510416
1711287743
1728064951
1744842050
1761619029
1778395972
1795172958
1811949825
1828726850
1845503937
1862281072
1879058236
1895835430
1912612638
1929389846
1946167056
1962944272
1979721488
1996498704
2013275920
2030053136
2046830352
2063607568
2080384784
2097162000
2113939216
2130716432
-2147473648
-2130696432
-2113919216
-2097142000
-2080364784
-2063587568
-2046810352
-2030033136
-2013255920
-1996478704
-1979701488
-1962924272
-1946147056
-1929369836
-1912592624
-1895815408
-1879038192
-1862260976
-1845483760
-1828706544
-1811929328
-1795152112
-1778374896
-1761597680
-1744820464
-1728043248
-1711266032
-1694488816
-1677711600
-1660934384
-1644157168
-1627379952
-1610602736
-1593825520
-1577048304
-1560271088
-1543493872
-1526716656
-1509939440
-1493162224
-1476385008
-1459607792
-1442830576
-1426053360
-1409276144
-1392498928
-1375721712
-1358944496
-1342167280
-1325390064
-1308612848
-1291835628
-1275058416
-1258281200
-1241503984
-1224726768
-1207949552
-1191172336
-1174395128
-1157617916
-1140840712
-1124063536
-1107286452
-1090509468
-1073732631
-1056956154
-1040180158
-1023404050
-1006627921
-989851840
-973076020
-956300528
-939523948
-922746856
-905969660
-889192448
-872415232
-855638016
-838860800
-822083584
-805306368
-788529152
-771751936
-754974720
-738197504
-721420288
-704643072
-687865856
-671088640
-654311424
-637534208
-620756992
-603979776
-587202560
-570425344
-553648128
-536870912
-520093696
-503316480
-486539264
-469762048
-452984832
-436207616
-419430400
-402653184
-385875968
-369098752
-352321536
-335544320
-318767104
-301989888
-285212672
-268435456
-251658240
-234881024
-218103808
-201326592
-184549376
-167772160
-150994944
-134217728
-117440512
-100663296
-83886080
-67108864
-50331648
-33554432
