VFAT2	11
MIN	0
MAX	255
STEP	1
N	1000000
998454
17775512
34551801
51326478
68092028
84843211
101581455
118245277
134883469
151557495
168123320
184731236
201469081
218221917
234979903
251743767
268514189
285287096
302061163
318835613
335609381
352382578
369155256
385927478
402700012
419473173
436247972
453023632
469800068
486576858
503353802
520130591
536907384
553684151
570460792
587237430
604013988
620790328
637566037
654341850
671117144
687892473
704667719
721443216
738217877
754992626
771767259
788542750
805318563
822094677
838871400
855648468
872425693
889203008
905980505
922757950
939535423
956312891
973090354
989867768
1006645134
1023422440
1040199722
1056976927
1073754103
1090531197
1107308254
1124085283
1140862279
1157639210
1174416186
1191193035
1207970091
1224747142
1241524223
1258301407
1275078580
1291855823
1308633049
1325410346
1342187583
1358964865
1375742122
1392519344
1409296534
1426073686
1442850854
1459627963
1476405125
1493182300
1509959493
1526736693
1543513888
1560291092
1577068308
1593845524
1610622737
1627399956
1644177168
1660954384
1677731604
1694508817
1711286033
1728063249
1744840464
1761617687
1778394901
1795172124
1811949372
1828726629
1845503890
1862281170
1879058529
1895835956
1912613462
1929390975
1946168438
1962945861
1979723180
1996500461
2013277582
2030054593
2046831548
2063608527
2080385485
2097162438
2113939494
2130716554
-2147473568
-2130696391
-2113919196
-2097141992
-2080364781
-2063587568
-2046810352
-2030033136
-2013255920
-1996478704
-1979701488
-1962924272
-1946147056
-1929369840
-1912592624
-1895815408
-1879038192
-1862260976
-1845483760
-1828706544
-1811929328
-1795152108
-1778374896
-1761597680
-1744820464
-1728043248
-1711266032
-1694488816
-1677711600
-1660934384
-1644157168
-1627379948
-1610602736
-1593825520
-1577048304
-1560271088
-1543493872
-1526716656
-1509939440
-1493162224
-1476385008
-1459607896
-1442830576
-1426053360
-1409276144
-1392498928
-1375721712
-1358944496
-1342167280
-1325390064
-1308612848
-1291835632
-1275058416
-1258281200
-1241503984
-1224726768
-1207949548
-1191172336
-1174395120
-1157617904
-1140840688
-1124063472
-1107286256
-1090509040
-1073731824
-1056954608
-1040177392
-1023400176
-1006622960
-989845744
-973068528
-956291312
-939514096
-922736880
-905959663
-889182460
-872405298
-855628583
-838852900
-822078416
-805304672
-788529104
-771751936
-754974720
-738197504
-721420288
-704643072
-687865856
-671088640
-654311424
-637534208
-620756992
-603979776
-587202560
-570425344
-553648128
-536870912
-520093696
-503316480
-486539264
-469762048
-452984832
-436207616
-419430400
-402653184
-385875968
-369098752
-352321536
-335544320
-318767104
-301989888
-285212672
-268435456
-251658240
-234881024
-218103808
-201326592
-184549376
-167772160
-150994944
-134217728
-117440512
-100663296
-83886080
-67108864
-50331648
-33554432
