VFAT2	11
MIN	0
MAX	255
STEP	1
N	1000000
970018
17753149
34530270
51301905
68069307
84832757
101593034
118348506
135089819
151808315
168477113
185109354
201756552
218447571
235164585
251896221
268639066
285386718
302142283
318902156
335665676
352432703
369202066
385972469
402742744
419511718
436282953
453054439
469826382
486599612
503373233
520147525
536921964
553697362
570473584
587250163
604027402
620804462
637581728
654358800
671135517
687912172
704689103
721466126
738243101
755020361
771797825
788575100
805352471
822129277
838906040
855683522
872460275
889237428
906014785
922791710
939567837
956343425
973118861
989894646
1006670417
1023446341
1040221747
1056996902
1073771986
1090547569
1107323254
1124099261
1140875429
1157651673
1174428080
1191204186
1207979963
1224755723
1241531341
1258307558
1275083814
1291860033
1308636652
1325413528
1342190461
1358967525
1375744643
1392521669
1409298814
1426075968
1442853149
1459630337
1476407555
1493184743
1509961953
1526739164
1543516382
1560293590
1577070805
1593848020
1610625235
1627402453
1644179663
1660956879
1677734091
1694511305
1711288515
1728065728
1744842950
1761620161
1778397375
1795174571
1811951769
1828729007
1845506228
1862283425
1879060651
1895837880
1912615109
1929392324
1946169546
1962946761
1979723973
1996501193
2013278393
2030055605
2046832765
2063609941
2080387175
2097164252
2113941628
2130718244
-2147472050
-2130695094
-2113918136
-2097141153
-2080364171
-2063587122
-2046810038
-2030032907
-2013255762
-1996478591
-1979701412
-1962924239
-1946147029
-1929369829
-1912592619
-1895815404
-1879038192
-1862260975
-1845483759
-1828706544
-1811929328
-1795152112
-1778374896
-1761597680
-1744820464
-1728043248
-1711266032
-1694488816
-1677711600
-1660934384
-1644157168
-1627379952
-1610602732
-1593825520
-1577048304
-1560271088
-1543493872
-1526716656
-1509939439
-1493162221
-1476384997
-1459607780
-1442830541
-1426053291
-1409275999
-1392498621
-1375721165
-1358943714
-1342166206
-1325388610
-1308611067
-1291833686
-1275056453
-1258279386
-1241502532
-1224725734
-1207948941
-1191172035
-1174394963
-1157617847
-1140840669
-1124063465
-1107286256
-1090509040
-1073731824
-1056954608
-1040177392
-1023400176
-1006622960
-989845744
-973068528
-956291312
-939514096
-922736880
-905959664
-889182448
-872405232
-855628016
-838850800
-822073584
-805296368
-788519152
-771741936
-754964720
-738187504
-721410284
-704633063
-687855847
-671078640
-654301424
-637524208
-620746992
-603969912
-587198752
-570425256
-553648128
-536870912
-520093696
-503316480
-486539264
-469762048
-452984832
-436207616
-419430400
-402653184
-385875968
-369098752
-352321536
-335544320
-318767104
-301989888
-285212672
-268435456
-251658240
-234881024
-218103808
-201326592
-184549376
-167772160
-150994944
-134217728
-117440512
-100663296
-83886080
-67108864
-50331648
-33554432
