VFAT2	11
MIN	0
MAX	255
STEP	1
N	1000000
999249
17776610
34553389
51327138
68080876
84821959
101531800
118155491
134815742
151502183
168043568
184686360
201437545
218193114
234958910
251731892
268506332
285281508
302056242
318830404
335603135
352374695
369146598
385919746
402693780
419469280
436245352
453021648
469798195
486574599
503350941
520127177
536903070
553678702
570454385
587230015
604005048
620779802
637554593
654329693
671104734
687879655
704655371
721431509
738208189
754985057
771762214
788539533
805316892
822094324
838871840
855649261
872426816
889204272
905981673
922759061
939536394
956313692
973090941
989868139
1006645310
1023422420
1040199477
1056976470
1073753355
1090530330
1107307241
1124084154
1140861137
1157638214
1174415338
1191192516
1207969754
1224747005
1241524306
1258301574
1275078846
1291856041
1308633246
1325410366
1342187528
1358964677
1375741840
1392519003
1409296183
1426073375
1442850585
1459627795
1476405012
1493182227
1509959440
1526736658
1543513877
1560291092
1577068321
1593845560
1610622818
1627400101
1644177436
1660954780
1677732191
1694509677
1711287229
1728064642
1744842076
1761619385
1778396624
1795173627
1811950630
1828727601
1845504537
1862281467
1879058515
1895835570
1912612726
1929389892
1946167070
1962944285
1979721495
1996498706
2013275920
2030053136
2046830352
2063607568
2080384784
2097162000
2113939216
2130716432
-2147473644
-2130696432
-2113919216
-2097142000
-2080364784
-2063587568
-2046810352
-2030033136
-2013255920
-1996478704
-1979701488
-1962924272
-1946147052
-1929369840
-1912592624
-1895815408
-1879038192
-1862260976
-1845483760
-1828706544
-1811929328
-1795152112
-1778374896
-1761597680
-1744820464
-1728043248
-1711266032
-1694488816
-1677711600
-1660934384
-1644157168
-1627379952
-1610602736
-1593825520
-1577048304
-1560271088
-1543493872
-1526716656
-1509939440
-1493162224
-1476385008
-1459607792
-1442830572
-1426053360
-1409276144
-1392498928
-1375721712
-1358944496
-1342167280
-1325390064
-1308612848
-1291835632
-1275058416
-1258281200
-1241503984
-1224726768
-1207949552
-1191172336
-1174395120
-1157617904
-1140840688
-1124063472
-1107286260
-1090509052
-1073731888
-1056954815
-1040177842
-1023400899
-1006624561
-989848520
-973072540
-956296726
-939520983
-922745752
-905969456
-889192428
-872415232
-855638016
-838860800
-822083584
-805306368
-788529152
-771751936
-754974720
-738197504
-721420288
-704643072
-687865856
-671088640
-654311424
-637534208
-620756992
-603979776
-587202560
-570425344
-553648128
-536870912
-520093696
-503316480
-486539264
-469762048
-452984832
-436207616
-419430400
-402653184
-385875968
-369098752
-352321536
-335544320
-318767104
-301989888
-285212672
-268435456
-251658240
-234881024
-218103808
-201326592
-184549376
-167772160
-150994944
-134217728
-117440512
-100663296
-83886080
-67108864
-50331648
-33554432
