VFAT2	11
MIN	0
MAX	255
STEP	1
N	1000000
999457
17776918
34553901
51324117
68067028
84797564
101472928
118088308
134783291
151474236
168015546
184673017
201423010
218183415
234954308
251728587
268503629
285278580
302053017
318825056
335596368
352368880
369142435
385916706
402692129
419467943
436243366
453018826
469794644
486569918
503345630
520120291
536894949
553669915
570444841
587219588
603994580
620769949
637545993
654322308
671099091
687876143
704653365
721430691
738208040
754985567
771763052
788540491
805317984
822095474
838872895
855650260
872427565
889204839
905982091
922759274
939536431
956313547
973090652
989867653
1006644650
1023421455
1040198388
1056975297
1073752276
1090529334
1107306507
1124083714
1140860954
1157638231
1174415490
1191192783
1207969984
1224747138
1241524322
1258301455
1275078577
1291855742
1308632920
1325410088
1342187296
1358964508
1375741722
1392518939
1409296160
1426073424
1442850685
1459627992
1476405301
1493182820
1509960463
1526737664
1543515140
1560292610
1577069958
1593847215
1610624372
1627401331
1644178345
1660955253
1677732192
1694509173
1711286199
1728063361
1744840516
1761617704
1778394908
1795172113
1811949329
1828726544
1845503760
1862280976
1879058192
1895835408
1912612624
1929389840
1946167056
1962944272
1979721488
1996498704
2013275920
2030053136
2046830352
2063607568
2080384784
2097162000
2113939216
2130716432
-2147473648
-2130696432
-2113919216
-2097142000
-2080364780
-2063587568
-2046810352
-2030033136
-2013255920
-1996478704
-1979701488
-1962924272
-1946147056
-1929369840
-1912592624
-1895815408
-1879038192
-1862260976
-1845483760
-1828706544
-1811929328
-1795152112
-1778374896
-1761597680
-1744820464
-1728043248
-1711266032
-1694488816
-1677711600
-1660934384
-1644157168
-1627379952
-1610602736
-1593825520
-1577048304
-1560271088
-1543493872
-1526716656
-1509939440
-1493162224
-1476385008
-1459607792
-1442830576
-1426053360
-1409276144
-1392498928
-1375721712
-1358944500
-1342167284
-1325390068
-1308612872
-1291835712
-1275058556
-1258281536
-1241504544
-1224727916
-1207951522
-1191175152
-1174399007
-1157622436
-1140846009
-1124069918
-1107293976
-1090518072
-1073741496
-1056964492
-1040187364
-1023410168
-1006632960
-989855744
-973078528
-956301312
-939524096
-922746880
-905969664
-889192448
-872415228
-855638016
-838860800
-822083584
-805306368
-788529152
-771751936
-754974720
-738197504
-721420288
-704643072
-687865856
-671088640
-654311424
-637534208
-620756992
-603979776
-587202560
-570425344
-553648128
-536870912
-520093696
-503316480
-486539264
-469762048
-452984832
-436207616
-419430400
-402653184
-385875968
-369098752
-352321536
-335544320
-318767104
-301989888
-285212672
-268435456
-251658240
-234881024
-218103808
-201326592
-184549376
-167772160
-150994944
-134217728
-117440512
-100663296
-83886080
-67108864
-50331648
-33554432
