VFAT2	11
MIN	0
MAX	255
STEP	1
N	1000000
984625
17766043
34541685
51314463
68084339
84851705
101613291
118362315
135075798
151744718
168382969
184990046
201658895
218364509
235098925
251842664
268597231
285352739
302111827
318874473
335639469
352408407
369178039
385948415
402720203
419493241
436267426
453041472
469816900
486592154
503368561
520146203
536924083
553701536
570478939
587255430
604031416
620807510
637583632
654359851
671136061
687912347
704688254
721463625
738238897
755014504
771790127
788566175
805342543
822119008
838895830
855672740
872449650
889226513
906003401
922780010
939556859
956333638
973110086
989886241
1006662014
1023437811
1040213402
1056988628
1073763271
1090537644
1107313217
1124088992
1140864957
1157641130
1174417883
1191194709
1207971838
1224749007
1241526209
1258303511
1275080761
1291858013
1308635235
1325412415
1342189559
1358966707
1375743759
1392520783
1409297792
1426074709
1442851656
1459628582
1476405632
1493182666
1509959771
1526736963
1543514188
1560291468
1577068778
1593846075
1610623476
1627400915
1644178351
1660955781
1677733192
1694510613
1711287975
1728065308
1744842549
1761619750
1778396808
1795173896
1811950934
1828727853
1845504827
1862281821
1879058781
1895835858
1912612951
1929390043
1946167176
1962944353
1979721554
1996498737
2013275937
2030053149
2046830354
2063607571
2080384788
2097162000
2113939216
2130716432
-2147473647
-2130696432
-2113919216
-2097142000
-2080364784
-2063587568
-2046810352
-2030033136
-2013255920
-1996478704
-1979701488
-1962924272
-1946147056
-1929369840
-1912592624
-1895815408
-1879038192
-1862260976
-1845483760
-1828706543
-1811929326
-1795152110
-1778374881
-1761597665
-1744820415
-1728043151
-1711265854
-1694488509
-1677711071
-1660933639
-1644156124
-1627378597
-1610601041
-1593823571
-1577046207
-1560268955
-1543491755
-1526714735
-1509937749
-1493160826
-1476384006
-1459607044
-1442830154
-1426053117
-1409276021
-1392498871
-1375721687
-1358944486
-1342167275
-1325390063
-1308612848
-1291835632
-1275058416
-1258281200
-1241503984
-1224726764
-1207949552
-1191172336
-1174395120
-1157617904
-1140840601
-1124063106
-1107286246
-1090509040
-1073731824
-1056954604
-1040177388
-1023400176
-1006622960
-989845744
-973068528
-956291312
-939514096
-922736880
-905959664
-889182448
-872405232
-855628012
-838850800
-822073584
-805296368
-788519152
-771741936
-754964720
-738187500
-721410276
-704633080
-687856112
-671083212
-654311160
-637534204
-620756992
-603979776
-587202560
-570425344
-553648128
-536870912
-520093696
-503316480
-486539264
-469762048
-452984832
-436207616
-419430400
-402653184
-385875968
-369098752
-352321536
-335544320
-318767104
-301989888
-285212672
-268435456
-251658240
-234881024
-218103808
-201326592
-184549376
-167772160
-150994944
-134217728
-117440512
-100663296
-83886080
-67108864
-50331648
-33554432
