VFAT2	11
MIN	0
MAX	255
STEP	1
N	1000000
999512
17776972
34553953
51322239
68060843
84785770
101450745
118073252
134775088
151469419
168021340
184671532
201421420
218182218
234953451
251727589
268502556
285277577
302051280
318823082
335594828
352367714
369141512
385916369
402691666
419467017
436242862
453018211
469793395
486568183
503342905
520118059
536893023
553667551
570442325
587217348
603992947
620768875
637545215
654321936
671098907
687876130
704653403
721430842
738208262
754985745
771763285
788540820
805318280
822095691
838873051
855650364
872427634
889204888
905982077
922759245
939536367
956313449
973090468
989867403
1006644248
1023421215
1040198072
1056975092
1073752182
1090529274
1107306505
1124083755
1140861075
1157638332
1174415560
1191192776
1207969900
1224747052
1241524201
1258301336
1275078505
1291855693
1308632877
1325410076
1342187291
1358964512
1375741745
1392518991
1409296252
1426073591
1442850888
1459628295
1476405854
1493183288
1509960768
1526738169
1543515584
1560292790
1577069919
1593846937
1610623827
1627400754
1644177696
1660954688
1677731774
1694508920
1711286068
1728063268
1744840471
1761617682
1778394896
1795172112
1811949328
1828726544
1845503760
1862280976
1879058192
1895835408
1912612624
1929389840
1946167056
1962944272
1979721488
1996498704
2013275924
2030053136
2046830352
2063607568
2080384784
2097162000
2113939216
2130716432
-2147473648
-2130696432
-2113919216
-2097142000
-2080364784
-2063587564
-2046810352
-2030033136
-2013255920
-1996478704
-1979701488
-1962924272
-1946147056
-1929369840
-1912592624
-1895815408
-1879038192
-1862260976
-1845483760
-1828706540
-1811929323
-1795152112
-1778374896
-1761597680
-1744820464
-1728043248
-1711266032
-1694488816
-1677711600
-1660934384
-1644157168
-1627379952
-1610602736
-1593825519
-1577048318
-1560271140
-1543493872
-1526716656
-1509939440
-1493162224
-1476385008
-1459607792
-1442830576
-1426053364
-1409276144
-1392498936
-1375721716
-1358944536
-1342167384
-1325390244
-1308613200
-1291836380
-1275059799
-1258283306
-1241507088
-1224730671
-1207954299
-1191177778
-1174401579
-1157625518
-1140849556
-1124073083
-1107296144
-1090519008
-1073741816
-1056964608
-1040187392
-1023410176
-1006632960
-989855744
-973078528
-956301312
-939524096
-922746880
-905969664
-889192448
-872415232
-855638016
-838860800
-822083584
-805306368
-788529152
-771751936
-754974720
-738197504
-721420288
-704643072
-687865856
-671088640
-654311424
-637534208
-620756992
-603979776
-587202560
-570425344
-553648128
-536870912
-520093696
-503316480
-486539264
-469762048
-452984832
-436207616
-419430400
-402653184
-385875968
-369098752
-352321536
-335544320
-318767104
-301989888
-285212672
-268435456
-251658240
-234881024
-218103808
-201326592
-184549376
-167772160
-150994944
-134217728
-117440512
-100663296
-83886080
-67108864
-50331648
-33554432
