VFAT2	11
MIN	0
MAX	255
STEP	1
N	1000000
997923
17774972
34551285
51325838
68093740
84847576
101589824
118264290
134898520
151569147
168146523
184746667
201480783
218231710
234987881
251749741
268519183
285291315
302064083
318837364
335611012
352384694
369157790
385930176
402702638
419475842
436249828
453024886
469800796
486577315
503354262
520131114
536908139
553684903
570461773
587238553
604015289
620791882
637568241
654344237
671119838
687895223
704670922
721446562
738221896
754997236
771771711
788546451
805321594
822096906
838872643
855649018
872425911
889202898
905980267
922757653
939535074
956312508
973090005
989867497
1006644876
1023422310
1040199600
1056976904
1073754102
1090531301
1107308423
1124085475
1140862453
1157639493
1174416421
1191193353
1207970311
1224747343
1241524364
1258301442
1275078556
1291855765
1308633012
1325410262
1342187540
1358964812
1375742083
1392519376
1409296619
1426073849
1442850972
1459628140
1476405286
1493182422
1509959574
1526736748
1543513914
1560291115
1577068315
1593845527
1610622738
1627399953
1644177168
1660954384
1677731600
1694508816
1711286032
1728063248
1744840464
1761617680
1778394896
1795172113
1811949329
1828726546
1845503768
1862280992
1879058219
1895835479
1912612753
1929390083
1946167441
1962944854
1979722290
1996499805
2013277333
2030054723
2046832102
2063609322
2080386488
2097163503
2113940448
2130717362
-2147472972
-2130695990
-2113918967
-2097141841
-2080364704
-2063587523
-2046810331
-2030033125
-2013255918
-1996478704
-1979701488
-1962924272
-1946147056
-1929369840
-1912592624
-1895815408
-1879038192
-1862260976
-1845483760
-1828706544
-1811929283
-1795152073
-1778374537
-1761597680
-1744820464
-1728043248
-1711266032
-1694488816
-1677711600
-1660934384
-1644157168
-1627379952
-1610602736
-1593825520
-1577048304
-1560271088
-1543493872
-1526716656
-1509939440
-1493162224
-1476385008
-1459607792
-1442830576
-1426053360
-1409276144
-1392498928
-1375721712
-1358944492
-1342167280
-1325390064
-1308612848
-1291835632
-1275058416
-1258281200
-1241503984
-1224726768
-1207949552
-1191172336
-1174395120
-1157617904
-1140840688
-1124063472
-1107286256
-1090509040
-1073731824
-1056954608
-1040177392
-1023400176
-1006622960
-989845744
-973068528
-956291312
-939514096
-922736880
-905959664
-889182446
-872405231
-855628015
-838850862
-822074222
-805299044
-788526080
-771751824
-754974720
-738197504
-721420288
-704643072
-687865856
-671088640
-654311424
-637534204
-620756992
-603979776
-587202560
-570425344
-553648128
-536870912
-520093696
-503316480
-486539264
-469762048
-452984832
-436207616
-419430400
-402653184
-385875968
-369098752
-352321536
-335544320
-318767104
-301989888
-285212672
-268435456
-251658240
-234881024
-218103808
-201326592
-184549376
-167772160
-150994944
-134217728
-117440512
-100663296
-83886080
-67108864
-50331648
-33554432
