VFAT2	11
MIN	0
MAX	100
STEP	1
N	1000000
995744
17773660
34549797
51324514
68097893
84868307
101635419
118395381
135150251
151886933
168576772
185188080
201809303
218484225
235192598
251923377
268664045
285409603
302163697
318917811
335680840
352442146
369207227
385972669
402739747
419509152
436279040
453049196
469820341
486591801
503364793
520139413
536914073
553688819
570464592
587240761
604017338
620793868
637570859
654347584
671124345
687901245
704677614
721453893
738230047
755005762
771781718
788557333
805332809
822108125
838883131
855658333
872432819
889208174
905983609
922759780
939536258
956312901
973089896
989867067
1006644419
1023421809
1040199179
1056976498
1073753836
1090531087
1107308294
1124085455
1140862534
1157639617
1174416655
1191193718
1207970604
1224747620
1241524667
1258301701
1275078729
1291855886
1308633024
1325410232
1342187437
1358964690
1375741968
1392519269
1409296529
1426073914
1442851212
1459628498
1476405762
1493182945
1509960111
1526737291
1543514362
1560291469
1577068559
1593845693
1610622858
1627400012
1644177207
1660954405
