VFAT2	11
MIN	0
MAX	100
STEP	1
N	1000000
994364
17772738
34548981
51323428
68096353
84866019
101629340
118375750
135086249
151767038
168409741
185054372
201748396
218477684
235216810
251960746
268702502
285462295
302210516
318972051
335736516
352500709
369268173
386033914
402804043
419572295
436339978
453105755
469872679
486643541
503412756
520184291
536957320
553721890
570497657
587269768
604041975
620818033
637591510
654362774
671133442
687908481
704686341
721458317
738233619
755010785
771787899
788563003
805337594
822111350
838887217
855660723
872436054
889211446
905986035
922761905
939539160
956315473
973090761
989869143
1006646154
1023422503
1040199876
1056976779
1073754377
1090531403
1107308685
1124085258
1140863050
1157639509
1174416395
1191193800
1207970362
1224747385
1241524436
1258301510
1275078644
1291856083
1308633155
1325410343
1342187594
1358965050
1375742230
1392519548
1409296892
1426074156
1442851349
1459628561
1476405773
1493182915
1509960012
1526737140
1543514220
1560291357
1577068481
1593845698
1610622848
1627400017
1644177228
1660954433
