VFAT2	11
MIN	0
MAX	100
STEP	1
N	1000000
994191
17772020
34548502
51323109
68095615
84863007
101627267
118389857
135149855
151911258
168672090
185434014
202196827
218961007
235722959
252486744
269250211
286013983
302780281
319546486
336313794
353080574
369847756
386618012
403385698
420154808
436922860
453693448
470457942
487224728
503983736
520708201
537439919
554118982
570762178
587424371
604128867
620833234
637590369
654364700
671132223
687904759
704679927
721455974
738230209
755005677
771780951
788556032
805330801
822105872
838880563
855656243
872431921
889208194
905984251
922760782
939537383
956314343
973091250
989868216
1006645298
1023422379
1040199424
1056976627
1073753810
1090531076
1107308360
1124085636
1140862894
1157640196
1174417476
1191194703
1207971952
1224749195
1241526403
1258303561
1275080754
1291857894
1308634998
1325412036
1342189017
1358965949
1375742875
1392519842
1409296907
1426073838
1442850873
1459628003
1476405147
1493182298
1509959502
1526736683
1543513890
1560291093
1577068308
1593845520
1610622739
1627399952
1644177168
1660954384
