VFAT2	11
MIN	0
MAX	100
STEP	1
N	1000000
996964
17772655
34546422
51317632
68083745
84841095
101595218
118344638
135071188
151768651
168420194
185048245
201698993
218382931
235093611
251828566
268580784
285332853
302091055
318857921
335625400
352395453
369167027
385941214
402714540
419488476
436262431
453036577
469811365
486586848
503362187
520137246
536913196
553688578
570465049
587241130
604017850
620794426
637571000
654347843
671124671
687901623
704678256
721455016
738231478
755008043
771784540
788560598
805336570
822111815
838887667
855662910
872437908
889213201
905988800
922764167
939540240
956316342
973092643
989869298
1006645854
1023422711
1040199514
1056976253
1073753178
1090530084
1107307173
1124084262
1140861313
1157638403
1174415490
1191192655
1207969863
1224747068
1241524244
1258301502
1275078731
1291856092
1308633363
1325410759
1342188234
1358965517
1375743051
1392520403
1409297753
1426075056
1442852434
1459629708
1476406915
1493184128
1509961177
1526738111
1543515294
1560292135
1577069221
1593846255
1610623260
1627400286
1644177384
1660954505
