VFAT2	11
MIN	0
MAX	100
STEP	1
N	1000000
994405
17772533
34548881
51323117
68094720
84862137
101624482
118384458
135144576
151903429
168664752
185427549
202188375
218951856
235714689
252479615
269243424
286007781
302774164
319542266
336311098
353077328
369848265
386618142
403387493
420153766
436923412
453693687
470463591
487226724
503984373
520732364
537473565
554143180
570723738
587384154
604077257
620834507
637585233
654359889
671132217
687903823
704678483
721453890
738228618
755003385
771778371
788553093
805328077
822103509
838878811
855654886
872430983
889207183
905983794
922760456
939537271
956314241
973091201
989868201
1006645247
1023422355
1040199444
1056976644
1073753814
1090531051
1107308350
1124085618
1140862852
1157640156
1174417433
1191194679
1207971924
1224749162
1241526377
1258303577
1275080711
1291857807
1308634850
1325411805
1342188830
1358965716
1375742723
1392519706
1409296729
1426073785
1442850888
1459628023
1476405148
1493182316
1509959485
1526736694
1543513890
1560291102
1577068311
1593845521
1610622738
1627399953
1644177168
1660954384
