VFAT2	11
MIN	0
MAX	100
STEP	1
N	1000000
992776
17773133
34550033
51325102
68092016
84844363
101587925
118294846
134978915
151636435
168236470
184889448
201596482
218328450
235056651
251796697
268552228
285307319
302071107
318837496
335607014
352378238
369150895
385923687
402698471
419474227
436250399
453026947
469803672
486580471
503357336
520134307
536911073
553687951
570464579
587240993
604017087
620792849
637568449
654343722
671118773
687893393
704668324
721443456
738218653
754994521
771770226
788546489
805322825
822099150
838875833
855652408
872429210
889205978
905982900
922759922
939536820
956313956
973091013
989868100
1006645280
1023422435
1040199611
1056976852
1073754111
1090531374
1107308636
1124085895
1140863122
1157640367
1174417589
1191194819
1207972032
1224749233
1241526443
1258303593
1275080748
1291857843
1308634996
1325411972
1342188895
1358965881
1375742894
1392519836
1409296833
1426073817
1442850903
1459628054
1476405146
1493182300
1509959489
1526736679
1543513891
1560291094
1577068306
1593845520
1610622738
1627399953
1644177168
1660954388
