Type	threshold
OptoHybrid	0
VFAT2	10
min	0
max	255
step	1
n	10000
----
slot	10
ctrl0	55
ctrl1	0
ctrl2	48
ctrl3	0
iPreampIn	168
iPremapFeed	80
iPreampOut	150
iShaper	150
iShaperFeed	100
iComp	75
chipId0	139
chipId1	254
latency	0
vthreshold1	25
vthreshold2	0
vcal	0
calphase	0
----
9993
16787210
33564425
50341439
67116514
83891938
100667514
117443524
134220045
150996845
167773766
184550910
201327936
218105071
234882262
251659386
268436537
285213712
301990772
318767863
335545034
352322164
369099352
385876553
402653683
419430923
436208074
452985280
469762517
486539709
503316896
520094114
536871290
553648477
570425674
587202887
603980112
620757296
637534498
654311700
671088906
687866145
704643340
721420543
738197751
754974958
771752171
788529380
805306598
822083815
838861029
855638244
872415457
889192657
905969852
922747018
939524209
956301425
973078638
989855858
1006633088
1023410289
1040187503
1056964731
1073741937
1090519162
1107296368
1124073579
1140850807
1157628021
1174405230
1191182439
1207959655
1224736869
1241514093
1258291300
1275068516
1291845736
1308622948
1325400164
1342177388
1358954596
1375731816
1392509032
1409286248
1426063460
1442840676
1459617892
1476395108
1493172324
1509949544
1526726756
1543503972
1560281188
1577058404
1593835621
1610612836
1627390052
1644167270
1660944486
1677721707
1694498920
1711276136
1728053354
1744830569
1761607784
1778385003
1795162220
1811939428
1828716646
1845493860
1862271077
1879048293
1895825508
1912602726
1929379940
1946157156
1962934373
1979711589
1996488804
2013266020
2030043236
2046820452
2063597668
2080374884
2097152100
2113929316
2130706532
-2147483548
-2130706332
-2113929116
-2097151900
-2080374684
-2063597468
-2046820252
-2030043036
-2013265820
-1996488604
-1979711388
-1962934172
-1946156956
-1929379740
-1912602524
-1895825308
-1879048092
-1862270876
-1845493660
-1828716444
-1811939228
-1795162012
-1778384796
-1761607580
-1744830364
-1728053148
-1711275932
-1694498716
-1677721500
-1660944284
-1644167068
-1627389852
-1610612636
-1593835420
-1577058204
-1560280988
-1543503772
-1526726556
-1509949340
-1493172124
-1476394908
-1459617692
-1442840476
-1426063260
-1409286044
-1392508828
-1375731616
-1358954396
-1342177184
-1325399972
-1308622756
-1291845548
-1275068340
-1258291152
-1241513956
-1224736760
-1207959552
-1191182336
-1174405116
-1157627904
-1140850688
-1124073472
-1107296256
-1090519040
-1073741824
-1056964608
-1040187392
-1023410176
-1006632960
-989855744
-973078528
-956301312
-939524096
-922746880
-905969664
-889192448
-872415232
-855638016
-838860800
-822083584
-805306368
-788529152
-771751936
-754974720
-738197504
-721420288
-704643072
-687865856
-671088640
-654311424
-637534208
-620756992
-603979776
-587202560
-570425344
-553648128
-536870912
-520093696
-503316480
-486539264
-469762048
-452984832
-436207616
-419430400
-402653184
-385875968
-369098752
-352321536
-335544320
-318767104
-301989888
-285212672
-268435456
-251658240
-234881024
-218103808
-201326592
-184549376
-167772160
-150994944
-134217728
-117440512
-100663296
-83886080
-67108864
-50331648
-33554432
