Type	threshold
OptoHybrid	0
VFAT2	3
min	0
max	255
step	1
n	10000
----
slot	3
ctrl0	55
ctrl1	0
ctrl2	48
ctrl3	0
iPreampIn	168
iPremapFeed	80
iPreampOut	150
iShaper	150
iShaperFeed	100
iComp	75
chipId0	123
chipId1	254
latency	0
vthreshold1	25
vthreshold2	0
vcal	0
calphase	0
----
9817
16787154
33564380
50341600
67118800
83895571
100671560
117444959
134220573
150997227
167773624
184550636
201327623
218104775
234881930
251659027
268436217
285213413
301990566
318767748
335544949
352322109
369099309
385876527
402653682
419430877
436208041
452985253
469762452
486539652
503316877
520094064
536871269
553648477
570425694
587202908
603980108
620757322
637534531
654311742
671088950
687866170
704643372
721420566
738197784
754974963
771752148
788529339
805306517
822083692
838860908
855638120
872415332
889192548
905969766
922746982
939524197
956301414
973078628
989855847
1006633068
1023410285
1040187506
1056964714
1073741937
1090519150
1107296366
1124073585
1140850797
1157628018
1174405231
1191182445
1207959656
1224736873
1241514086
1258291301
1275068516
1291845733
1308622948
1325400164
1342177380
1358954596
1375731812
1392509028
1409286244
1426063460
1442840676
1459617892
1476395108
1493172324
1509949540
1526726756
1543503972
1560281188
1577058404
1593835620
1610612836
1627390052
1644167268
1660944484
1677721700
1694498916
1711276132
1728053348
1744830564
1761607780
1778384996
1795162212
1811939428
1828716644
1845493860
1862271076
1879048292
1895825508
1912602724
1929379940
1946157156
1962934372
1979711588
1996488804
2013266020
2030043236
2046820452
2063597668
2080374884
2097152100
2113929316
2130706532
-2147483548
-2130706332
-2113929116
-2097151900
-2080374684
-2063597468
-2046820252
-2030043036
-2013265820
-1996488603
-1979711387
-1962934172
-1946156956
-1929379740
-1912602524
-1895825306
-1879048090
-1862270875
-1845493656
-1828716440
-1811939224
-1795162007
-1778384793
-1761607579
-1744830363
-1728053148
-1711275932
-1694498715
-1677721500
-1660944284
-1644167068
-1627389852
-1610612636
-1593835420
-1577058204
-1560280988
-1543503772
-1526726556
-1509949340
-1493172124
-1476394908
-1459617692
-1442840476
-1426063260
-1409286044
-1392508828
-1375731612
-1358954396
-1342177180
-1325399964
-1308622748
-1291845532
-1275068316
-1258291100
-1241513884
-1224736668
-1207959452
-1191182236
-1174405020
-1157627804
-1140850588
-1124073372
-1107296156
-1090518940
-1073741724
-1056964508
-1040187292
-1023410076
-1006632860
-989855644
-973078428
-956301212
-939524008
-922746804
-905969648
-889192448
-872415232
-855638016
-838860800
-822083584
-805306368
-788529152
-771751936
-754974720
-738197504
-721420288
-704643072
-687865856
-671088640
-654311424
-637534208
-620756992
-603979776
-587202560
-570425344
-553648128
-536870912
-520093696
-503316480
-486539264
-469762048
-452984832
-436207616
-419430400
-402653184
-385875968
-369098752
-352321536
-335544320
-318767104
-301989888
-285212672
-268435456
-251658240
-234881024
-218103808
-201326592
-184549376
-167772160
-150994944
-134217728
-117440512
-100663296
-83886080
-67108864
-50331648
-33554432
