Type	threshold
OptoHybrid	1
VFAT2	4
min	0
max	255
step	1
n	10000
----
slot	4
ctrl0	55
ctrl1	0
ctrl2	48
ctrl3	0
iPreampIn	168
iPremapFeed	80
iPreampOut	150
iShaper	150
iShaperFeed	100
iComp	75
chipId0	180
chipId1	254
latency	0
vthreshold1	25
vthreshold2	0
vcal	0
calphase	0
----
9982
16787105
33563557
50339708
67114285
83890520
100666819
117443343
134220158
150996927
167773869
184550666
201328007
218104901
234882091
251659294
268436339
285213602
301990701
318767893
335545051
352322291
369099419
385876655
402653800
419430999
436208220
452985421
469762618
486539817
503316980
520094250
536871403
553648634
570425794
587203040
603980213
620757376
637534676
654311726
671089111
687866273
704643481
721420732
738197897
754975144
771752359
788529582
805306778
822084043
838861203
855638444
872415629
889192838
905969985
922747238
939524454
956301661
973078862
989856133
1006633314
1023410531
1040187711
1056964892
1073742120
1090519311
1107296567
1124073744
1140850939
1157628134
1174405374
1191182576
1207959786
1224736983
1241514181
1258291402
1275068614
1291845841
1308623035
1325400252
1342177435
1358954652
1375731861
1392509087
1409286285
1426063491
1442840694
1459617925
1476395137
1493172355
1509949569
1526726785
1543504001
1560281213
1577058429
1593835645
1610612861
1627390077
1644167293
1660944509
1677721725
1694498941
1711276157
1728053373
1744830589
1761607805
1778385021
1795162237
1811939453
1828716669
1845493885
1862271101
1879048317
1895825533
1912602749
1929379965
1946157181
1962934397
1979711613
1996488829
2013266045
2030043261
2046820477
2063597693
2080374909
2097152125
2113929341
2130706557
-2147483523
-2130706307
-2113929091
-2097151875
-2080374659
-2063597443
-2046820227
-2030043011
-2013265795
-1996488579
-1979711363
-1962934147
-1946156931
-1929379715
-1912602499
-1895825283
-1879048067
-1862270851
-1845493635
-1828716419
-1811939203
-1795161987
-1778384771
-1761607555
-1744830339
-1728053123
-1711275907
-1694498691
-1677721475
-1660944259
-1644167043
-1627389827
-1610612611
-1593835395
-1577058179
-1560280963
-1543503747
-1526726531
-1509949315
-1493172099
-1476394883
-1459617667
-1442840451
-1426063235
-1409286019
-1392508803
-1375731587
-1358954371
-1342177155
-1325399939
-1308622723
-1291845507
-1275068291
-1258291075
-1241513859
-1224736643
-1207959427
-1191182211
-1174404995
-1157627779
-1140850563
-1124073347
-1107296131
-1090518915
-1073741699
-1056964483
-1040187267
-1023410051
-1006632835
-989855619
-973078403
-956301187
-939523971
-922746755
-905969539
-889192323
-872415107
-855637891
-838860675
-822083459
-805306243
-788529027
-771751795
-754974579
-738197363
-721420149
-704642958
-687865754
-671088540
-654311324
-637534108
-620756912
-603979728
-587202560
-570425344
-553648128
-536870912
-520093696
-503316480
-486539264
-469762048
-452984832
-436207616
-419430400
-402653184
-385875968
-369098752
-352321536
-335544320
-318767104
-301989888
-285212672
-268435456
-251658240
-234881024
-218103808
-201326592
-184549376
-167772160
-150994944
-134217728
-117440512
-100663296
-83886080
-67108864
-50331648
-33554432
