VFAT2	11
MIN	0
MAX	255
STEP	1
N	1000000
995719
17773322
34549391
51323628
68095292
84860477
101620411
118353875
135032933
151694683
168304761
184885403
201582124
218314139
235054032
251803273
268560380
285320890
302083865
318852105
335622364
352392961
369164451
385936158
402709586
419483333
436257925
453033204
469808014
486583306
503358532
520134245
536910596
553687235
570463804
587240441
604017519
620794580
637571534
654348445
671125306
687901955
704678297
721454375
738230382
755006442
771782557
788558488
805334451
822110210
838885821
855660935
872435670
889210115
905985318
922760781
939536702
956313129
973089879
989866812
1006644080
1023421429
1040198877
1056976269
1073753693
1090531037
1107308360
1124085618
1140862796
1157639919
1174417006
1191194008
1207971005
1224747951
1241524985
1258302012
1275078950
1291855984
1308633085
1325410269
1342187410
1358964595
1375741849
1392519148
1409296427
1426073728
1442851049
1459628429
1476405681
1493182937
1509960237
1526737389
1543514545
1560291593
1577068709
1593845833
1610622957
1627400085
1644177237
1660954443
1677731618
1694508830
1711286033
1728063249
1744840464
1761617681
1778394896
1795172112
1811949328
1828726544
1845503760
1862280976
1879058192
1895835408
1912612624
1929389840
1946167056
1962944273
1979721488
1996498704
2013275920
2030053137
2046830356
2063607569
2080384793
2097162026
2113939272
2130716515
-2147473481
-2130696115
-2113918734
-2097141309
-2080363801
-2063586214
-2046808848
-2030031423
-2013254066
-1996476843
-1979699788
-1962922762
-1946145830
-1929368889
-1912591970
-1895814981
-1879037921
-1862260824
-1845483686
-1828706503
-1811929311
-1795152109
-1778374894
-1761597679
-1744820464
-1728043248
-1711266032
-1694488816
-1677711600
-1660934384
-1644157168
-1627379952
-1610602736
-1593825520
-1577048304
-1560271088
-1543493872
-1526716656
-1509939440
-1493162224
-1476385008
-1459607792
-1442830576
-1426053360
-1409276144
-1392498928
-1375721712
-1358944496
-1342167280
-1325390060
-1308612848
-1291835632
-1275058416
-1258281200
-1241503984
-1224726768
-1207949552
-1191172336
-1174395120
-1157617904
-1140840688
-1124063472
-1107286256
-1090509040
-1073731824
-1056954608
-1040177388
-1023400176
-1006622960
-989845744
-973068528
-956291312
-939514096
-922736880
-905959664
-889182448
-872405232
-855628016
-838850800
-822073584
-805296367
-788519151
-771741932
-754965512
-738193944
-721420172
-704643068
-687865856
-671088640
-654311424
-637534208
-620756992
-603979756
-587202560
-570425172
-553648128
-536870912
-520093696
-503316480
-486539264
-469762048
-452984832
-436207616
-419430400
-402653184
-385875968
-369098752
-352321536
-335544320
-318767104
-301989888
-285212672
-268435456
-251658240
-234881024
-218103808
-201326592
-184549376
-167772160
-150994944
-134217728
-117440512
-100663296
-83886080
-67108864
-50331648
-33554432
