VFAT2	11
MIN	0
MAX	255
STEP	1
N	1000000
996582
17773564
34549664
51323895
68095404
84861034
101617741
118332531
134992407
151605087
168151240
184816365
201539386
218281395
235029342
251783818
268544744
285307559
302075439
318844863
335616257
352387487
369159281
385932374
402706380
419480450
436255292
453029624
469804834
486580172
503356253
520132566
536909156
553685909
570462800
587239910
604016980
620793982
637571072
654347870
671124460
687900541
704676424
721452531
738228497
755004605
771780382
788556230
805331275
822106242
838880500
855654852
872430161
889205469
905981456
922758068
939534869
956311991
973089257
989866604
1006644063
1023421493
1040198970
1056976420
1073753827
1090531121
1107308409
1124085532
1140862696
1157639738
1174416753
1191193681
1207970657
1224747618
1241524646
1258301639
1275078742
1291855869
1308632982
1325410175
1342187378
1358964613
1375741854
1392519182
1409296499
1426073829
1442851129
1459628486
1476405821
1493183078
1509960236
1526737345
1543514501
1560291614
1577068713
1593845760
1610622912
1627400071
1644177225
1660954423
1677731612
1694508827
1711286038
1728063248
1744840464
1761617681
1778394896
1795172112
1811949328
1828726544
1845503760
1862280976
1879058192
1895835408
1912612624
1929389840
1946167056
1962944272
1979721488
1996498704
2013275924
2030053138
2046830354
2063607577
2080384795
2097162028
2113939276
2130716556
-2147473448
-2130696071
-2113918643
-2097141182
-2080363693
-2063586151
-2046808629
-2030031286
-2013253941
-1996476687
-1979699610
-1962922639
-1946145693
-1929368789
-1912591917
-1895814940
-1879037892
-1862260768
-1845483182
-1828706504
-1811929314
-1795152106
-1778374896
-1761597680
-1744820463
-1728043248
-1711266032
-1694488816
-1677711600
-1660934384
-1644157168
-1627379952
-1610602736
-1593825520
-1577048304
-1560271088
-1543493868
-1526716656
-1509939440
-1493162224
-1476385008
-1459607792
-1442830576
-1426053360
-1409276144
-1392498928
-1375721712
-1358944496
-1342167280
-1325390064
-1308612848
-1291835632
-1275058416
-1258281200
-1241503984
-1224726768
-1207949552
-1191172336
-1174395120
-1157617904
-1140840688
-1124063472
-1107286256
-1090509040
-1073731824
-1056954608
-1040177392
-1023400176
-1006622960
-989845744
-973068528
-956291312
-939514096
-922736880
-905959664
-889182448
-872405232
-855628016
-838850800
-822073584
-805296366
-788519144
-771741964
-754965752
-738192692
-721419992
-704643072
-687865856
-671088640
-654311424
-637534208
-620756992
-603979776
-587202560
-570425344
-553648128
-536870912
-520093696
-503316480
-486539264
-469762048
-452984832
-436207616
-419430400
-402653184
-385875968
-369098752
-352321536
-335544320
-318767104
-301989888
-285212672
-268435456
-251658240
-234881024
-218103808
-201326592
-184549376
-167772160
-150994944
-134217728
-117440512
-100663296
-83886080
-67108864
-50331648
-33554432
