VFAT2	11
MIN	0
MAX	255
STEP	1
N	1000000
993253
17772984
34549736
51324187
68095631
84860901
101613596
118324912
134984830
151594797
168179083
184854222
201569787
218304531
235048684
251797408
268555330
285315252
302079002
318847117
335617359
352388695
369161260
385933644
402707193
419481502
436256699
453032128
469807502
486582948
503358437
520134323
536910606
553687203
570464038
587241038
604017944
620794550
637571116
654347134
671123332
687899364
704675377
721451569
738227643
755003766
771779743
788555198
805330641
822106160
838881743
855656822
872432417
889208724
905984660
922760975
939537403
956314016
973090525
989867323
1006643929
1023420885
1040197941
1056975124
1073752541
1090530047
1107307630
1124085101
1140862327
1157639432
1174416369
1191193232
1207970172
1224747058
1241524132
1258301252
1275078431
1291855650
1308632939
1325410391
1342188031
1358965704
1375743336
1392520684
1409297642
1426074581
1442851390
1459628146
1476405106
1493182229
1509959440
1526736656
1543513872
1560291088
1577068304
1593845520
1610622736
1627399952
1644177168
1660954384
1677731600
1694508816
1711286032
1728063248
1744840464
1761617680
1778394896
1795172112
1811949328
1828726548
1845503760
1862280981
1879058192
1895835408
1912612624
1929389840
1946167056
1962944272
1979721488
1996498704
2013275920
2030053136
2046830339
2063607378
2080383635
2097158472
2113934277
2130710464
-2147481976
-2130706356
-2113929216
-2097152000
-2080374784
-2063597568
-2046820352
-2030043136
-2013265920
-1996488704
-1979711488
-1962934272
-1946157056
-1929379840
-1912602624
-1895825408
-1879048192
-1862270976
-1845493760
-1828716544
-1811939328
-1795162112
-1778384896
-1761607680
-1744830464
-1728053248
-1711276032
-1694498816
-1677721600
-1660944384
-1644167168
-1627389952
-1610612736
-1593835520
-1577058304
-1560281088
-1543503872
-1526726656
-1509949440
-1493172224
-1476395008
-1459617792
-1442840576
-1426063360
-1409286144
-1392508928
-1375731712
-1358954496
-1342177280
-1325400064
-1308622848
-1291845632
-1275068416
-1258291200
-1241513984
-1224736768
-1207959552
-1191182336
-1174405120
-1157627904
-1140850688
-1124073472
-1107296256
-1090519040
-1073741824
-1056964608
-1040187392
-1023410176
-1006632960
-989855744
-973078528
-956301312
-939524096
-922746880
-905969664
-889192448
-872415232
-855638016
-838860800
-822083584
-805306368
-788529152
-771751936
-754974720
-738197504
-721420288
-704643072
-687865856
-671088640
-654311424
-637534208
-620756992
-603979776
-587202560
-570425344
-553648128
-536870912
-520093696
-503316480
-486539264
-469762048
-452984832
-436207616
-419430400
-402653184
-385875968
-369098752
-352321536
-335544320
-318767104
-301989888
-285212672
-268435456
-251658240
-234881024
-218103808
-201326592
-184549376
-167772160
-150994944
-134217728
-117440512
-100663296
-83886080
-67108864
-50331648
-33554432
