VFAT2	11
MIN	0
MAX	255
STEP	1
N	1000000
996055
17773440
34549586
51323870
68095406
84861324
101621287
118354185
135031004
151685153
168286055
184873907
201575551
218307061
235051329
251801687
268559741
285319717
302084583
318852527
335622159
352393188
369164233
385936083
402709334
419483546
436258346
453032949
469807864
486583016
503358236
520133978
536910074
553686631
570463429
587240187
604017166
620794189
637571315
654348331
671125048
687901642
704678129
721454249
738230155
755006209
771782148
788558392
805334223
822109932
838885295
855660868
872435329
889209927
905985168
922760407
939536393
956312834
973089595
989866748
1006644009
1023421378
1040198874
1056976293
1073753726
1090531009
1107308323
1124085619
1140862819
1157639988
1174417016
1191194048
1207971061
1224747984
1241524978
1258301935
1275079004
1291856022
1308633095
1325410238
1342187426
1358964618
1375741860
1392519089
1409296349
1426073651
1442851029
1459628376
1476405719
1493182931
1509960200
1526737443
1543514601
1560291708
1577068758
1593845908
1610623000
1627400119
1644177266
1660954452
1677731642
1694508833
1711286036
1728063255
1744840464
1761617682
1778394897
1795172116
1811949328
1828726544
1845503760
1862280976
1879058192
1895835505
1912612628
1929390308
1946167106
1962944272
1979721488
1996498704
2013275920
2030053136
2046830352
2063607572
2080384794
2097162025
2113939256
2130716519
-2147473513
-2130696158
-2113918785
-2097141386
-2080363933
-2063586323
-2046808864
-2030031426
-2013254077
-1996476781
-1979699688
-1962922638
-1946145662
-1929368723
-1912591770
-1895814845
-1879037830
-1862260787
-1845483645
-1828706491
-1811929304
-1795152100
-1778374892
-1761597680
-1744820464
-1728043248
-1711266032
-1694488816
-1677711600
-1660934384
-1644157168
-1627379952
-1610602736
-1593825520
-1577048304
-1560271088
-1543493872
-1526716656
-1509939440
-1493162224
-1476385008
-1459607792
-1442830576
-1426053360
-1409276144
-1392498928
-1375721712
-1358944496
-1342167280
-1325390064
-1308612848
-1291835632
-1275058416
-1258281200
-1241503984
-1224726768
-1207949552
-1191172336
-1174395120
-1157617904
-1140840688
-1124063472
-1107286256
-1090509040
-1073731824
-1056954608
-1040177392
-1023400176
-1006622956
-989845744
-973068528
-956291312
-939514096
-922736880
-905959664
-889182448
-872405232
-855628016
-838850800
-822073584
-805296367
-788519145
-771741956
-754965186
-738191204
-721419232
-704643072
-687865856
-671088640
-654311424
-637534208
-620756992
-603979776
-587202560
-570425344
-553648128
-536870912
-520093696
-503316480
-486539264
-469762048
-452984832
-436207616
-419430400
-402653184
-385875968
-369098752
-352321536
-335544320
-318767104
-301989888
-285212672
-268435456
-251658240
-234881024
-218103808
-201326592
-184549376
-167772160
-150994944
-134217728
-117440512
-100663296
-83886080
-67108864
-50331648
-33554432
