VFAT2	11
MIN	0
MAX	255
STEP	1
N	1000000
997414
17774546
34551338
51327241
68101246
84868896
101591312
118227768
134853967
151392981
168020669
184739101
201478268
218224639
234980729
251746761
268517793
285290942
302064452
318838790
335613130
352387445
369162258
385936054
402709983
419485043
436260193
453035121
469809170
486583674
503358662
520134255
536910432
553686947
570463680
587240477
604017479
620794466
637571134
654347773
671124298
687900197
704675657
721450966
738226471
755002183
771778165
788554177
805330372
822106551
838882758
855658722
872434312
889210413
905986336
922762186
939538408
956314908
973091801
989868579
1006645610
1023422668
1040199860
1056976922
1073754004
1090531068
1107308103
1124085077
1140861999
1157638958
1174415979
1191192933
1207969980
1224747031
1241524136
1258301306
1275078464
1291855661
1308632859
1325410072
1342187286
1358964503
1375741718
1392518943
1409296175
1426073421
1442850657
1459627920
1476405257
1493182501
1509959820
1526737143
1543514462
1560291765
1577069007
1593846235
1610623329
1627400502
1644177569
1660954669
1677731823
1694508979
1711286130
1728063296
1744840506
1761617695
1778394902
1795172113
1811949329
1828726545
1845503761
1862280976
1879058192
1895835408
1912612624
1929389840
1946167056
1962944272
1979721488
1996498704
2013275920
2030053136
2046830352
2063607568
2080384784
2097162002
2113939218
2130716440
-2147473638
-2130696409
-2113919179
-2097141882
-2080364602
-2063587247
-2046809893
-2030032422
-2013254975
-1996477399
-1979699950
-1962922560
-1946145059
-1929367708
-1912590545
-1895813361
-1879036279
-1862259291
-1845482369
-1828705497
-1811928516
-1795151558
-1778374549
-1761597460
-1744820363
-1728043179
-1711266014
-1694488803
-1677711599
-1660934381
-1644157168
-1627379952
-1610602736
-1593825520
-1577048304
-1560271088
-1543493872
-1526716656
-1509939440
-1493162224
-1476385008
-1459607792
-1442830576
-1426053360
-1409276144
-1392498928
-1375721712
-1358944496
-1342167246
-1325390027
-1308612518
-1291835632
-1275058416
-1258281200
-1241503984
-1224726768
-1207949552
-1191172336
-1174395120
-1157617904
-1140840688
-1124063472
-1107286256
-1090509040
-1073731824
-1056954608
-1040177392
-1023400176
-1006622960
-989845744
-973068528
-956291312
-939514096
-922736880
-905959664
-889182448
-872405231
-855628012
-838850794
-822073574
-805296367
-788519152
-771741956
-754965500
-738194132
-721420236
-704643072
-687865856
-671088640
-654311424
-637534208
-620756992
-603979776
-587202560
-570425344
-553648128
-536870912
-520093696
-503316480
-486539264
-469762048
-452984832
-436207616
-419430400
-402653184
-385875968
-369098752
-352321536
-335544320
-318767104
-301989888
-285212672
-268435456
-251658240
-234881024
-218103808
-201326592
-184549376
-167772160
-150994944
-134217728
-117440512
-100663296
-83886080
-67108864
-50331648
-33554432
