VFAT2	11
MIN	0
MAX	255
STEP	1
N	1000000
995956
17773464
34549647
51323972
68095090
84857692
101609374
118299222
134931787
151594495
168165687
184785482
201510973
218256429
235011944
251770897
268534494
285300608
302071694
318843840
335617158
352390389
369162293
385934947
402709013
419483826
436258639
453033258
469808266
486582913
503358232
520134059
536910376
553686996
570463876
587240991
604018052
620795063
637572096
654349007
671125485
687901680
704677666
721453596
738229438
755005494
771781633
788557722
805333698
822109326
838885041
855660366
872435292
889210134
905985244
922760888
939536874
956313192
973090079
989867154
1006644323
1023421737
1040199077
1056976521
1073753899
1090531186
1107308479
1124085698
1140862834
1157639948
1174416977
1191194001
1207970977
1224747942
1241524878
1258301842
1275078893
1291855976
1308633107
1325410183
1342187373
1358964579
1375741783
1392519050
1409296300
1426073599
1442850908
1459628205
1476405477
1493182794
1509960086
1526737318
1543514516
1560291631
1577068740
1593845854
1610622974
1627400128
1644177282
1660954467
1677731651
1694508840
1711286046
1728063251
1744840471
1761617681
1778394896
1795172112
1811949328
1828726544
1845503760
1862280976
1879058192
1895835408
1912612624
1929389840
1946167056
1962944272
1979721489
1996498704
2013275921
2030053137
2046830353
2063607570
2080384793
2097162015
2113939242
2130716489
-2147473521
-2130696209
-2113918823
-2097141394
-2080363964
-2063586470
-2046808918
-2030031434
-2013254069
-1996476806
-1979699620
-1962922519
-1946145554
-1929368630
-1912591754
-1895814798
-1879037780
-1862260743
-1845483640
-1828706465
-1811929298
-1795152101
-1778374889
-1761597677
-1744820462
-1728043244
-1711266032
-1694488816
-1677711600
-1660934380
-1644157168
-1627379952
-1610602736
-1593825520
-1577048304
-1560271088
-1543493872
-1526716656
-1509939440
-1493162216
-1476385008
-1459607792
-1442830576
-1426053360
-1409276144
-1392498928
-1375721712
-1358944413
-1342167003
-1325390040
-1308612848
-1291835632
-1275058416
-1258281200
-1241503984
-1224726768
-1207949552
-1191172336
-1174395120
-1157617904
-1140840688
-1124063472
-1107286256
-1090509040
-1073731824
-1056954608
-1040177392
-1023400176
-1006622960
-989845744
-973068528
-956291312
-939514096
-922736880
-905959664
-889182444
-872405232
-855628016
-838850800
-822073581
-805296357
-788519146
-771741970
-754965467
-738193876
-721420168
-704643072
-687865856
-671088640
-654311424
-637534208
-620756992
-603979776
-587202560
-570425344
-553648128
-536870912
-520093696
-503316480
-486539264
-469762048
-452984832
-436207616
-419430400
-402653184
-385875968
-369098752
-352321536
-335544320
-318767104
-301989888
-285212672
-268435456
-251658240
-234881024
-218103808
-201326592
-184549376
-167772160
-150994944
-134217728
-117440512
-100663296
-83886080
-67108864
-50331648
-33554432
