VFAT2	11
MIN	0
MAX	255
STEP	1
N	1000000
997183
17774305
34550881
51326475
68099461
84866337
101598057
118239466
134874335
151457133
168033919
184751242
201483636
218231996
234987610
251750489
268520122
285291631
302065238
318839493
335614214
352389015
369162796
385935699
402709849
419485157
436260012
453034686
469808875
486583106
503358396
520134257
536910367
553686870
570463805
587240688
604017728
620794729
637571700
654348581
671124943
687900983
704676598
721451986
738227206
755002917
771778603
788554705
805330847
822106833
838882939
855658686
872434328
889209697
905985652
922761620
939537715
956314670
973091258
989868296
1006645415
1023422618
1040199789
1056976979
1073754146
1090531216
1107308303
1124085366
1140862313
1157639249
1174416225
1191193200
1207970170
1224747248
1241524289
1258301405
1275078530
1291855679
1308632874
1325410080
1342187285
1358964508
1375741730
1392518950
1409296203
1426073432
1442850702
1459627940
1476405243
1493182517
1509959851
1526737148
1543514404
1560291647
1577068872
1593846003
1610623154
1627400290
1644177413
1660954536
1677731734
1694508870
1711286071
1728063264
1744840484
1761617687
1778394901
1795172112
1811949328
1828726544
1845503760
1862280980
1879058192
1895835408
1912612624
1929389840
1946167056
1962944272
1979721488
1996498704
2013275920
2030053136
2046830352
2063607568
2080384786
2097162002
2113939222
2130716444
-2147473626
-2130696374
-2113919098
-2097141818
-2080364476
-2063587086
-2046809587
-2030032099
-2013254558
-1996477116
-1979699653
-1962922220
-1946144935
-1929367757
-1912590662
-1895813660
-1879036684
-1862259727
-1845482800
-1828705900
-1811928902
-1795151888
-1778374771
-1761597619
-1744820432
-1728043237
-1711266028
-1694488815
-1677711600
-1660934384
-1644157168
-1627379952
-1610602736
-1593825520
-1577048304
-1560271088
-1543493872
-1526716656
-1509939440
-1493162224
-1476385008
-1459607792
-1442830576
-1426053360
-1409276144
-1392498928
-1375721712
-1358944496
-1342167280
-1325390064
-1308612848
-1291835632
-1275058416
-1258281200
-1241503984
-1224726768
-1207949552
-1191172336
-1174395120
-1157617904
-1140840688
-1124063472
-1107286256
-1090509040
-1073731824
-1056954608
-1040177392
-1023400176
-1006622960
-989845744
-973068528
-956291408
-939514096
-922736880
-905959664
-889182448
-872405232
-855628016
-838850795
-822073575
-805296353
-788519152
-771741940
-754965272
-738193648
-721420252
-704643072
-687865856
-671088640
-654311424
-637534208
-620756992
-603979776
-587202560
-570425344
-553648128
-536870912
-520093696
-503316480
-486539264
-469762048
-452984832
-436207616
-419430400
-402653184
-385875968
-369098752
-352321536
-335544320
-318767104
-301989888
-285212672
-268435456
-251658240
-234881024
-218103808
-201326592
-184549376
-167772160
-150994944
-134217728
-117440512
-100663296
-83886080
-67108864
-50331648
-33554432
