VFAT2	11
MIN	0
MAX	255
STEP	1
N	1000000
997750
17774953
34551943
51328759
68105329
84876559
101628698
118344848
135009984
151632565
168210066
184820192
201510114
218244314
234997485
251760507
268529717
285301986
302075309
318848738
335622385
352395255
369168461
385941247
402714811
419487684
436261631
453035927
469810061
486584503
503359476
520134810
536909902
553685402
570461233
587237402
604013267
620789360
637565285
654341646
671117996
687894056
704670359
721446944
738223536
755000293
771776860
788553508
805330443
822107223
838884048
855660935
872437756
889214551
905991077
922767485
939543656
956319874
973095793
989871781
1006647764
1023424415
1040200951
1056977686
1073754568
1090531407
1107308431
1124085406
1140862427
1157639278
1174416203
1191193162
1207970144
1224747174
1241524211
1258301333
1275078488
1291855671
1308632871
1325410073
1342187383
1358964553
1375742108
1392518988
1409296146
1426073366
1442850581
1459627800
1476405023
1493182254
1509959506
1526736744
1543514029
1560291295
1577068657
1593845946
1610623341
1627400756
1644178158
1660955517
1677732986
1694510289
1711287518
1728064702
1744841848
1761618972
1778396029
1795173063
1811950087
1828727123
1845504229
1862281278
1879058407
1895835536
1912612698
1929389886
1946167079
1962944286
1979721496
1996498708
2013275920
2030053137
2046830352
2063607568
2080384784
2097162000
2113939216
2130716432
-2147473648
-2130696432
-2113919216
-2097141999
-2080364784
-2063587567
-2046810352
-2030033135
-2013255918
-1996478699
-1979701472
-1962924241
-1946147001
-1929369776
-1912592485
-1895815194
-1879037887
-1862260502
-1845483113
-1828705608
-1811928134
-1795150602
-1778373157
-1761595751
-1744818375
-1728041038
-1711263759
-1694486567
-1677709455
-1660932407
-1644155385
-1627378423
-1610601483
-1593824500
-1577047615
-1560270605
-1543493584
-1526716491
-1509939360
-1493162178
-1476384992
-1459607788
-1442830572
-1426053358
-1409276144
-1392498928
-1375721712
-1358944496
-1342167280
-1325390064
-1308612848
-1291835632
-1275058416
-1258281200
-1241503984
-1224726768
-1207949552
-1191172336
-1174395120
-1157617903
-1140840683
-1124063469
-1107286245
-1090509033
-1073731813
-1056954593
-1040177377
-1023400168
-1006622957
-989845741
-973068528
-956291312
-939514096
-922736880
-905959664
-889182448
-872405232
-855628012
-838850800
-822073584
-805296368
-788519172
-771742340
-754968352
-738196564
-721420268
-704643072
-687865856
-671088640
-654311424
-637534208
-620756992
-603979776
-587202560
-570425344
-553648128
-536870912
-520093696
-503316480
-486539264
-469762048
-452984832
-436207616
-419430400
-402653184
-385875968
-369098752
-352321536
-335544320
-318767104
-301989888
-285212672
-268435456
-251658240
-234881024
-218103808
-201326592
-184549376
-167772160
-150994944
-134217728
-117440512
-100663296
-83886080
-67108864
-50331648
-33554432
