VFAT2	11
MIN	0
MAX	255
STEP	1
N	1000000
998579
17775709
34552910
51330109
68107253
84884269
101660525
118435724
135205136
151962391
168705123
185423504
202100598
218709418
235279182
251901293
268608355
285352557
302113150
318878242
335646261
352416707
369188144
385960676
402733722
419507509
436281779
453056897
469831790
486604546
503376412
520148331
536921296
553695266
570470027
587245230
604020975
620796776
637573125
654349660
671126306
687903174
704680014
721457041
738233766
755010514
771786951
788563624
805339732
822115803
838891809
855667795
872444184
889220245
905996450
922772769
939549534
956326192
973102844
989879569
1006656190
1023432859
1040209266
1056985719
1073762566
1090537640
1107313560
1124089937
1140866030
1157642467
1174419165
1191195665
1207972684
1224749673
1241526731
1258303849
1275080992
1291858179
1308635371
1325412561
1342189793
1358966992
1375744196
1392521398
1409298616
1426075842
1442852979
1459630170
1476407314
1493184492
1509961622
1526738728
1543515820
1560292984
1577070082
1593847374
1610624606
1627401785
1644179103
1660956329
1677733604
1694510934
1711288249
1728065477
1744842786
1761620019
1778397267
1795174502
1811951729
1828728930
1845506147
1862283341
1879060526
1895837655
1912614822
1929391972
1946169149
1962946268
1979723429
1996500603
2013277816
2030055069
2046832326
2063609574
2080386839
2097164136
2113941405
2130718685
-2147471351
-2130694068
-2113916815
-2097139566
-2080362340
-2063585098
-2046807874
-2030030648
-2013253434
-1996476218
-1979699015
-1962921822
-1946144635
-1929367461
-1912590291
-1895813145
-1879036006
-1862258897
-1845481825
-1828704771
-1811927730
-1795150644
-1778373702
-1761596664
-1744819607
-1728042541
-1711265485
-1694488449
-1677711315
-1660934183
-1644157042
-1627379876
-1610602685
-1593825492
-1577048292
-1560271080
-1543493871
-1526716655
-1509939439
-1493162224
-1476385008
-1459607789
-1442830576
-1426053360
-1409276144
-1392498928
-1375721712
-1358944496
-1342167280
-1325390064
-1308612848
-1291835632
-1275058416
-1258281200
-1241503984
-1224726768
-1207949552
-1191172336
-1174395120
-1157617904
-1140840688
-1124063472
-1107286256
-1090509040
-1073731824
-1056954608
-1040177392
-1023400176
-1006622960
-989845744
-973068528
-956291312
-939514096
-922736880
-905959664
-889182448
-872405232
-855628016
-838850800
-822073584
-805296368
-788519156
-771741940
-754965152
-738191360
-721419140
-704643016
-687865856
-671088640
-654311424
-637534208
-620756992
-603979776
-587202560
-570425344
-553648128
-536870912
-520093696
-503316480
-486539264
-469762048
-452984832
-436207616
-419430400
-402653184
-385875968
-369098752
-352321536
-335544320
-318767104
-301989888
-285212672
-268435456
-251658240
-234881024
-218103808
-201326592
-184549376
-167772160
-150994944
-134217728
-117440512
-100663296
-83886080
-67108864
-50331648
-33554432
