VFAT2	11
MIN	0
MAX	255
STEP	1
N	1000000
997541
17774635
34551391
51327636
68103193
84868956
101582895
118227513
134823881
151353281
168016280
184735684
201472263
218222457
234979378
251746568
268518289
285291755
302065455
318839607
335613477
352387038
369161135
385935445
402709868
419485317
436260340
453035074
469809292
486583980
503358590
520134328
536910452
553686842
570463548
587240338
604017042
620793865
637570400
654346551
671122910
687898758
704674560
721450358
738225815
755001424
771777270
788553616
805329962
822106128
838882456
855658927
872435070
889210898
905986851
922763030
939539331
956315467
973092001
989868868
1006645833
1023422814
1040199789
1056976866
1073753799
1090530826
1107307760
1124084735
1140861693
1157638651
1174415627
1191192709
1207969784
1224746946
1241524082
1258301246
1275078447
1291855647
1308632854
1325410070
1342187284
1358964499
1375741716
1392518937
1409296168
1426073393
1442850647
1459627893
1476405213
1493182471
1509959806
1526737140
1543514459
1560291788
1577069075
1593846329
1610623565
1627400711
1644177842
1660954889
1677731973
1694509121
1711286254
1728063376
1744840530
1761617716
1778394920
1795172129
1811949331
1828726549
1845503760
1862280976
1879058192
1895835408
1912612624
1929389840
1946167056
1962944272
1979721488
1996498704
2013275920
2030053136
2046830352
2063607568
2080384784
2097162000
2113939216
2130716433
-2147473646
-2130696422
-2113919189
-2097141951
-2080364704
-2063587430
-2046810099
-2030032765
-2013255348
-1996477861
-1979700463
-1962922928
-1946145444
-1929367995
-1912590618
-1895813293
-1879036079
-1862258893
-1845481855
-1828704833
-1811927938
-1795151008
-1778374084
-1761597142
-1744820079
-1728042997
-1711265909
-1694488769
-1677711576
-1660934376
-1644157167
-1627379950
-1610602735
-1593825520
-1577048304
-1560271088
-1543493872
-1526716656
-1509939440
-1493162224
-1476385008
-1459607792
-1442830576
-1426053360
-1409276144
-1392498928
-1375721712
-1358944496
-1342167280
-1325390064
-1308612848
-1291835632
-1275058416
-1258281200
-1241503984
-1224726768
-1207949552
-1191172336
-1174395120
-1157617904
-1140840688
-1124063472
-1107286256
-1090509040
-1073731872
-1056954652
-1040177392
-1023400176
-1006622960
-989845744
-973068528
-956291312
-939514096
-922736880
-905959664
-889182446
-872405223
-855628004
-838850794
-822073583
-805296368
-788519156
-771741984
-754965812
-738195060
-721420252
-704643072
-687865856
-671088640
-654311424
-637534208
-620756992
-603979776
-587202560
-570425344
-553648128
-536870912
-520093696
-503316480
-486539264
-469762048
-452984832
-436207616
-419430400
-402653184
-385875968
-369098752
-352321536
-335544320
-318767104
-301989888
-285212672
-268435456
-251658240
-234881024
-218103808
-201326592
-184549376
-167772160
-150994944
-134217728
-117440512
-100663296
-83886080
-67108864
-50331648
-33554432
