VFAT2	11
MIN	0
MAX	255
STEP	1
N	1000000
994570
17772696
34548455
51322073
68091950
84855038
101608763
118328223
134977159
151633430
168271127
184839150
201533046
218272892
235024253
251781180
268543417
285307230
302075905
318846751
335618684
352390194
369161731
385934332
402708149
419483012
436258221
453032918
469808137
486582862
503358014
520133941
536910462
553686998
570463974
587240993
604018090
620795153
637572205
654348956
671125445
687901659
704677726
721453843
738230004
755006196
771782416
788558644
805334881
822110687
838886689
855661475
872436237
889211204
905986260
922761550
939537253
956313527
973090010
989866876
1006643740
1023420920
1040198269
1056975640
1073753064
1090530510
1107307932
1124085319
1140862653
1157639901
1174417125
1191194184
1207971297
1224748269
1241525215
1258302219
1275079276
1291856253
1308633259
1325410419
1342187536
1358964718
1375741913
1392519175
1409296578
1426073917
1442851221
1459628608
1476405964
1493183292
1509960541
1526737789
1543514846
1560291905
1577068965
1593846051
1610623128
1627400195
1644177325
1660954471
1677731668
1694508855
1711286054
1728063261
1744840471
1761617686
1778394898
1795172112
1811949328
1828726544
1845503760
1862280976
1879058192
1895835408
1912612624
1929389840
1946167056
1962944272
1979721488
1996498706
2013275920
2030053138
2046830357
2063607581
2080384802
2097162033
2113939291
2130716581
-2147473378
-2130696039
-2113918666
-2097141222
-2080363668
-2063586187
-2046808733
-2030031434
-2013254148
-1996477038
-1979699989
-1962923063
-1946146128
-1929369173
-1912592149
-1895815156
-1879038043
-1862260879
-1845483716
-1828706528
-1811929321
-1795152110
-1778374895
-1761597680
-1744820464
-1728043248
-1711266032
-1694488816
-1677711600
-1660934384
-1644157168
-1627379952
-1610602736
-1593825520
-1577048304
-1560271088
-1543493872
-1526716656
-1509939440
-1493162224
-1476385008
-1459607792
-1442830576
-1426053356
-1409276144
-1392498928
-1375721712
-1358944496
-1342167280
-1325390064
-1308612848
-1291835594
-1275058364
-1258281031
-1241503984
-1224726768
-1207949548
-1191172332
-1174395120
-1157617904
-1140840688
-1124063472
-1107286256
-1090509040
-1073731824
-1056954608
-1040177392
-1023400176
-1006622960
-989845744
-973068528
-956291312
-939514096
-922736880
-905959664
-889182448
-872405232
-855628012
-838850800
-822073584
-805296368
-788519148
-771742008
-754966075
-738194644
-721420184
-704643072
-687865856
-671088640
-654311424
-637534208
-620756992
-603979776
-587202560
-570425344
-553648128
-536870912
-520093696
-503316480
-486539264
-469762048
-452984832
-436207616
-419430400
-402653184
-385875968
-369098752
-352321536
-335544320
-318767104
-301989888
-285212672
-268435456
-251658240
-234881024
-218103808
-201326592
-184549376
-167772160
-150994944
-134217728
-117440512
-100663296
-83886080
-67108864
-50331648
-33554432
