VFAT2	11
MIN	0
MAX	255
STEP	1
N	1000000
999684
17776885
34554144
51331328
68108559
84885654
101662759
118439921
135216389
151993105
168770250
185547098
202321797
219089184
235845191
252587733
269315019
286011424
302667390
319284910
335908001
352580155
369294757
386031478
402780083
419537680
436302326
453072016
469844205
486618242
503392579
520168114
536943391
553718480
570494625
587270783
604046468
620822616
637598559
654374318
671149831
687925049
704700399
721475532
738251131
755026978
771803250
788579942
805356955
822133831
838910893
855688025
872465150
889242131
906019253
922796281
939573035
956349750
973126353
989903102
1006679321
1023455755
1040232106
1057008434
1073784483
1090560807
1107336983
1124113396
1140889815
1157666218
1174442661
1191218927
1207995271
1224771595
1241547641
1258323901
1275099808
1291876134
1308652072
1325428323
1342204099
1358980559
1375756538
1392533105
1409309529
1426086167
1442862672
1459639431
1476416072
1493192748
1509969342
1526745644
1543522257
1560298939
1577075262
1593851808
1610628183
1627404863
1644181503
1660958249
1677734937
1694511861
1711288677
1728065608
1744842513
1761619534
1778396508
1795173496
1811950574
1828727598
1845504603
1862281643
1879058794
1895835823
1912612918
1929390066
1946167260
1962944413
1979721563
1996498758
2013275962
2030053159
2046830373
2063607574
2080384788
2097162002
2113939218
2130716434
-2147473647
-2130696432
-2113919216
-2097142000
-2080364783
-2063587568
-2046810352
-2030033136
-2013255920
-1996478704
-1979701488
-1962924272
-1946147056
-1929369796
-1912592559
-1895815079
-1879038191
-1862260976
-1845483760
-1828706544
-1811929328
-1795152112
-1778374892
-1761597680
-1744820464
-1728043248
-1711266032
-1694488816
-1677711600
-1660934384
-1644157168
-1627379952
-1610602736
-1593825520
-1577048304
-1560271088
-1543493872
-1526716656
-1509939440
-1493162224
-1476385008
-1459607792
-1442830576
-1426053360
-1409276144
-1392498928
-1375721712
-1358944496
-1342167280
-1325390064
-1308612848
-1291835632
-1275058416
-1258281200
-1241503984
-1224726768
-1207949552
-1191172336
-1174395120
-1157617904
-1140840688
-1124063471
-1107286256
-1090509040
-1073731824
-1056954608
-1040177392
-1023400176
-1006622960
-989845744
-973068528
-956291312
-939514096
-922736880
-905959664
-889182448
-872405232
-855628016
-838850800
-822073584
-805296368
-788519152
-771741936
-754964720
-738187504
-721410288
-704633072
-687855856
-671078644
-654301592
-637525996
-620754128
-603979624
-587202556
-570425344
-553648128
-536870912
-520093696
-503316480
-486539264
-469762048
-452984832
-436207616
-419430400
-402653184
-385875968
-369098752
-352321536
-335544320
-318767104
-301989888
-285212672
-268435456
-251658240
-234881024
-218103808
-201326592
-184549376
-167772160
-150994944
-134217728
-117440512
-100663296
-83886080
-67108864
-50331648
-33554432
