VFAT2	11
MIN	0
MAX	255
STEP	1
N	1000000
997308
17773543
34547600
51312394
68067939
84809922
101525764
118205278
134830518
151467037
168127660
184822085
201540022
218278211
235028343
251788274
268549203
285313367
302076648
318844776
335614227
352386223
369159704
385934171
402709093
419483055
436257378
453032399
469807451
486582633
503358280
520133932
536910279
553686574
570463487
587240329
604017101
620794267
637571174
654348164
671125115
687901907
704678696
721455372
738231991
755008183
771784358
788559587
805334562
822109017
838883309
855658303
872432943
889208413
905983996
922760070
939536664
956313256
973090227
989867379
1006644499
1023421669
1040198795
1056975838
1073752912
1090529910
1107306938
1124083990
1140861139
1157638450
1174415643
1191192761
1207969918
1224747085
1241524281
1258301547
1275078792
1291856135
1308633424
1325410783
1342188274
1358965615
1375743051
1392520457
1409297758
1426074997
1442852275
1459629416
1476406432
1493183473
1509960567
1526737561
1543514519
1560291567
1577068637
1593845724
1610622877
1627400067
1644177262
1660954408
1677731615
1694508820
1711286034
1728063248
1744840464
1761617680
1778394897
1795172112
1811949328
1828726548
1845503760
1862280976
1879058192
1895835408
1912612624
1929389840
1946167056
1962944272
1979721488
1996498704
2013275920
2030053138
2046830353
2063607572
2080384786
2097162004
2113939221
2130716449
-2147473630
-2130696417
-2113919192
-2097141953
-2080364703
-2063587475
-2046810204
-2030032892
-2013255376
-1996478282
-1979700990
-1962923719
-1946146331
-1929369045
-1912591678
-1895814444
-1879037240
-1862260001
-1845482851
-1828705773
-1811928700
-1795151624
-1778374491
-1761597382
-1744820265
-1728043105
-1711265936
-1694488757
-1677711560
-1660934357
-1644157140
-1627379948
-1610602733
-1593825515
-1577048302
-1560271088
-1543493870
-1526716656
-1509939440
-1493162224
-1476385008
-1459607792
-1442830576
-1426053360
-1409276144
-1392498928
-1375721712
-1358944496
-1342167280
-1325390064
-1308612848
-1291835632
-1275058416
-1258281200
-1241503984
-1224726768
-1207949552
-1191172336
-1174395120
-1157617904
-1140840688
-1124063472
-1107286256
-1090509040
-1073731824
-1056954608
-1040177392
-1023400176
-1006622960
-989845744
-973068528
-956291312
-939514096
-922736880
-905959664
-889182448
-872405232
-855628016
-838850800
-822073583
-805296362
-788519181
-771742364
-754969040
-738197028
-721420288
-704643072
-687865856
-671088640
-654311424
-637534208
-620756992
-603979776
-587202560
-570425344
-553648128
-536870912
-520093696
-503316480
-486539264
-469762048
-452984832
-436207616
-419430400
-402653184
-385875968
-369098752
-352321536
-335544320
-318767104
-301989888
-285212672
-268435456
-251658240
-234881024
-218103808
-201326592
-184549376
-167772160
-150994944
-134217728
-117440512
-100663296
-83886080
-67108864
-50331648
-33554432
