VFAT2	11
MIN	0
MAX	255
STEP	1
N	1000000
997275
17773365
34546429
51306407
68044749
84759837
101440270
118012225
134625782
151273386
167994898
184727750
201470008
218225887
234989479
251755783
268523513
285293539
302064000
318834900
335607377
352380960
369155865
385930628
402704776
419479356
436254802
453030194
469805327
486580730
503356807
520132852
536908993
553685610
570462465
587239610
604016861
620793936
637571112
654348157
671125205
687902079
704678405
721455306
738231332
755007223
771783161
788558129
805333569
822108324
838882606
855657511
872432769
889207854
905983724
922760312
939536629
956313323
973090394
989867390
1006644572
1023421761
1040198842
1056975961
1073752990
1090529961
1107307004
1124084041
1140861031
1157638206
1174415307
1191192437
1207969630
1224746896
1241524093
1258301294
1275078559
1291855859
1308633222
1325410564
1342187953
1358965380
1375742829
1392520130
1409297560
1426074960
1442852152
1459629360
1476406380
1493183407
1509960479
1526737419
1543514478
1560291473
1577068577
1593845648
1610622823
1627399997
1644177188
1660954398
1677731603
1694508820
1711286032
1728063248
1744840464
1761617684
1778394896
1795172112
1811949328
1828726544
1845503760
1862280976
1879058668
1895835490
1912612624
1929389844
1946167056
1962944272
1979721488
1996498704
2013275920
2030053136
2046830356
2063607568
2080384784
2097162000
2113939217
2130716438
-2147473635
-2130696406
-2113919186
-2097141941
-2080364680
-2063587385
-2046810056
-2030032724
-2013255326
-1996477840
-1979700449
-1962923080
-1946145729
-1929368553
-1912591335
-1895814358
-1879037262
-1862260317
-1845483258
-1828706233
-1811929125
-1795152003
-1778374841
-1761597648
-1744820446
-1728043240
-1711266028
-1694488815
-1677711600
-1660934384
-1644157168
-1627379952
-1610602736
-1593825520
-1577048304
-1560271088
-1543493872
-1526716656
-1509939440
-1493162224
-1476385008
-1459607792
-1442830576
-1426053360
-1409276144
-1392498928
-1375721712
-1358944496
-1342167280
-1325390064
-1308612848
-1291835632
-1275058416
-1258281200
-1241503984
-1224726768
-1207949552
-1191172336
-1174395120
-1157617904
-1140840688
-1124063472
-1107286256
-1090509040
-1073731824
-1056954608
-1040177392
-1023400176
-1006622960
-989845744
-973068528
-956291312
-939514096
-922736880
-905959664
-889182448
-872405232
-855628016
-838850800
-822073584
-805296365
-788519163
-771742420
-754970128
-738197320
-721420288
-704643072
-687865856
-671088640
-654311424
-637534208
-620756992
-603979776
-587202560
-570425344
-553648128
-536870912
-520093696
-503316480
-486539264
-469762048
-452984832
-436207616
-419430400
-402653184
-385875968
-369098752
-352321536
-335544320
-318767104
-301989888
-285212672
-268435456
-251658240
-234881024
-218103808
-201326592
-184549376
-167772160
-150994944
-134217728
-117440512
-100663296
-83886080
-67108864
-50331648
-33554432
