VFAT2	11
MIN	0
MAX	255
STEP	1
N	1000000
997159
17773490
34547389
51302867
68005852
84650358
101256114
117795117
134458428
151183999
167926281
184678679
201439004
218205396
234973532
251744696
268516658
285288019
302059904
318831403
335604446
352377905
369152737
385927686
402702651
419478010
436253231
453028677
469804065
486579997
503355982
520131789
536908601
553685465
570462390
587239582
604016881
620794148
637571248
654348363
671125232
687902080
704678600
721455200
738231437
755007147
771782850
788557418
805332517
822106867
838881581
855656434
872431695
889207130
905983188
922759574
939536048
956313023
973090161
989867319
1006644659
1023421875
1040199124
1056976242
1073753299
1090530311
1107307273
1124084252
1140861780
1157638372
1174415383
1191192499
1207969669
1224746841
1241524042
1258301243
1275078500
1291855727
1308633004
1325410353
1342187684
1358965083
1375742436
1392519877
1409297303
1426074580
1442851974
1459629110
1476406210
1493183267
1509960283
1526737255
1543514336
1560291403
1577068497
1593845652
1610622798
1627399987
1644177184
1660954389
1677731602
1694508816
1711286034
1728063248
1744840464
1761617680
1778394896
1795172112
1811949328
1828726544
1845503765
1862280976
1879058192
1895835412
1912612624
1929389840
1946167056
1962944272
1979721488
1996498704
2013275920
2030053136
2046830352
2063607568
2080384784
2097162002
2113939217
2130716435
-2147473643
-2130696416
-2113919189
-2097141925
-2080364653
-2063587343
-2046810008
-2030032609
-2013255158
-1996477694
-1979700211
-1962922842
-1946145569
-1929368431
-1912591369
-1895814419
-1879037369
-1862260437
-1845483398
-1828706305
-1811929198
-1795152044
-1778374860
-1761597669
-1744820457
-1728043247
-1711266032
-1694488816
-1677711600
-1660934384
-1644157168
-1627379952
-1610602736
-1593825520
-1577048304
-1560271088
-1543493872
-1526716656
-1509939440
-1493162224
-1476385008
-1459607792
-1442830576
-1426053360
-1409276144
-1392498928
-1375721712
-1358944496
-1342167280
-1325390064
-1308612848
-1291835632
-1275058416
-1258281200
-1241503984
-1224726768
-1207949552
-1191172336
-1174395120
-1157617904
-1140840683
-1124063472
-1107286256
-1090509040
-1073731824
-1056954608
-1040177392
-1023400172
-1006622960
-989845744
-973068528
-956291312
-939514096
-922736880
-905959664
-889182448
-872405232
-855628016
-838850800
-822073580
-805296363
-788519170
-771742499
-754970552
-738197400
-721420288
-704643072
-687865856
-671088640
-654311424
-637534184
-620756992
-603979776
-587202560
-570425344
-553648128
-536870912
-520093696
-503316480
-486539264
-469762048
-452984832
-436207616
-419430400
-402653184
-385875968
-369098752
-352321536
-335544320
-318767104
-301989888
-285212672
-268435456
-251658240
-234881024
-218103808
-201326592
-184549376
-167772160
-150994944
-134217728
-117440512
-100663296
-83886080
-67108864
-50331648
-33554432
