VFAT2	11
MIN	0
MAX	255
STEP	1
N	1000000
997140
17772968
34547359
51317904
68082651
84843607
101600758
118353044
135094901
151809771
168507856
185171503
201836651
218504772
235194399
251900408
268634468
285376530
302124106
318870193
335633604
352400328
369170906
385944100
402715982
419488064
436261419
453036116
469811143
486586486
503361862
520136553
536911870
553687793
570464121
587240616
604017277
620794286
637571273
654348275
671125344
687902195
704679111
721455763
738232517
755009076
771785363
788561468
805337237
822112960
838888439
855662689
872437398
889212453
905987566
922762671
939538731
956314970
973091337
989868034
1006644956
1023422022
1040199171
1056976256
1073753235
1090530270
1107307311
1124084399
1140861407
1157638477
1174415612
1191192740
1207969867
1224747043
1241524227
1258301503
1275078821
1291856113
1308633524
1325410851
1342188275
1358965686
1375743087
1392520528
1409297819
1426075150
1442852370
1459629552
1476406686
1493183643
1509960698
1526737590
1543514662
1560291611
1577068732
1593845771
1610622861
1627400050
1644177226
1660954417
1677731618
1694508827
1711286035
1728063248
1744840464
1761617680
1778394900
1795172112
1811949328
1828726544
1845503760
1862280976
1879058192
1895835412
1912612624
1929389840
1946167056
1962944272
1979721488
1996498704
2013275922
2030053137
2046830352
2063607568
2080384784
2097162002
2113939222
2130716435
-2147473640
-2130696412
-2113919188
-2097141961
-2080364722
-2063587475
-2046810249
-2030032910
-2013255670
-1996478347
-1979700956
-1962923661
-1946146272
-1929368900
-1912591644
-1895814300
-1879037025
-1862259807
-1845482701
-1828705766
-1811928647
-1795151562
-1778374434
-1761597367
-1744820278
-1728043140
-1711265924
-1694488730
-1677711552
-1660934345
-1644157142
-1627379926
-1610602729
-1593825518
-1577048302
-1560271088
-1543493872
-1526716656
-1509939440
-1493162224
-1476385004
-1459607788
-1442830572
-1426053360
-1409276144
-1392498928
-1375721704
-1358944496
-1342167280
-1325390064
-1308612848
-1291835632
-1275058416
-1258281200
-1241503976
-1224726768
-1207949300
-1191172332
-1174395120
-1157617904
-1140840684
-1124063472
-1107286256
-1090509040
-1073731824
-1056954608
-1040177384
-1023400176
-1006622960
-989845744
-973068524
-956291312
-939514096
-922736880
-905959663
-889182438
-872405223
-855628013
-838850799
-822073583
-805296388
-788519664
-771743940
-754971224
-738197144
-721420288
-704643068
-687865856
-671088640
-654311424
-637534208
-620756988
-603979764
-587202560
-570425344
-553648128
-536870912
-520093696
-503316480
-486539264
-469762048
-452984832
-436207616
-419430400
-402653184
-385875968
-369098752
-352321536
-335544320
-318767104
-301989888
-285212672
-268435456
-251658240
-234881024
-218103808
-201326592
-184549376
-167772160
-150994944
-134217728
-117440512
-100663296
-83886080
-67108864
-50331648
-33554432
