VFAT2	11
MIN	0
MAX	255
STEP	1
N	1000000
994009
17773150
34550139
51326075
68098895
84862962
101607263
118330426
135027659
151689802
168360906
185044653
201728870
218433750
235143008
251868566
268598184
285342541
302095121
318853975
335619150
352387189
369157083
385929249
402703281
419476720
436252070
453028086
469804084
486580324
503357175
520133812
536910637
553687519
570464144
587240827
604017456
620793776
637569718
654345278
671120908
687895011
704670092
721444935
738220196
754996385
771772035
788548106
805324037
822099926
838876566
855653042
872429644
889206575
905983157
922760134
939537114
956314146
973091183
989868269
1006645441
1023422532
1040199668
1056976831
1073754011
1090531191
1107308480
1124085725
1140862969
1157640239
1174417530
1191194752
1207971985
1224749175
1241526381
1258303563
1275080703
1291857854
1308634927
1325411948
1342189014
1358965893
1375742884
1392519915
1409296902
1426073890
1442851023
1459628109
1476405233
1493182346
1509959511
1526736706
1543513896
1560291101
1577068308
1593845524
1610622741
1627399955
1644177168
1660954385
1677731601
1694508816
1711286033
1728063248
1744840464
1761617680
1778394892
1795172112
1811949328
1828726544
1845503753
1862280972
1879058176
1895835388
1912612552
1929389757
1946167000
1962944144
1979721197
1996498348
2013275334
2030052004
2046829056
2063605488
2080381996
2097158396
2113934864
2130711184
-2147479832
-2130703836
-2113927268
-2097150544
-2080373687
-2063596992
-2046819908
-2030042868
-2013265744
-1996488636
-1979711456
-1962934256
-1946157048
-1929379836
-1912602620
-1895825408
-1879048192
-1862270976
-1845493760
-1828716544
-1811939328
-1795162112
-1778384896
-1761607680
-1744830464
-1728053243
-1711276032
-1694498816
-1677721600
-1660944384
-1644167168
-1627389952
-1610612736
-1593835520
-1577058304
-1560281088
-1543503872
-1526726656
-1509949440
-1493172224
-1476395008
-1459617792
-1442840576
-1426063356
-1409286144
-1392508928
-1375731712
-1358954496
-1342177280
-1325400064
-1308622848
-1291845632
-1275068416
-1258291200
-1241513984
-1224736768
-1207959552
-1191182336
-1174405120
-1157627904
-1140850688
-1124073472
-1107296256
-1090519040
-1073741824
-1056964608
-1040187392
-1023410176
-1006632960
-989855744
-973078528
-956301312
-939524096
-922746880
-905969664
-889192448
-872415232
-855638016
-838860800
-822083584
-805306368
-788529152
-771751936
-754974720
-738197504
-721420288
-704643072
-687865856
-671088640
-654311424
-637534208
-620756992
-603979776
-587202560
-570425344
-553648128
-536870912
-520093696
-503316480
-486539264
-469762048
-452984832
-436207616
-419430400
-402653184
-385875968
-369098752
-352321536
-335544320
-318767104
-301989888
-285212672
-268435456
-251658240
-234881024
-218103808
-201326592
-184549376
-167772160
-150994944
-134217728
-117440512
-100663296
-83886080
-67108864
-50331648
-33554432
