VFAT2	11
MIN	0
MAX	255
STEP	1
N	1000000
994505
17773297
34550057
51325313
68088185
84838166
101545730
118210414
134851635
151418203
168084076
184774759
201505831
218245075
235007862
251763465
268525910
285292776
302061313
318831482
335603455
352375772
369149393
385924096
402698920
419474492
436250375
453026977
469803583
486580210
503357015
520133803
536910752
553687583
570464451
587241250
604018074
620794671
637570763
654346748
671122245
687897338
704671949
721447064
738221986
754996918
771772592
788548530
805324705
822100758
838877043
855653435
872429946
889206432
905983262
922760099
939537003
956314144
973091113
989868259
1006645377
1023422522
1040199611
1056976735
1073753930
1090531109
1107308416
1124085668
1140862894
1157640199
1174417445
1191194697
1207971944
1224749186
1241526374
1258303551
1275080765
1291857903
1308634959
1325412097
1342189193
1358966124
1375743127
1392520102
1409297100
1426074106
1442851153
1459628196
1476405322
1493182463
1509959567
1526736746
1543513919
1560291121
1577068322
1593845537
1610622742
1627399956
1644177171
1660954387
1677731600
1694508817
1711286036
1728063248
1744840464
1761617680
1778394896
1795172112
1811949328
1828726544
1845503756
1862280976
1879058180
1895835408
1912612604
1929389784
1946167016
1962944132
1979721356
1996498470
2013275388
2030052461
2046829554
2063605929
2080382653
2097158905
2113935332
2130711712
-2147479592
-2130703532
-2113927196
-2097150372
-2080373924
-2063597060
-2046819976
-2030042924
-2013265820
-1996488640
-1979711436
-1962934264
-1946157024
-1929379836
-1912602620
-1895825404
-1879048192
-1862270976
-1845493756
-1828716544
-1811939328
-1795162112
-1778384896
-1761607676
-1744830464
-1728053248
-1711276032
-1694498816
-1677721600
-1660944384
-1644167168
-1627389952
-1610612736
-1593835520
-1577058304
-1560281088
-1543503872
-1526726656
-1509949440
-1493172224
-1476395008
-1459617792
-1442840576
-1426063360
-1409286144
-1392508924
-1375731712
-1358954496
-1342177280
-1325400064
-1308622848
-1291845632
-1275068416
-1258291200
-1241513984
-1224736768
-1207959552
-1191182336
-1174405120
-1157627904
-1140850688
-1124073472
-1107296256
-1090519040
-1073741824
-1056964608
-1040187392
-1023410176
-1006632960
-989855744
-973078528
-956301312
-939524096
-922746880
-905969664
-889192448
-872415232
-855638016
-838860800
-822083584
-805306368
-788529152
-771751936
-754974720
-738197504
-721420288
-704643072
-687865856
-671088640
-654311424
-637534208
-620756992
-603979776
-587202560
-570425344
-553648128
-536870912
-520093696
-503316480
-486539264
-469762048
-452984832
-436207616
-419430400
-402653184
-385875968
-369098752
-352321536
-335544320
-318767104
-301989888
-285212672
-268435456
-251658240
-234881024
-218103808
-201326592
-184549376
-167772160
-150994944
-134217728
-117440512
-100663296
-83886080
-67108864
-50331648
-33554432
