VFAT2	11
MIN	0
MAX	255
STEP	1
N	1000000
995723
17773528
34550498
51325348
68085155
84833897
101574893
118262801
134938806
151558090
168151434
184819251
201531584
218271542
235022817
251780847
268541403
285302946
302067751
318834715
335604575
352376596
369149575
385923396
402698570
419474210
436250405
453027077
469803745
486580687
503357469
520134330
536911279
553688220
570465193
587241839
604018336
620794432
637570088
654345689
671121258
687896216
704671498
721446080
738221099
754996360
771771822
788547722
805323879
822100132
838876554
855653337
872429931
889206767
905983615
922760323
939537194
956314244
973091299
989868327
1006645438
1023422583
1040199700
1056976826
1073754013
1090531280
1107308499
1124085746
1140863018
1157640287
1174417523
1191194770
1207972008
1224749232
1241526429
1258303642
1275080808
1291857965
1308635113
1325412177
1342189226
1358966208
1375743189
1392520118
1409297076
1426074061
1442851051
1459628151
1476405231
1493182366
1509959526
1526736723
1543513904
1560291107
1577068309
1593845521
1610622738
1627399952
1644177169
1660954384
1677731600
1694508816
1711286032
1728063248
1744840464
1761617680
1778394896
1795172112
1811949328
1828726544
1845503756
1862280972
1879058192
1895835408
1912612620
1929389829
1946167044
1962944238
1979721397
1996498438
2013275457
2030052588
2046829464
2063606260
2080382760
2097159228
2113935404
2130711488
-2147479636
-2130703624
-2113927268
-2097150712
-2080373984
-2063597044
-2046820108
-2030043000
-2013265844
-1996488672
-1979711476
-1962934268
-1946157052
-1929379840
-1912602624
-1895825408
-1879048192
-1862270976
-1845493760
-1828716544
-1811939328
-1795162112
-1778384896
-1761607680
-1744830464
-1728053244
-1711276032
-1694498816
-1677721600
-1660944384
-1644167168
-1627389952
-1610612736
-1593835520
-1577058304
-1560281088
-1543503872
-1526726656
-1509949440
-1493172224
-1476395008
-1459617792
-1442840576
-1426063360
-1409286144
-1392508928
-1375731712
-1358954496
-1342177280
-1325400064
-1308622848
-1291845632
-1275068416
-1258291200
-1241513979
-1224736768
-1207959552
-1191182336
-1174405120
-1157627904
-1140850688
-1124073468
-1107296252
-1090519040
-1073741824
-1056964608
-1040187392
-1023410176
-1006632960
-989855744
-973078528
-956301312
-939524096
-922746880
-905969664
-889192448
-872415232
-855638012
-838860800
-822083584
-805306368
-788529152
-771751936
-754974720
-738197504
-721420288
-704643072
-687865856
-671088640
-654311424
-637534208
-620756992
-603979776
-587202560
-570425344
-553648128
-536870912
-520093696
-503316480
-486539264
-469762048
-452984832
-436207616
-419430400
-402653184
-385875968
-369098752
-352321536
-335544320
-318767104
-301989888
-285212672
-268435456
-251658240
-234881024
-218103808
-201326592
-184549376
-167772160
-150994944
-134217728
-117440512
-100663296
-83886080
-67108864
-50331648
-33554432
