Type	threshold
OptoHybrid	0
VFAT2	11
min	0
max	255
step	1
n	1000000
----
slot	11
ctrl0	55
ctrl1	0
ctrl2	48
ctrl3	0
iPreampIn	168
iPremapFeed	80
iPreampOut	150
iShaper	150
iShaperFeed	100
iComp	75
chipId0	175
chipId1	250
latency	0
vthreshold1	140
vthreshold2	0
vcal	0
calphase	0
----
995711
17772369
34547352
51318133
68010850
84627686
101177295
117748529
134431607
151157356
167905189
184663486
201427244
218194778
234965717
251739085
268513812
285287213
302060512
318833598
335606160
352379657
369153770
385927805
402701867
419476200
436250911
453026312
469802192
486578522
503355247
520132118
536909034
553686114
570463276
587240234
604017177
620794056
637570731
654347298
671123970
687900329
704676803
721453130
738229576
755005827
771782039
788557951
805333445
822108888
838884264
855659592
872435182
889210635
905986371
922762035
939538128
956314111
973090419
989867249
1006644215
1023421253
1040198535
1056975866
1073753017
1090530231
1107307393
1124084421
1140861530
1157638550
1174415609
1191192687
1207969787
1224746916
1241524071
1258301259
1275078472
1291855699
1308632951
1325410236
1342187567
1358964910
1375742254
1392519631
1409297008
1426074312
1442851612
1459628817
1476405956
1493183043
1509960093
1526737131
1543514183
1560291314
1577068438
1593845599
1610622780
1627399967
1644177182
1660954390
1677731603
1694508817
1711286036
1728063248
1744840464
1761617680
1778394900
1795172112
1811949328
1828726544
1845503760
1862280976
1879058193
1895835408
1912612628
1929389840
1946167062
1962944277
1979721493
1996498713
2013275930
2030053154
2046830372
2063607590
2080384830
2097162088
2113939319
2130716577
-2147473459
-2130696195
-2113918892
-2097141591
-2080364302
-2063587016
-2046809738
-2030032442
-2013255276
-1996478098
-1979700859
-1962923784
-1946146650
-1929369514
-1912592380
-1895815244
-1879038058
-1862260916
-1845483709
-1828706505
-1811929315
-1795152105
-1778374888
-1761597678
-1744820462
-1728043246
-1711266032
-1694488776
-1677711600
-1660934384
-1644157168
-1627379952
-1610602736
-1593825520
-1577048304
-1560271088
-1543493872
-1526716656
-1509939440
-1493162224
-1476385008
-1459607792
-1442830576
-1426053360
-1409276144
-1392498928
-1375721712
-1358944496
-1342167251
-1325389824
-1308612848
-1291835632
-1275058416
-1258281200
-1241503984
-1224726768
-1207949552
-1191172336
-1174395120
-1157617904
-1140840688
-1124063472
-1107286256
-1090509040
-1073731824
-1056954706
-1040177392
-1023400176
-1006622960
-989845744
-973068524
-956291312
-939514096
-922736880
-905959664
-889182448
-872405232
-855628016
-838850800
-822073584
-805296367
-788519146
-771742095
-754968228
-738196880
-721420288
-704643072
-687865856
-671088640
-654311424
-637534208
-620756992
-603979776
-587202560
-570425344
-553648128
-536870908
-520093696
-503316480
-486539264
-469762048
-452984832
-436207616
-419430400
-402653184
-385875968
-369098752
-352321536
-335544320
-318767104
-301989888
-285212672
-268435456
-251658240
-234881024
-218103808
-201326592
-184549376
-167772160
-150994944
-134217728
-117440512
-100663296
-83886080
-67108864
-50331648
-33554432
