Type	threshold
OptoHybrid	0
VFAT2	11
min	0
max	255
step	1
n	1000000
----
slot	11
ctrl0	55
ctrl1	0
ctrl2	48
ctrl3	0
iPreampIn	168
iPremapFeed	80
iPreampOut	150
iShaper	150
iShaperFeed	100
iComp	75
chipId0	175
chipId1	250
latency	0
vthreshold1	140
vthreshold2	0
vcal	0
calphase	0
----
995481
17771202
34544392
51313582
68022581
84617729
101168761
117784739
134467504
151177724
167916801
184668861
201430182
218197432
234967840
251740159
268513168
285286144
302058872
318831621
335604964
352378978
369152667
385927458
402701976
419477013
436252014
453027289
469803072
486579184
503355520
520132331
536909163
553686161
570463123
587240036
604016906
620793740
637570321
654346796
671123316
687899887
704676282
721452692
738229114
755005414
771781705
788557584
805333661
822109498
838885179
855660864
872436755
889212920
905988459
922764666
939540562
956316765
973092974
989869292
1006645960
1023422544
1040199411
1056976328
1073753293
1090530285
1107307236
1124084288
1140861332
1157638434
1174415468
1191192588
1207969758
1224746921
1241524139
1258301450
1275078612
1291855928
1308633229
1325410553
1342187945
1358965303
1375742701
1392520062
1409297399
1426074642
1442851889
1459628956
1476406087
1493183106
1509960147
1526737192
1543514217
1560291335
1577068549
1593845598
1610622777
1627399978
1644177189
1660954386
1677731601
1694508816
1711286034
1728063248
1744840464
1761617684
1778394896
1795172112
1811949328
1828726548
1845503760
1862280976
1879058192
1895835898
1912612716
1929389841
1946167058
1962944276
1979721494
1996498713
2013275928
2030053152
2046830380
2063607611
2080384840
2097162070
2113939341
2130716573
-2147473452
-2130696184
-2113918859
-2097141602
-2080363972
-2063586988
-2046809754
-2030032483
-2013255341
-1996478065
-1979700910
-1962923768
-1946146639
-1929369537
-1912592341
-1895815219
-1879038086
-1862260915
-1845483704
-1828706516
-1811929308
-1795152100
-1778374891
-1761597679
-1744820461
-1728043248
-1711266032
-1694488816
-1677711600
-1660934380
-1644157168
-1627379952
-1610602736
-1593825520
-1577048304
-1560271088
-1543493872
-1526716656
-1509939440
-1493162224
-1476385008
-1459607792
-1442830576
-1426053360
-1409276144
-1392498928
-1375721712
-1358944496
-1342167276
-1325390064
-1308612848
-1291835632
-1275058416
-1258281200
-1241503984
-1224726768
-1207949552
-1191172336
-1174395120
-1157617904
-1140840688
-1124063472
-1107286256
-1090509040
-1073731824
-1056954608
-1040177392
-1023400176
-1006622960
-989845744
-973068528
-956291312
-939514096
-922736880
-905959664
-889182448
-872405232
-855628016
-838850796
-822073584
-805296368
-788519144
-771742121
-754968008
-738196776
-721420284
-704643072
-687865856
-671088640
-654311424
-637534208
-620756992
-603979776
-587202560
-570425344
-553648128
-536870912
-520093696
-503316480
-486539264
-469762048
-452984832
-436207616
-419430400
-402653184
-385875968
-369098752
-352321536
-335544320
-318767104
-301989888
-285212672
-268435456
-251658240
-234881024
-218103808
-201326592
-184549376
-167772160
-150994944
-134217728
-117440512
-100663296
-83886080
-67108864
-50331648
-33554432
