Type	threshold
OptoHybrid	0
VFAT2	11
min	0
max	255
step	1
n	1000000
----
slot	11
ctrl0	55
ctrl1	0
ctrl2	48
ctrl3	0
iPreampIn	168
iPremapFeed	80
iPreampOut	150
iShaper	150
iShaperFeed	100
iComp	75
chipId0	175
chipId1	250
latency	0
vthreshold1	140
vthreshold2	0
vcal	0
calphase	0
----
995544
17771198
34544542
51313411
68019041
84607544
101163346
117782817
134460897
151178198
167915350
184669156
201429970
218197473
234967894
251740321
268513061
285286024
302058762
318831882
335604829
352378265
369152808
385927441
402702008
419477016
436251995
453027371
469802781
486579087
503355542
520132318
536909221
553686127
570463167
587239989
604017003
620793658
637570322
654346930
671123289
687899768
704676252
721452672
738229124
755005513
771781812
788557879
805333686
822109676
838885245
855660943
872436800
889212468
905988417
922764470
939540590
956316639
973092964
989869292
1006645866
1023422679
1040199466
1056976446
1073753231
1090530248
1107307248
1124084221
1140861308
1157638403
1174415434
1191192586
1207969747
1224747010
1241524127
1258301363
1275078613
1291855881
1308633212
1325410591
1342187893
1358965319
1375742709
1392520000
1409297388
1426074663
1442851847
1459628991
1476405986
1493183130
1509960055
1526737146
1543514195
1560291310
1577068453
1593845603
1610622776
1627399968
1644177171
1660954388
1677731601
1694509207
1711286141
1728063340
1744840464
1761617680
1778394896
1795172112
1811949328
1828726544
1845503760
1862281469
1879058282
1895835408
1912612625
1929389842
1946167059
1962944273
1979721490
1996498713
2013275934
2030053151
2046830378
2063607601
2080384832
2097162057
2113939330
2130716551
-2147473459
-2130696193
-2113918892
-2097141598
-2080364307
-2063587026
-2046809738
-2030032492
-2013255267
-1996478055
-1979700958
-1962923799
-1946146672
-1929369527
-1912592406
-1895815246
-1879038080
-1862260878
-1845483703
-1828706517
-1811929307
-1795152099
-1778374886
-1761597676
-1744820461
-1728043248
-1711266032
-1694488816
-1677711600
-1660934384
-1644157168
-1627379952
-1610602736
-1593825520
-1577048304
-1560271088
-1543493872
-1526716656
-1509939440
-1493162224
-1476385008
-1459607792
-1442830576
-1426053360
-1409276144
-1392498928
-1375721712
-1358944496
-1342167280
-1325390064
-1308612848
-1291835632
-1275058416
-1258281200
-1241503984
-1224726768
-1207949552
-1191172336
-1174395120
-1157617904
-1140840688
-1124063472
-1107286256
-1090509040
-1073731824
-1056954608
-1040177392
-1023400176
-1006622960
-989845744
-973068528
-956291312
-939514096
-922736880
-905959664
-889182448
-872405232
-855628016
-838850800
-822073584
-805296366
-788519149
-771742078
-754968140
-738197112
-721420288
-704643072
-687865856
-671088640
-654311424
-637534208
-620756992
-603979776
-587202560
-570425344
-553648128
-536870912
-520093696
-503316480
-486539264
-469762048
-452984832
-436207616
-419430400
-402653184
-385875968
-369098752
-352321536
-335544320
-318767104
-301989888
-285212672
-268435456
-251658240
-234881024
-218103808
-201326592
-184549376
-167772160
-150994944
-134217728
-117440512
-100663296
-83886080
-67108864
-50331648
-33554432
