Type	threshold
OptoHybrid	0
VFAT2	11
min	0
max	255
step	1
n	1000000
----
slot	11
ctrl0	55
ctrl1	0
ctrl2	48
ctrl3	0
iPreampIn	168
iPremapFeed	80
iPreampOut	150
iShaper	150
iShaperFeed	100
iComp	75
chipId0	175
chipId1	250
latency	0
vthreshold1	140
vthreshold2	0
vcal	0
calphase	0
----
995772
17772400
34547273
51316447
68002546
84608756
101137032
117737820
134428392
151156407
167903912
184662222
201426061
218194466
234965693
251738958
268513323
285287064
302059868
318833037
335605875
352379009
369153225
385927334
402701595
419476067
436250888
453026374
469802284
486578456
503355225
520132080
536909106
553686146
570463129
587240230
604017166
620793979
637570740
654347288
671123731
687900270
704676728
721453093
738229374
755005819
771781779
788557747
805333632
822109291
838884298
855659669
872435341
889211160
905986497
922762294
939538163
956314295
973090673
989867378
1006644255
1023421383
1040198626
1056975831
1073753018
1090530202
1107307249
1124084329
1140861337
1157638409
1174415485
1191192569
1207969739
1224746885
1241524058
1258301281
1275078481
1291855723
1308632975
1325410239
1342187553
1358964887
1375742220
1392519585
1409296991
1426074249
1442851472
1459628612
1476405750
1493182883
1509959930
1526736998
1543514080
1560291228
1577068403
1593845558
1610622764
1627399966
1644177175
1660954387
1677731601
1694508816
1711286032
1728063248
1744840464
1761617680
1778394896
1795172116
1811949328
1828726544
1845503760
1862280976
1879058192
1895835408
1912612624
1929389840
1946167132
1962944279
1979721488
1996498704
2013275920
2030053144
2046830357
2063607574
2080384799
2097162038
2113939275
2130716563
-2147473452
-2130696159
-2113918821
-2097141480
-2080364095
-2063586781
-2046809428
-2030032173
-2013254978
-1996477897
-1979700692
-1962923658
-1946146601
-1929369514
-1912592429
-1895815280
-1879038107
-1862260942
-1845483740
-1828706515
-1811929303
-1795152094
-1778374889
-1761597677
-1744820464
-1728043247
-1711265718
-1694488746
-1677711599
-1660934384
-1644157168
-1627379952
-1610602736
-1593825520
-1577048304
-1560271088
-1543493872
-1526716656
-1509939440
-1493162224
-1476385008
-1459607792
-1442830576
-1426053360
-1409276144
-1392498928
-1375721712
-1358944496
-1342166935
-1325390064
-1308612848
-1291835632
-1275058416
-1258281200
-1241503984
-1224726768
-1207949552
-1191172336
-1174395120
-1157617904
-1140840688
-1124063472
-1107286256
-1090509040
-1073731824
-1056954608
-1040177392
-1023400176
-1006622960
-989845744
-973068524
-956291312
-939514096
-922736880
-905959664
-889182448
-872405232
-855628016
-838850800
-822073584
-805296364
-788519152
-771742132
-754968104
-738196816
-721420284
-704643067
-687865856
-671088640
-654311424
-637534208
-620756992
-603979776
-587202560
-570425344
-553648128
-536870912
-520093696
-503316480
-486539264
-469762048
-452984832
-436207616
-419430400
-402653184
-385875968
-369098752
-352321536
-335544320
-318767104
-301989888
-285212672
-268435456
-251658240
-234881024
-218103808
-201326592
-184549376
-167772160
-150994944
-134217728
-117440512
-100663296
-83886080
-67108864
-50331648
-33554432
