Type	threshold
OptoHybrid	0
VFAT2	11
min	0
max	255
step	1
n	1000000
----
slot	11
ctrl0	55
ctrl1	0
ctrl2	48
ctrl3	0
iPreampIn	168
iPremapFeed	80
iPreampOut	150
iShaper	150
iShaperFeed	100
iComp	75
chipId0	175
chipId1	250
latency	0
vthreshold1	140
vthreshold2	0
vcal	0
calphase	0
----
995531
17771247
34544617
51313035
68020546
84611534
101163265
117787247
134463939
151177673
167915209
184668367
201429371
218196991
234967908
251739943
268513104
285285945
302058590
318831970
335604767
352378493
369152962
385927420
402702087
419476734
436251731
453027321
469802910
486579104
503355555
520132312
536909263
553686131
570463111
587240065
604016914
620793726
637570271
654346962
671123380
687899796
704676267
721452547
738229023
755005318
771781758
788557904
805333816
822109433
838885140
855660777
872436824
889212559
905988763
922764581
939540794
956316780
973092999
989869212
1006645831
1023422618
1040199373
1056976366
1073753342
1090530242
1107307261
1124084213
1140861267
1157638413
1174415448
1191192567
1207969726
1224746936
1241524143
1258301370
1275078588
1291855896
1308633193
1325410565
1342187921
1358965308
1375742701
1392520076
1409297353
1426074672
1442851853
1459628982
1476406008
1493183096
1509960085
1526737132
1543514192
1560291310
1577068439
1593845603
1610622787
1627399982
1644177179
1660954385
1677731603
1694508816
1711286032
1728063248
1744840464
1761617680
1778394896
1795172112
1811949328
1828726544
1845503761
1862280976
1879058192
1895835408
1912612624
1929389840
1946167058
1962944275
1979721494
1996498710
2013275930
2030053157
2046830384
2063607614
2080384842
2097162068
2113939331
2130716598
-2147473462
-2130696171
-2113918886
-2097141584
-2080364311
-2063587008
-2046809744
-2030032419
-2013255263
-1996478079
-1979700941
-1962923785
-1946146665
-1929369539
-1912592395
-1895815256
-1879038078
-1862260901
-1845483716
-1828706508
-1811929301
-1795152097
-1778374886
-1761597586
-1744820463
-1728043247
-1711266029
-1694488816
-1677711599
-1660934384
-1644157168
-1627379952
-1610602736
-1593825520
-1577048304
-1560271088
-1543493872
-1526716656
-1509939440
-1493162224
-1476385008
-1459607792
-1442830576
-1426053360
-1409276140
-1392498568
-1375721712
-1358944496
-1342167280
-1325390064
-1308612844
-1291835632
-1275058416
-1258281200
-1241503984
-1224726768
-1207949552
-1191172336
-1174395120
-1157617904
-1140840688
-1124063515
-1107286256
-1090509040
-1073731824
-1056954608
-1040177392
-1023400176
-1006622960
-989845744
-973068528
-956291312
-939514096
-922736880
-905959664
-889182448
-872405232
-855628016
-838850800
-822073584
-805296367
-788519152
-771742189
-754968352
-738196956
-721420280
-704643072
-687865856
-671088640
-654311424
-637534208
-620756992
-603979776
-587202560
-570425344
-553648128
-536870912
-520093696
-503316480
-486539264
-469762048
-452984832
-436207616
-419430400
-402653184
-385875968
-369098752
-352321536
-335544320
-318767104
-301989888
-285212672
-268435456
-251658240
-234881024
-218103808
-201326592
-184549376
-167772160
-150994944
-134217728
-117440512
-100663296
-83886080
-67108864
-50331648
-33554432
