Type	threshold
OptoHybrid	1
VFAT2	11
min	0
max	255
step	1
n	1000000
----
slot	11
ctrl0	55
ctrl1	0
ctrl2	48
ctrl3	0
iPreampIn	168
iPremapFeed	80
iPreampOut	150
iShaper	150
iShaperFeed	100
iComp	75
chipId0	175
chipId1	254
latency	0
vthreshold1	141
vthreshold2	0
vcal	0
calphase	0
----
993926
17771023
34546960
51322629
68082165
84756514
101392374
117976822
134574860
151249223
167963154
184696447
201446753
218206752
234973286
251742549
268513233
285284359
302055541
318827359
335600026
352373321
369147494
385922147
402697425
419473286
436249488
453025539
469801927
486577989
503354434
520130702
536906952
553683319
570459490
587235864
604012141
620788034
637564403
654340342
671116617
687893005
704669363
721445977
738222737
754999397
771776070
788552761
805329100
822105462
838881617
855657933
872433805
889209878
905986266
922762557
939538909
956315350
973091973
989868968
1006645791
1023422753
1040199740
1056976771
1073753897
1090530920
1107308038
1124085125
1140862300
1157639543
1174416785
1191194018
1207971295
1224748482
1241525636
1258302793
1275079853
1291856945
1308633909
1325410924
1342187968
1358965011
1375742078
1392519181
1409296338
1426073478
1442850649
1459627843
1476405026
1493182244
1509959446
1526736662
1543513872
1560291092
1577068306
1593845522
1610622736
1627399952
1644177168
1660954384
1677731600
1694508816
1711286032
1728063248
1744840464
1761617680
1778394896
1795172112
1811949328
1828726544
1845503760
1862280972
1879058184
1895835404
1912612589
1929389792
1946166948
1962944112
1979721212
1996498244
2013275076
2030051773
2046828500
2063604912
2080381184
2097157584
2113933465
2130709676
-2147481284
-2130704764
-2113928148
-2097151312
-2080374388
-2063597296
-2046820232
-2030043088
-2013265864
-1996488688
-1979711488
-1962934268
-1946157056
-1929379840
-1912602624
-1895825408
-1879048192
-1862270972
-1845493760
-1828716544
-1811939328
-1795162112
-1778384896
-1761607680
-1744830464
-1728053248
-1711276032
-1694498816
-1677721600
-1660944384
-1644167168
-1627389952
-1610612736
-1593835520
-1577058304
-1560281088
-1543503872
-1526726656
-1509949440
-1493172224
-1476395008
-1459617792
-1442840576
-1426063360
-1409286144
-1392508928
-1375731712
-1358954496
-1342177280
-1325400064
-1308622848
-1291845632
-1275068416
-1258291200
-1241513984
-1224736768
-1207959552
-1191182336
-1174405120
-1157627904
-1140850688
-1124073472
-1107296256
-1090519040
-1073741824
-1056964608
-1040187392
-1023410176
-1006632960
-989855744
-973078528
-956301312
-939524096
-922746880
-905969664
-889192448
-872415232
-855638016
-838860800
-822083584
-805306368
-788529152
-771751936
-754974720
-738197504
-721420288
-704643072
-687865856
-671088640
-654311424
-637534208
-620756992
-603979776
-587202560
-570425344
-553648128
-536870912
-520093696
-503316480
-486539264
-469762048
-452984832
-436207616
-419430400
-402653184
-385875968
-369098752
-352321536
-335544320
-318767104
-301989888
-285212672
-268435456
-251658240
-234881024
-218103808
-201326592
-184549376
-167772160
-150994944
-134217728
-117440512
-100663296
-83886080
-67108864
-50331648
-33554432
