Type	threshold
OptoHybrid	1
VFAT2	11
min	0
max	255
step	1
n	1000000
----
slot	11
ctrl0	55
ctrl1	0
ctrl2	48
ctrl3	0
iPreampIn	168
iPremapFeed	80
iPreampOut	150
iShaper	150
iShaperFeed	100
iComp	75
chipId0	175
chipId1	254
latency	0
vthreshold1	141
vthreshold2	0
vcal	0
calphase	0
----
993756
17770895
34546896
51321887
68087065
84777560
101415620
118005772
134597985
151267936
167973783
184704585
201452559
218210316
234975647
251744235
268513593
285284679
302055824
318827503
335600151
352373675
369147469
385922130
402697925
419473365
436249465
453025454
469801722
486578127
503354297
520130588
536906881
553683258
570459422
587235719
604011766
620787739
637563675
654340118
671116264
687892728
704669301
721445904
738222625
754999381
771775862
788552604
805329097
822105391
838881679
855657758
872433800
889210081
905986206
922762445
939538969
956315315
973092022
989868857
1006645742
1023422677
1040199764
1056976804
1073753870
1090530933
1107308056
1124085204
1140862347
1157639595
1174416859
1191194040
1207971312
1224748459
1241525626
1258302658
1275079760
1291856764
1308633803
1325410805
1342187885
1358964903
1375742032
1392519137
1409296308
1426073457
1442850645
1459627850
1476405030
1493182236
1509959452
1526736659
1543513874
1560291093
1577068307
1593845520
1610622736
1627399952
1644177168
1660954384
1677731600
1694508816
1711286032
1728063248
1744840464
1761617680
1778394896
1795172116
1811949328
1828726536
1845503760
1862280960
1879058180
1895835396
1912612580
1929389760
1946166948
1962944056
1979721204
1996498088
2013275004
2030051937
2046828352
2063604796
2080381198
2097157380
2113933524
2130709798
-2147481164
-2130704728
-2113927920
-2097151320
-2080374380
-2063597352
-2046820192
-2030043040
-2013265864
-1996488688
-1979711488
-1962934272
-1946157052
-1929379836
-1912602624
-1895825408
-1879048192
-1862270976
-1845493760
-1828716544
-1811939328
-1795162108
-1778384896
-1761607680
-1744830464
-1728053248
-1711276032
-1694498816
-1677721600
-1660944384
-1644167168
-1627389952
-1610612736
-1593835520
-1577058304
-1560281088
-1543503872
-1526726656
-1509949440
-1493172224
-1476395008
-1459617792
-1442840576
-1426063360
-1409286144
-1392508928
-1375731712
-1358954496
-1342177280
-1325400064
-1308622848
-1291845632
-1275068416
-1258291200
-1241513984
-1224736768
-1207959552
-1191182336
-1174405120
-1157627904
-1140850684
-1124073472
-1107296256
-1090519040
-1073741824
-1056964608
-1040187392
-1023410176
-1006632960
-989855744
-973078528
-956301312
-939524096
-922746880
-905969664
-889192448
-872415232
-855638016
-838860800
-822083584
-805306368
-788529152
-771751936
-754974720
-738197504
-721420288
-704643072
-687865856
-671088640
-654311424
-637534208
-620756992
-603979776
-587202560
-570425344
-553648128
-536870912
-520093696
-503316480
-486539264
-469762048
-452984832
-436207616
-419430400
-402653184
-385875968
-369098752
-352321536
-335544320
-318767104
-301989888
-285212672
-268435456
-251658240
-234881024
-218103808
-201326592
-184549376
-167772160
-150994944
-134217728
-117440512
-100663296
-83886080
-67108864
-50331648
-33554432
