Type	threshold
OptoHybrid	1
VFAT2	11
min	0
max	255
step	1
n	1000000
----
slot	11
ctrl0	55
ctrl1	0
ctrl2	48
ctrl3	0
iPreampIn	168
iPremapFeed	80
iPreampOut	150
iShaper	150
iShaperFeed	100
iComp	75
chipId0	175
chipId1	254
latency	0
vthreshold1	141
vthreshold2	0
vcal	0
calphase	0
----
993813
17770912
34546832
51321709
68085361
84753986
101395282
117985303
134582241
151259187
167968361
184699274
201448735
218207277
234973864
251743410
268513559
285284147
302055437
318827319
335599934
352373763
369147449
385922226
402697640
419473393
436249291
453025454
469801805
486578040
503354231
520130840
536906999
553683329
570459482
587235782
604011907
620788171
637564036
654340160
671116332
687892790
704669309
721445937
738222516
754999662
771776230
788552914
805329152
822105512
838881694
855657776
872433922
889210015
905986265
922762372
939538932
956315219
973092001
989868805
1006645648
1023422652
1040199739
1056976779
1073753862
1090530942
1107308052
1124085188
1140862342
1157639615
1174416826
1191194083
1207971239
1224748503
1241525637
1258302749
1275079766
1291856819
1308633789
1325410832
1342187902
1358964919
1375742039
1392519145
1409296293
1426073451
1442850639
1459627835
1476405032
1493182244
1509959450
1526736659
1543513876
1560291089
1577068305
1593845520
1610622737
1627399952
1644177168
1660954384
1677731600
1694508816
1711286032
1728063248
1744840464
1761617680
1778394896
1795172108
1811949328
1828726540
1845503756
1862280972
1879058184
1895835384
1912612576
1929389777
1946166944
1962944044
1979721081
1996498205
2013275104
2030051724
2046828420
2063604968
2080381100
2097157412
2113933540
2130709869
-2147481276
-2130704784
-2113928104
-2097151288
-2080374352
-2063597352
-2046820224
-2030043064
-2013265876
-1996488680
-1979711480
-1962934268
-1946157056
-1929379836
-1912602624
-1895825408
-1879048192
-1862270976
-1845493760
-1828716544
-1811939328
-1795162112
-1778384896
-1761607680
-1744830464
-1728053248
-1711276032
-1694498816
-1677721600
-1660944384
-1644167168
-1627389952
-1610612736
-1593835520
-1577058304
-1560281088
-1543503872
-1526726656
-1509949440
-1493172224
-1476395008
-1459617792
-1442840576
-1426063360
-1409286144
-1392508928
-1375731712
-1358954496
-1342177280
-1325400064
-1308622848
-1291845632
-1275068416
-1258291200
-1241513984
-1224736768
-1207959552
-1191182336
-1174405120
-1157627904
-1140850688
-1124073472
-1107296256
-1090519040
-1073741824
-1056964608
-1040187392
-1023410176
-1006632960
-989855744
-973078528
-956301312
-939524096
-922746880
-905969664
-889192448
-872415232
-855638016
-838860800
-822083584
-805306368
-788529152
-771751936
-754974720
-738197504
-721420288
-704643072
-687865856
-671088640
-654311424
-637534208
-620756992
-603979776
-587202560
-570425344
-553648128
-536870912
-520093696
-503316480
-486539264
-469762048
-452984832
-436207616
-419430400
-402653184
-385875968
-369098752
-352321536
-335544320
-318767104
-301989888
-285212672
-268435456
-251658240
-234881024
-218103808
-201326592
-184549376
-167772160
-150994944
-134217728
-117440512
-100663296
-83886080
-67108864
-50331648
-33554432
