Type	threshold
OptoHybrid	1
VFAT2	11
min	0
max	255
step	1
n	1000000
----
slot	11
ctrl0	55
ctrl1	0
ctrl2	48
ctrl3	0
iPreampIn	168
iPremapFeed	80
iPreampOut	150
iShaper	150
iShaperFeed	100
iComp	75
chipId0	175
chipId1	254
latency	0
vthreshold1	141
vthreshold2	0
vcal	0
calphase	0
----
993669
17771051
34546985
51321903
68086708
84773133
101409596
117996881
134593764
151263992
167970955
184702277
201450366
218209236
234974488
251743421
268513980
285284593
302055713
318827659
335600171
352373572
369147632
385922292
402697641
419473330
436249355
453025370
469801619
486577967
503354404
520130865
536907058
553683007
570459246
587235737
604011849
620787739
637563752
654339994
671116077
687892713
704669319
721445903
738222668
754999390
771776026
788552559
805329122
822105416
838881692
855657885
872434103
889209941
905986288
922762516
939538908
956315409
973091987
989868898
1006645695
1023422698
1040199716
1056976806
1073753818
1090530869
1107307994
1124085161
1140862347
1157639551
1174416791
1191194052
1207971248
1224748522
1241525626
1258302730
1275079840
1291856836
1308633861
1325410896
1342187936
1358964966
1375742080
1392519197
1409296325
1426073465
1442850650
1459627830
1476405022
1493182233
1509959449
1526736664
1543513874
1560291088
1577068304
1593845520
1610622736
1627399952
1644177168
1660954384
1677731600
1694508816
1711286032
1728063248
1744840464
1761617680
1778394896
1795172112
1811949328
1828726544
1845503760
1862280976
1879058188
1895835380
1912612592
1929389796
1946166956
1962944088
1979721280
1996498208
2013275168
2030051992
2046828509
2063604949
2080381136
2097157548
2113933608
2130709805
-2147481352
-2130704820
-2113928132
-2097151324
-2080374320
-2063597324
-2046820184
-2030043072
-2013265872
-1996488680
-1979711484
-1962934272
-1946157056
-1929379840
-1912602624
-1895825408
-1879048192
-1862270976
-1845493760
-1828716544
-1811939328
-1795162112
-1778384896
-1761607680
-1744830464
-1728053248
-1711276032
-1694498816
-1677721600
-1660944384
-1644167168
-1627389952
-1610612736
-1593835520
-1577058304
-1560281088
-1543503872
-1526726656
-1509949440
-1493172224
-1476395008
-1459617792
-1442840576
-1426063360
-1409286144
-1392508928
-1375731712
-1358954496
-1342177280
-1325400064
-1308622848
-1291845632
-1275068416
-1258291200
-1241513984
-1224736768
-1207959552
-1191182336
-1174405120
-1157627904
-1140850688
-1124073472
-1107296256
-1090519040
-1073741824
-1056964608
-1040187392
-1023410176
-1006632960
-989855744
-973078528
-956301312
-939524096
-922746880
-905969664
-889192448
-872415232
-855638016
-838860800
-822083584
-805306368
-788529152
-771751936
-754974720
-738197504
-721420288
-704643072
-687865856
-671088640
-654311424
-637534208
-620756992
-603979776
-587202560
-570425344
-553648128
-536870912
-520093696
-503316480
-486539264
-469762048
-452984832
-436207616
-419430400
-402653184
-385875968
-369098752
-352321536
-335544320
-318767104
-301989888
-285212672
-268435456
-251658240
-234881024
-218103808
-201326592
-184549376
-167772160
-150994944
-134217728
-117440512
-100663296
-83886080
-67108864
-50331648
-33554432
