Type	threshold
OptoHybrid	1
VFAT2	11
min	0
max	255
step	1
n	1000000
----
slot	11
ctrl0	55
ctrl1	0
ctrl2	48
ctrl3	0
iPreampIn	168
iPremapFeed	80
iPreampOut	150
iShaper	150
iShaperFeed	100
iComp	75
chipId0	175
chipId1	254
latency	0
vthreshold1	141
vthreshold2	0
vcal	0
calphase	0
----
993653
17770923
34546884
51321783
68085694
84782017
101429093
118017990
134618268
151284466
167989121
184715071
201460156
218216011
234978646
251746257
268516260
285286436
302057632
318828793
335601388
352374295
369148131
385922789
402698252
419473650
436249907
453025755
469802037
486578116
503354457
520131119
536907263
553683560
570459846
587236289
604012172
620788415
637564781
654340972
671116971
687893388
704669793
721446486
738223052
754999753
771776216
788552852
805329419
822105639
838881906
855658126
872434268
889210282
905986492
922762740
939539212
956315705
973092264
989868958
1006645791
1023422785
1040199875
1056976773
1073753917
1090530933
1107308061
1124085151
1140862355
1157639562
1174416795
1191194004
1207971208
1224748437
1241525607
1258302760
1275079896
1291856881
1308633963
1325410959
1342188002
1358965076
1375742137
1392519306
1409296375
1426073524
1442850682
1459627869
1476405051
1493182270
1509959463
1526736670
1543513881
1560291094
1577068305
1593845521
1610622737
1627399952
1644177169
1660954385
1677731600
1694508816
1711286032
1728063248
1744840464
1761617680
1778394896
1795172112
1811949328
1828726544
1845503760
1862280968
1879058184
1895835368
1912612568
1929389760
1946166872
1962944060
1979721076
1996498088
2013274876
2030051760
2046828352
2063604824
2080381254
2097157384
2113933749
2130709896
-2147480928
-2130704716
-2113927867
-2097151164
-2080374228
-2063597256
-2046820160
-2030042984
-2013265852
-1996488660
-1979711456
-1962934272
-1946157052
-1929379836
-1912602624
-1895825408
-1879048192
-1862270976
-1845493760
-1828716544
-1811939328
-1795162112
-1778384896
-1761607680
-1744830464
-1728053248
-1711276032
-1694498816
-1677721600
-1660944384
-1644167168
-1627389952
-1610612736
-1593835520
-1577058304
-1560281088
-1543503868
-1526726656
-1509949440
-1493172224
-1476395008
-1459617792
-1442840576
-1426063360
-1409286144
-1392508928
-1375731712
-1358954496
-1342177280
-1325400064
-1308622848
-1291845632
-1275068416
-1258291200
-1241513984
-1224736768
-1207959552
-1191182336
-1174405120
-1157627904
-1140850688
-1124073472
-1107296256
-1090519040
-1073741824
-1056964608
-1040187392
-1023410176
-1006632960
-989855744
-973078528
-956301312
-939524096
-922746880
-905969664
-889192448
-872415232
-855638016
-838860800
-822083584
-805306368
-788529152
-771751936
-754974720
-738197504
-721420288
-704643072
-687865856
-671088640
-654311424
-637534208
-620756992
-603979776
-587202560
-570425344
-553648128
-536870912
-520093696
-503316480
-486539264
-469762048
-452984832
-436207616
-419430400
-402653184
-385875968
-369098752
-352321536
-335544320
-318767104
-301989888
-285212672
-268435456
-251658240
-234881024
-218103808
-201326592
-184549376
-167772160
-150994944
-134217728
-117440512
-100663296
-83886080
-67108864
-50331648
-33554432
