Type	threshold
OptoHybrid	1
VFAT2	11
min	0
max	255
step	1
n	1000000
----
slot	11
ctrl0	55
ctrl1	0
ctrl2	48
ctrl3	0
iPreampIn	168
iPremapFeed	80
iPreampOut	150
iShaper	150
iShaperFeed	100
iComp	75
chipId0	175
chipId1	254
latency	0
vthreshold1	141
vthreshold2	0
vcal	0
calphase	0
----
993692
17770819
34546728
51321789
68086129
84782491
101428710
118015269
134614926
151280758
167986973
184716007
201458101
218215727
234978720
251745908
268516120
285286493
302057361
318829030
335601040
352374384
369147915
385922850
402698158
419473713
436249769
453025774
469801960
486578176
503354666
520130868
536907461
553683753
570459908
587236278
604012392
620788840
637564765
654341002
671117019
687893510
704669823
721446404
738222987
754999489
771776101
788552849
805329219
822105575
838881753
855658149
872434210
889210298
905986587
922762667
939539250
956315598
973092470
989869110
1006645870
1023422851
1040199820
1056976818
1073753881
1090530937
1107308060
1124085202
1140862348
1157639557
1174416794
1191193974
1207971249
1224748486
1241525567
1258302730
1275079817
1291856858
1308633965
1325410978
1342188026
1358965030
1375742170
1392519232
1409296373
1426073515
1442850688
1459627863
1476405067
1493182253
1509959469
1526736668
1543513877
1560291092
1577068308
1593845520
1610622736
1627399952
1644177168
1660954384
1677731600
1694508816
1711286032
1728063248
1744840464
1761617680
1778394896
1795172108
1811949328
1828726544
1845503760
1862280972
1879058184
1895835388
1912612588
1929389740
1946166932
1962944052
1979721084
1996498108
2013274980
2030051844
2046828348
2063604920
2080381404
2097157116
2113933748
2130709804
-2147481012
-2130704468
-2113927824
-2097151204
-2080374248
-2063597208
-2046820164
-2030043028
-2013265872
-1996488680
-1979711464
-1962934248
-1946157052
-1929379836
-1912602624
-1895825408
-1879048192
-1862270976
-1845493760
-1828716544
-1811939328
-1795162112
-1778384896
-1761607680
-1744830464
-1728053248
-1711276032
-1694498816
-1677721600
-1660944384
-1644167168
-1627389952
-1610612736
-1593835520
-1577058304
-1560281088
-1543503872
-1526726656
-1509949440
-1493172224
-1476395008
-1459617792
-1442840576
-1426063360
-1409286144
-1392508928
-1375731712
-1358954496
-1342177280
-1325400064
-1308622848
-1291845632
-1275068416
-1258291200
-1241513984
-1224736768
-1207959552
-1191182336
-1174405120
-1157627904
-1140850688
-1124073472
-1107296256
-1090519040
-1073741824
-1056964608
-1040187392
-1023410176
-1006632960
-989855744
-973078528
-956301312
-939524096
-922746880
-905969664
-889192448
-872415232
-855638016
-838860800
-822083584
-805306368
-788529152
-771751936
-754974720
-738197504
-721420288
-704643072
-687865856
-671088640
-654311424
-637534208
-620756992
-603979776
-587202560
-570425344
-553648128
-536870912
-520093696
-503316480
-486539264
-469762048
-452984832
-436207616
-419430400
-402653184
-385875968
-369098752
-352321536
-335544320
-318767104
-301989888
-285212672
-268435456
-251658240
-234881024
-218103808
-201326592
-184549376
-167772160
-150994944
-134217728
-117440512
-100663296
-83886080
-67108864
-50331648
-33554432
