VFAT2	11
MIN	0
MAX	255
STEP	1
N	1000000
999216
17776449
34553628
51330892
68108081
84885235
101662079
118438377
135214033
151989518
168760130
185518211
202262101
218987223
235683176
252318061
268904986
285521015
302202681
318932083
335682169
352440428
369204849
385973318
402744405
419516941
436290337
453063815
469838494
486613672
503389126
520164974
536939517
553713595
570486550
587259586
604032986
620806731
637580805
654355655
671131212
687906930
704683440
721460184
738237293
755014190
771791325
788568675
805345896
822122911
838899966
855676999
872453849
889230968
906007681
922784520
939561160
956337944
973114463
989890821
1006667285
1023443625
1040219667
1056996135
1073772060
1090548052
1107324159
1124100084
1140876328
1157652560
1174428490
1191204787
1207980638
1224756524
1241532451
1258308666
1275084773
1291861195
1308637450
1325414179
1342190921
1358967722
1375744697
1392521721
1409298808
1426075973
1442853166
1459630407
1476407673
1493184940
1509962194
1526739588
1543516898
1560294253
1577071633
1593849003
1610626365
1627403704
1644180976
1660958147
1677735293
1694512413
1711289496
1728066588
1744843603
1761620658
1778397707
1795174773
1811951819
1828728932
1845506048
1862283115
1879060225
1895837333
1912614425
1929391462
1946168570
1962945581
1979722632
1996499689
2013276760
2030053910
2046830971
2063608062
2080385178
2097162274
2113939435
2130716595
-2147473538
-2130696344
-2113919170
-2097141963
-2080364770
-2063587553
-2046810345
-2030033129
-2013255915
-1996478703
-1979701488
-1962924272
-1946147055
-1929369839
-1912592624
-1895815408
-1879038192
-1862260976
-1845483760
-1828706544
-1811929328
-1795152112
-1778374892
-1761597680
-1744820464
-1728043248
-1711266032
-1694488816
-1677711600
-1660934384
-1644157168
-1627379952
-1610602736
-1593825520
-1577048304
-1560271088
-1543493872
-1526716656
-1509939440
-1493162224
-1476385008
-1459607792
-1442830576
-1426053360
-1409276144
-1392498928
-1375721712
-1358944496
-1342167280
-1325390064
-1308612848
-1291835632
-1275058416
-1258281200
-1241503984
-1224726768
-1207949552
-1191172336
-1174395120
-1157617904
-1140840688
-1124063472
-1107286256
-1090509040
-1073731824
-1056954608
-1040177392
-1023400176
-1006622960
-989845744
-973068528
-956291312
-939514096
-922736880
-905959664
-889182448
-872405232
-855628068
-838850860
-822073596
-805296368
-788519152
-771741936
-754964720
-738187504
-721410288
-704633076
-687856104
-671081216
-654309236
-637534124
-620756992
-603979776
-587202560
-570425344
-553648128
-536870912
-520093696
-503316480
-486539264
-469762048
-452984832
-436207616
-419430400
-402653184
-385875968
-369098752
-352321536
-335544320
-318767104
-301989888
-285212672
-268435456
-251658240
-234881024
-218103808
-201326592
-184549376
-167772160
-150994944
-134217728
-117440512
-100663296
-83886080
-67108864
-50331648
-33554432
