VFAT2	11
MIN	0
MAX	255
STEP	1
N	1000000
993204
17771736
34547044
51319801
68088620
84853645
101608545
118339606
135008396
151666260
168317313
184900271
201564431
218288815
235035187
251789523
268551967
285312394
302079362
318848511
335619007
352390096
369161985
385934550
402708021
419482551
436257521
453032699
469807550
486582851
503358149
520133746
536910102
553686886
570463670
587240622
604017701
620794727
637571730
654348511
671125115
687901517
704677661
721454007
738230133
755006547
771782787
788559005
805335281
822111160
838886770
855662194
872437308
889212455
905987439
922762876
939538660
956314529
973090492
989867099
1006643874
1023420841
1040197919
1056975150
1073752419
1090529821
1107307241
1124084652
1140862085
1157639501
1174416880
1191194133
1207971363
1224748399
1241525457
1258302454
1275079467
1291856467
1308633577
1325410614
1342187762
1358964925
1375742165
1392519483
1409296809
1426074229
1442851623
1459629036
1476406407
1493183770
1509961105
1526738280
1543515387
1560292409
1577069427
1593846368
1610623415
1627400432
1644177483
1660954633
1677731736
1694508910
1711286084
1728063275
1744840482
1761617692
1778394903
1795172114
1811949328
1828726544
1845503760
1862280976
1879058192
1895835408
1912612624
1929389840
1946167056
1962944272
1979721490
1996498706
2013275922
2030053140
2046830364
2063607583
2080384826
2097162087
2113939338
2130716632
-2147473344
-2130695930
-2113918429
-2097140976
-2080363542
-2063586099
-2046808734
-2030031507
-2013254406
-1996477353
-1979700395
-1962923470
-1946146505
-1929369505
-1912592380
-1895815262
-1879038112
-1862260936
-1845483740
-1828706528
-1811929324
-1795152109
-1778374896
-1761597680
-1744820464
-1728043248
-1711266032
-1694488816
-1677711600
-1660934384
-1644157168
-1627379952
-1610602736
-1593825520
-1577048304
-1560271088
-1543493872
-1526716656
-1509939440
-1493162224
-1476385008
-1459607792
-1442830576
-1426053360
-1409276144
-1392498928
-1375721712
-1358944496
-1342167280
-1325390064
-1308612848
-1291835632
-1275058416
-1258281200
-1241503984
-1224726768
-1207949552
-1191172336
-1174395120
-1157617904
-1140840688
-1124063472
-1107286256
-1090509040
-1073731824
-1056954608
-1040177392
-1023400176
-1006622960
-989845744
-973068528
-956291312
-939514096
-922736880
-905959664
-889182448
-872405336
-855628016
-838850800
-822073583
-805296367
-788519168
-771742272
-754966804
-738195416
-721420224
-704643072
-687865856
-671088640
-654311424
-637534208
-620756992
-603979776
-587202560
-570425344
-553648128
-536870912
-520093696
-503316480
-486539264
-469762048
-452984832
-436207616
-419430400
-402653184
-385875968
-369098752
-352321536
-335544320
-318767104
-301989888
-285212672
-268435456
-251658240
-234881024
-218103808
-201326592
-184549376
-167772160
-150994944
-134217728
-117440512
-100663296
-83886080
-67108864
-50331648
-33554432
