VFAT2	11
MIN	0
MAX	255
STEP	1
N	1000000
992390
17771330
34546271
51318777
68087263
84851514
101607131
118341563
135022464
151684243
168342882
184932204
201583014
218299832
235041021
251793526
268552413
285314686
302080864
318849856
335619688
352390483
369161608
385934231
402708058
419482801
436257416
453032513
469807546
486582511
503357889
520133714
536910048
553686680
570463621
587240624
604017668
620794991
637571580
654348405
671124897
687901482
704677823
721454160
738230323
755006475
771782958
788559213
805335282
822111071
838886791
855662276
872437249
889212598
905988094
922763416
939539053
956314734
973090837
989867392
1006644061
1023421016
1040198018
1056975066
1073752380
1090529650
1107307028
1124084465
1140861873
1157639309
1174416704
1191194014
1207971306
1224748516
1241525533
1258302617
1275079668
1291856616
1308633714
1325410794
1342187912
1358965116
1375742336
1392519634
1409297009
1426074398
1442851780
1459629239
1476406668
1493184012
1509961289
1526738472
1543515599
1560292625
1577069641
1593846619
1610623597
1627400573
1644177585
1660954704
1677731832
1694508944
1711286109
1728063314
1744840497
1761617699
1778394904
1795172116
1811949328
1828726544
1845503760
1862280976
1879058192
1895835408
1912612624
1929389844
1946167057
1962944273
1979721489
1996498704
2013275926
2030053144
2046830369
2063607603
2080384844
2097162069
2113939363
2130716682
-2147473247
-2130695832
-2113918449
-2097140971
-2080363475
-2063586064
-2046808764
-2030031589
-2013254540
-1996477534
-1979700568
-1962923622
-1946146569
-1929369504
-1912592444
-1895815294
-1879038125
-1862260944
-1845483732
-1828706535
-1811929326
-1795152111
-1778374896
-1761597679
-1744820464
-1728043248
-1711266032
-1694488816
-1677711595
-1660934384
-1644157168
-1627379952
-1610602736
-1593825520
-1577048304
-1560271088
-1543493872
-1526716656
-1509939440
-1493162224
-1476385008
-1459607792
-1442830576
-1426053360
-1409276144
-1392498928
-1375721712
-1358944496
-1342167280
-1325390064
-1308612848
-1291835632
-1275058416
-1258281200
-1241503984
-1224726768
-1207949552
-1191172336
-1174395120
-1157617904
-1140840688
-1124063472
-1107286256
-1090509040
-1073731824
-1056954608
-1040177392
-1023400176
-1006622960
-989845744
-973068528
-956291312
-939514096
-922736880
-905959664
-889182448
-872405232
-855628016
-838850800
-822073584
-805296367
-788519190
-771742341
-754967028
-738195816
-721420224
-704643072
-687865856
-671088640
-654311424
-637534208
-620756992
-603979776
-587202560
-570425344
-553648112
-536870876
-520093680
-503316480
-486539264
-469762048
-452984832
-436207616
-419430400
-402653184
-385875968
-369098752
-352321536
-335544320
-318767104
-301989888
-285212672
-268435456
-251658240
-234881024
-218103808
-201326592
-184549376
-167772160
-150994944
-134217728
-117440512
-100663296
-83886080
-67108864
-50331648
-33554432
