VFAT2	11
MIN	0
MAX	255
STEP	1
N	1000000
996838
17774149
34550580
51325673
68098040
84863203
101605519
118264232
134894069
151520035
168063675
184755427
201492072
218240909
234995921
251756489
268523666
285294698
302067239
318840744
335615441
352388990
369162750
385936204
402710142
419484921
436259798
453034028
469808274
486583167
503358521
520134318
536910367
553687025
570463792
587240806
604017944
620795030
637572008
654348804
671125342
687901557
704677283
721452683
738228200
755003669
771779581
788555617
805331799
822107777
838883331
855659026
872434333
889209228
905985206
922762248
939537412
956313925
973090869
989867980
1006645124
1023422441
1040199727
1056976941
1073754171
1090531327
1107308522
1124085562
1140862648
1157639597
1174416564
1191193549
1207970483
1224747432
1241524509
1258301527
1275078591
1291855734
1308632919
1325410114
1342187308
1358964510
1375741737
1392518982
1409296204
1426073460
1442850709
1459628005
1476405286
1493182584
1509959881
1526737141
1543514406
1560291590
1577068774
1593845892
1610623019
1627400203
1644177339
1660954485
1677731667
1694508844
1711286044
1728063254
1744840469
1761617681
1778394896
1795172112
1811949328
1828726544
1845503760
1862280976
1879058192
1895835408
1912612624
1929389840
1946167056
1962944272
1979721488
1996498704
2013275920
2030053136
2046830353
2063607568
2080384785
2097162005
2113939225
2130716456
-2147473603
-2130696333
-2113919059
-2097141728
-2080364295
-2063586813
-2046809324
-2030031860
-2013254308
-1996476849
-1979699532
-1962922194
-1946145018
-1929367918
-1912590972
-1895814023
-1879037124
-1862260214
-1845483251
-1828706228
-1811929153
-1795152024
-1778374854
-1761597664
-1744820460
-1728043248
-1711266032
-1694488815
-1677711600
-1660934384
-1644157168
-1627379952
-1610602736
-1593825520
-1577048304
-1560271088
-1543493872
-1526716656
-1509939440
-1493162224
-1476385008
-1459607792
-1442830576
-1426053360
-1409276144
-1392498928
-1375721712
-1358944496
-1342167280
-1325390064
-1308612848
-1291835632
-1275058416
-1258281200
-1241503984
-1224726768
-1207949552
-1191172336
-1174395120
-1157617904
-1140840688
-1124063472
-1107286256
-1090509040
-1073731824
-1056954608
-1040177392
-1023400176
-1006622960
-989845744
-973068528
-956291312
-939514096
-922736880
-905959664
-889182448
-872405232
-855628016
-838850796
-822073580
-805296363
-788519150
-771741940
-754965296
-738193676
-721420208
-704643072
-687865856
-671088640
-654311424
-637534208
-620756992
-603979776
-587202560
-570425344
-553648128
-536870912
-520093696
-503316480
-486539264
-469762048
-452984832
-436207616
-419430400
-402653184
-385875968
-369098752
-352321536
-335544320
-318767104
-301989888
-285212672
-268435456
-251658240
-234881024
-218103808
-201326592
-184549376
-167772160
-150994944
-134217728
-117440512
-100663296
-83886080
-67108864
-50331648
-33554432
