VFAT2	11
MIN	0
MAX	255
STEP	1
N	1000000
997711
17774824
34551709
51328380
68104870
84871668
101611412
118296727
134934252
151518777
168094779
184764010
201486901
218231187
234989530
251755252
268526470
285299025
302073125
318845858
335618791
352391444
369164705
385939528
402711865
419486238
436260936
453035447
469809877
486584711
503359511
520134429
536910214
553686154
570462196
587238406
604014386
620790597
637566783
654342700
671118744
687895090
704671309
721447721
738223990
755000306
771776888
788553583
805329985
822106854
838883648
855660470
872437282
889213695
905990161
922766362
939542213
956318387
973094319
989870538
1006647059
1023423529
1040200232
1056977139
1073753997
1090530848
1107307806
1124084610
1140861464
1157638511
1174415540
1191192589
1207969680
1224746849
1241524018
1258301214
1275078425
1291855636
1308632850
1325410066
1342187285
1358964496
1375741714
1392518931
1409296145
1426073368
1442850591
1459627818
1476405054
1493182314
1509959566
1526736852
1543514209
1560291504
1577068867
1593846237
1610623696
1627401070
1644178408
1660955756
1677732905
1694510102
1711287269
1728064399
1744841385
1761618433
1778395416
1795172495
1811949626
1828726742
1845503855
1862281031
1879058229
1895835430
1912612629
1929389843
1946167058
1962944272
1979721488
1996498708
2013275920
2030053136
2046830357
2063607568
2080384784
2097162000
2113939216
2130716432
-2147473648
-2130696428
-2113919216
-2097142000
-2080364784
-2063587568
-2046810351
-2030033131
-2013255910
-1996478686
-1979701438
-1962924211
-1946146952
-1929369668
-1912592326
-1895814980
-1879037632
-1862260158
-1845482672
-1828705186
-1811927722
-1795150298
-1778372937
-1761595584
-1744818412
-1728041290
-1711264156
-1694487185
-1677710205
-1660933312
-1644156355
-1627379335
-1610602323
-1593825278
-1577048178
-1560271027
-1543493843
-1526716649
-1509939432
-1493162223
-1476385008
-1459607792
-1442830575
-1426053360
-1409276144
-1392498928
-1375721712
-1358944496
-1342167280
-1325390064
-1308612848
-1291835632
-1275058416
-1258281200
-1241503984
-1224726768
-1207949552
-1191172336
-1174395120
-1157617904
-1140840688
-1124063472
-1107286256
-1090509040
-1073731823
-1056954608
-1040177388
-1023400171
-1006622951
-989845727
-973068515
-956291289
-939514083
-922736877
-905959664
-889182448
-872405232
-855628016
-838850800
-822073584
-805296372
-788519204
-771742536
-754969820
-738197020
-721420288
-704643072
-687865856
-671088640
-654311424
-637534208
-620756992
-603979776
-587202560
-570425344
-553648128
-536870912
-520093696
-503316480
-486539264
-469762048
-452984832
-436207616
-419430400
-402653184
-385875968
-369098752
-352321536
-335544320
-318767104
-301989888
-285212672
-268435456
-251658240
-234881024
-218103808
-201326592
-184549376
-167772160
-150994944
-134217728
-117440512
-100663296
-83886080
-67108864
-50331648
-33554432
