VFAT2	11
MIN	0
MAX	255
STEP	1
N	1000000
996386
17773694
34550099
51324900
68096930
84860261
101608634
118279969
134910949
151564422
168110654
184770169
201503468
218251395
235005314
251764635
268529277
285298310
302069346
318842545
335616496
352389887
369162674
385935568
402709936
419484259
436259152
453033838
469808114
486583160
503358425
520134170
536910267
553687004
570463841
587240818
604018038
620795105
637572121
654348998
671125509
687901783
704677800
721453335
738229186
755004672
771780626
788556599
805332877
822108480
838884138
855659777
872434730
889209591
905985149
922760978
939537093
956313556
973090330
989867601
1006644845
1023422065
1040199480
1056976824
1073754087
1090531338
1107308531
1124085670
1140862733
1157639824
1174416774
1191193760
1207970763
1224747705
1241524680
1258301696
1275078728
1291855843
1308632989
1325410132
1342187338
1358964545
1375741749
1392518993
1409296234
1426073525
1442850793
1459628100
1476405338
1493182683
1509959957
1526737234
1543514395
1560291588
1577068721
1593845842
1610623006
1627400242
1644177803
1660954505
1677731639
1694508839
1711286041
1728063255
1744840469
1761617681
1778394896
1795172112
1811949328
1828726544
1845503764
1862280976
1879058192
1895835408
1912612624
1929389840
1946167056
1962944272
1979721488
1996498704
2013275920
2030053136
2046830353
2063607570
2080384786
2097162006
2113939239
2130716478
-2147473566
-2130696242
-2113918919
-2097141568
-2080364160
-2063586631
-2046809049
-2030031518
-2013254138
-1996476768
-1979699492
-1962922329
-1946145261
-1929368291
-1912591385
-1895814430
-1879037511
-1862260556
-1845483506
-1828706422
-1811929255
-1795152082
-1778374883
-1761597674
-1744820462
-1728043248
-1711266032
-1694488816
-1677711600
-1660934384
-1644157168
-1627379952
-1610602736
-1593825520
-1577048304
-1560271088
-1543493872
-1526716656
-1509939440
-1493162224
-1476385008
-1459607792
-1442830576
-1426053360
-1409276144
-1392498928
-1375721712
-1358944496
-1342167280
-1325390064
-1308612848
-1291835632
-1275058416
-1258281200
-1241503984
-1224726768
-1207949552
-1191172332
-1174395120
-1157617904
-1140840688
-1124063472
-1107286256
-1090509040
-1073731824
-1056954608
-1040177392
-1023400176
-1006622960
-989845744
-973068528
-956291312
-939514096
-922736880
-905959664
-889182448
-872405232
-855628016
-838850800
-822073579
-805296365
-788519139
-771741955
-754965332
-738193568
-721420208
-704643072
-687865856
-671088640
-654311424
-637534208
-620756992
-603979776
-587202560
-570425344
-553648128
-536870912
-520093696
-503316480
-486539264
-469762048
-452984832
-436207616
-419430400
-402653184
-385875968
-369098752
-352321536
-335544320
-318767104
-301989888
-285212672
-268435456
-251658240
-234881024
-218103808
-201326592
-184549376
-167772160
-150994944
-134217728
-117440512
-100663296
-83886080
-67108864
-50331648
-33554432
