VFAT2	11
MIN	0
MAX	255
STEP	1
N	1000000
995346
17773135
34549102
51323285
68093767
84856533
101609531
118317012
134957658
151616372
168226047
184810292
201522807
218266929
235019294
251776566
268538823
285304556
302074085
318845474
335618283
352390380
369162329
385934972
402708756
419483462
436258420
453033058
469807791
486582982
503358613
520134057
536910399
553687014
570463914
587240874
604018076
620795212
637572106
654348792
671125383
687901799
704677852
721453729
738229860
755005910
771782063
788558330
805334579
822110408
838885971
855660736
872435844
889210909
905985819
922761114
939536938
956313169
973089908
989866868
1006643965
1023421365
1040198652
1056976133
1073753529
1090530938
1107308333
1124085566
1140862803
1157640022
1174417100
1191194179
1207971148
1224748149
1241525111
1258302111
1275079064
1291856098
1308633157
1325410322
1342187452
1358964641
1375741867
1392519142
1409296392
1426073705
1442851051
1459628445
1476405756
1493183020
1509960277
1526737467
1543514665
1560291801
1577068839
1593845960
1610623010
1627400159
1644177286
1660954468
1677731648
1694508842
1711286049
1728063259
1744840470
1761617682
1778394897
1795172112
1811949329
1828726544
1845503760
1862280980
1879058192
1895835408
1912612624
1929389840
1946167056
1962944369
1979721826
1996498822
2013275940
2030053136
2046830353
2063607577
2080384797
2097162030
2113939271
2130716517
-2147473491
-2130696151
-2113918735
-2097141326
-2080363823
-2063586288
-2046808823
-2030031398
-2013254119
-1996476893
-1979699777
-1962922754
-1946145863
-1929368940
-1912591973
-1895814989
-1879037946
-1862260819
-1845483686
-1828706510
-1811929318
-1795152107
-1778374891
-1761597678
-1744820464
-1728043248
-1711266032
-1694488816
-1677711600
-1660934384
-1644157168
-1627379952
-1610602736
-1593825520
-1577048304
-1560271088
-1543493872
-1526716656
-1509939440
-1493162224
-1476385008
-1459607792
-1442830576
-1426053360
-1409276144
-1392498928
-1375721712
-1358944496
-1342167280
-1325390064
-1308612848
-1291835632
-1275058416
-1258281200
-1241503984
-1224726768
-1207949552
-1191172336
-1174395120
-1157617904
-1140840688
-1124063472
-1107286256
-1090509040
-1073731824
-1056954608
-1040177392
-1023400176
-1006622960
-989845744
-973068528
-956291312
-939514096
-922736880
-905959664
-889182448
-872405232
-855628016
-838850800
-822073584
-805296367
-788519144
-771741983
-754965676
-738194032
-721420184
-704643068
-687865856
-671088640
-654311424
-637534208
-620756992
-603979776
-587202560
-570425344
-553648128
-536870908
-520093696
-503316480
-486539264
-469762048
-452984832
-436207616
-419430400
-402653184
-385875968
-369098752
-352321536
-335544320
-318767104
-301989888
-285212672
-268435456
-251658240
-234881024
-218103808
-201326592
-184549376
-167772160
-150994944
-134217728
-117440512
-100663296
-83886080
-67108864
-50331648
-33554432
