VFAT2	11
MIN	0
MAX	255
STEP	1
N	1000000
997643
17774697
34551564
51328071
68104149
84866598
101581341
118232451
134811049
151360410
168019247
184736531
201472674
218220668
234980050
251748213
268520182
285293943
302067368
318840661
335613670
352387864
369161505
385935206
402709932
419485125
436260526
453035438
469810058
486584197
503358945
520134427
536910409
553686837
570463220
587239956
604016428
620792878
637569107
654345397
671121602
687897322
704673145
721449036
738224782
755000964
771776954
788552855
805329290
822106000
838882578
855659089
872435621
889211916
905988052
922764001
939539834
956316120
973092625
989869051
1006645930
1023422801
1040199772
1056976756
1073753685
1090530621
1107307546
1124084446
1140861393
1157638448
1174415489
1191192561
1207969713
1224746863
1241524033
1258301235
1275078432
1291855639
1308632857
1325410066
1342187282
1358964498
1375741717
1392518932
1409296155
1426073378
1442850622
1459627863
1476405134
1493182429
1509959710
1526737112
1543514438
1560291822
1577069156
1593846471
1610623734
1627400933
1644178121
1660955247
1677732323
1694509386
1711286460
1728063554
1744840658
1761617811
1778394955
1795172157
1811949348
1828726554
1845503764
1862280979
1879058192
1895835409
1912612624
1929389844
1946167056
1962944272
1979721488
1996498704
2013275920
2030053136
2046830352
2063607568
2080384784
2097162000
2113939217
2130716432
-2147473647
-2130696427
-2113919211
-2097141992
-2080364762
-2063587528
-2046810237
-2030033011
-2013255673
-1996478335
-1979700935
-1962923468
-1946146020
-1929368555
-1912591092
-1895813606
-1879036215
-1862258904
-1845481650
-1828704481
-1811927414
-1795150360
-1778373385
-1761596492
-1744819552
-1728042617
-1711265535
-1694488486
-1677710989
-1660934311
-1644157143
-1627379930
-1610602731
-1593825519
-1577048304
-1560271088
-1543493867
-1526716656
-1509939440
-1493162224
-1476385008
-1459607792
-1442830576
-1426053360
-1409276144
-1392498928
-1375721712
-1358944496
-1342167280
-1325390064
-1308612848
-1291835632
-1275058416
-1258281200
-1241503984
-1224726768
-1207949552
-1191172336
-1174395120
-1157617904
-1140840688
-1124063472
-1107286256
-1090509040
-1073731824
-1056954608
-1040177392
-1023400176
-1006622960
-989845744
-973068528
-956291312
-939514096
-922736879
-905959652
-889182433
-872405220
-855628003
-838850798
-822073584
-805296368
-788519156
-771742060
-754966924
-738196156
-721420272
-704643072
-687865856
-671088640
-654311424
-637534208
-620756992
-603979776
-587202560
-570425344
-553648128
-536870912
-520093696
-503316480
-486539264
-469762048
-452984832
-436207616
-419430400
-402653184
-385875968
-369098752
-352321536
-335544320
-318767104
-301989888
-285212672
-268435456
-251658240
-234881024
-218103808
-201326592
-184549376
-167772160
-150994944
-134217728
-117440512
-100663296
-83886080
-67108864
-50331648
-33554432
