VFAT2	11
MIN	0
MAX	255
STEP	1
N	1000000
997723
17774738
34551670
51328269
68104513
84867252
101593953
118258199
134860921
151416925
168043265
184744982
201478509
218224339
234983962
251751821
268523525
285296722
302069714
318843273
335615771
352388881
369162459
385936067
402710192
419485558
436260782
453035721
469810301
486584494
503359115
520134650
536910453
553686557
570462881
587239292
604015579
620791515
637567862
654343984
671120079
687896047
704672188
721448311
738224707
755000637
771776647
788553062
805329700
822106464
838883140
855659957
872436478
889212966
905989177
922764894
939541039
956317281
973093309
989869713
1006646327
1023423054
1040199935
1056976798
1073753650
1090530565
1107307388
1124084299
1140861310
1157638293
1174415351
1191192488
1207969659
1224746817
1241524018
1258301212
1275078424
1291855636
1308632854
1325410064
1342187282
1358964501
1375741713
1392518930
1409296152
1426073378
1442850605
1459627841
1476405098
1493182381
1509959681
1526736958
1543514294
1560291691
1577069050
1593846482
1610623891
1627401555
1644178369
1660955595
1677732684
1694509761
1711286821
1728063870
1744840888
1761618021
1778395094
1795172250
1811949399
1828726592
1845503777
1862280991
1879058200
1895835412
1912612627
1929389840
1946167056
1962944272
1979721488
1996498704
2013275920
2030053136
2046830352
2063607568
2080384784
2097162000
2113939216
2130716436
-2147473648
-2130696431
-2113919215
-2097141995
-2080364781
-2063587561
-2046810321
-2030033094
-2013255841
-1996478579
-1979701271
-1962923950
-1946146576
-1929369106
-1912591653
-1895814294
-1879036774
-1862259362
-1845481925
-1828704547
-1811927275
-1795150035
-1778372976
-1761595850
-1744818860
-1728041903
-1711264982
-1694488082
-1677711091
-1660934046
-1644156949
-1627379840
-1610602690
-1593825497
-1577048297
-1560271083
-1543493870
-1526716656
-1509939440
-1493162224
-1476385008
-1459607792
-1442830576
-1426053360
-1409276144
-1392498928
-1375721707
-1358944496
-1342167280
-1325390064
-1308612848
-1291835632
-1275058416
-1258281200
-1241503984
-1224726768
-1207949552
-1191172336
-1174395120
-1157617904
-1140840688
-1124063472
-1107286256
-1090509040
-1073731824
-1056954608
-1040177392
-1023400176
-1006622960
-989845743
-973068526
-956291310
-939514084
-922736870
-905959649
-889182446
-872405231
-855628016
-838850800
-822073584
-805296368
-788519176
-771742432
-754969556
-738197072
-721420284
-704643072
-687865856
-671088640
-654311424
-637534208
-620756992
-603979776
-587202560
-570425344
-553648128
-536870912
-520093696
-503316480
-486539264
-469762048
-452984832
-436207616
-419430400
-402653184
-385875968
-369098752
-352321536
-335544320
-318767104
-301989888
-285212672
-268435456
-251658240
-234881024
-218103808
-201326592
-184549376
-167772160
-150994944
-134217728
-117440512
-100663296
-83886080
-67108864
-50331648
-33554432
