VFAT2	11
MIN	0
MAX	255
STEP	1
N	1000000
991435
17770773
34545691
51317629
68085934
84849991
101606033
118344393
135035329
151696038
168354217
184956138
201600823
218311129
235049834
251799182
268556966
285317711
302082671
318851275
335620535
352390975
369162635
385934558
402708181
419482640
436257346
453032427
469807533
486582452
503357843
520133701
536909940
553686642
570463296
587240325
604017482
620794336
637571278
654348155
671124905
687901463
704677857
721453981
738230311
755006719
771782877
788559182
805335188
822111259
838887444
855662000
872437583
889213031
905988358
922764095
939539681
956315616
973091691
989867743
1006644355
1023421225
1040198136
1056975294
1073752429
1090529699
1107307012
1124084380
1140861848
1157639254
1174416683
1191194015
1207971321
1224748606
1241525757
1258302852
1275079900
1291856895
1308633931
1325411021
1342188108
1358965313
1375742523
1392519817
1409297159
1426074607
1442852043
1459629471
1476406809
1493184159
1509961439
1526738679
1543515804
1560292868
1577069866
1593846781
1610623814
1627400814
1644177729
1660954806
1677731889
1694509029
1711286189
1728063360
1744840518
1761617709
1778394918
1795172127
1811949333
1828726550
1845503760
1862280976
1879058192
1895835408
1912612624
1929389840
1946167056
1962944272
1979721488
1996498707
2013275925
2030053148
2046830367
2063607601
2080384845
2097162111
2113939398
2130716737
-2147473164
-2130695760
-2113918312
-2097140873
-2080363437
-2063586067
-2046808832
-2030031672
-2013254680
-1996477680
-1979700707
-1962923750
-1946146710
-1929369633
-1912592475
-1895815311
-1879038146
-1862260952
-1845483749
-1828706538
-1811929324
-1795152111
-1778374895
-1761597680
-1744820464
-1728043248
-1711266032
-1694488816
-1677711600
-1660934384
-1644157168
-1627379952
-1610602736
-1593825520
-1577048304
-1560271088
-1543493872
-1526716656
-1509939440
-1493162224
-1476385008
-1459607792
-1442830576
-1426053360
-1409276144
-1392498928
-1375721712
-1358944496
-1342167280
-1325390064
-1308612848
-1291835632
-1275058416
-1258281200
-1241503984
-1224726768
-1207949552
-1191172336
-1174395120
-1157617904
-1140840688
-1124063472
-1107286256
-1090509040
-1073731824
-1056954608
-1040177392
-1023400176
-1006622960
-989845744
-973068528
-956291312
-939514096
-922736880
-905959664
-889182448
-872405232
-855628016
-838850800
-822073584
-805296372
-788519218
-771742585
-754967659
-738196052
-721420212
-704643072
-687865856
-671088640
-654311424
-637534208
-620756992
-603979776
-587202560
-570425344
-553648128
-536870912
-520093696
-503316480
-486539264
-469762048
-452984832
-436207616
-419430400
-402653184
-385875968
-369098752
-352321536
-335544320
-318767104
-301989888
-285212672
-268435456
-251658240
-234881024
-218103808
-201326592
-184549376
-167772160
-150994944
-134217728
-117440512
-100663296
-83886080
-67108864
-50331648
-33554432
