VFAT2	11
MIN	0
MAX	255
STEP	1
N	1000000
997844
17775132
34552194
51329117
68105841
84881687
101646488
118390484
135102370
151760777
168377006
184963744
201578939
218275904
235015527
251772474
268537881
285307786
302079736
318852933
335626620
352400263
369173307
385946580
402718988
419491264
436264260
453037165
469810563
486584688
503359585
520134796
536910221
553685527
570461364
587237288
604013336
620789430
637565454
654341899
671118390
687894268
704670699
721447101
738223561
755000237
771777032
788553756
805330772
822107652
838884545
855661531
872438484
889215436
905992185
922768840
939545461
956321593
973098061
989873727
1006649720
1023425982
1040202169
1056978573
1073755205
1090532055
1107309023
1124086077
1140863171
1157640214
1174417310
1191194323
1207971352
1224748302
1241525254
1258302135
1275079109
1291856187
1308633218
1325410265
1342187411
1358964578
1375741752
1392518946
1409296155
1426073371
1442850584
1459627803
1476405022
1493182241
1509959467
1526736703
1543513949
1560291203
1577068492
1593845804
1610623113
1627400476
1644177823
1660955164
1677732610
1694510027
1711287394
1728064754
1744842039
1761619380
1778396546
1795173716
1811950785
1828727890
1845504896
1862281910
1879058930
1895835995
1912613023
1929390135
1946167270
1962944413
1979721578
1996498752
2013275957
2030053153
2046830361
2063607575
2080384785
2097162001
2113939219
2130716434
-2147473644
-2130696422
-2113919202
-2097141977
-2080364735
-2063587489
-2046810260
-2030032973
-2013255682
-1996478397
-1979701128
-1962923759
-1946146420
-1929369055
-1912591709
-1895814305
-1879036894
-1862259555
-1845482155
-1828704717
-1811927368
-1795150037
-1778372637
-1761595390
-1744818077
-1728040822
-1711263586
-1694486351
-1677709138
-1660931950
-1644154799
-1627377584
-1610600191
-1593823588
-1577046586
-1560269618
-1543492701
-1526715747
-1509938765
-1493161808
-1476384742
-1459607657
-1442830489
-1426053314
-1409276123
-1392498921
-1375721709
-1358944495
-1342167279
-1325390062
-1308612847
-1291835629
-1275058413
-1258281194
-1241503977
-1224726747
-1207949537
-1191172323
-1174395108
-1157617887
-1140840678
-1124063465
-1107286254
-1090509039
-1073731824
-1056954608
-1040177392
-1023400176
-1006622960
-989845744
-973068528
-956291312
-939514096
-922736880
-905959664
-889182448
-872405232
-855628016
-838850800
-822073584
-805296368
-788519156
-771742224
-754967676
-738195964
-721420248
-704643072
-687865856
-671088640
-654311424
-637534208
-620756992
-603979776
-587202560
-570425344
-553648128
-536870912
-520093696
-503316480
-486539264
-469762048
-452984832
-436207616
-419430400
-402653184
-385875968
-369098752
-352321536
-335544320
-318767104
-301989888
-285212672
-268435456
-251658240
-234881024
-218103808
-201326592
-184549376
-167772160
-150994944
-134217728
-117440512
-100663296
-83886080
-67108864
-50331648
-33554432
