VFAT2	11
MIN	0
MAX	255
STEP	1
N	1000000
998091
17775358
34552512
51329623
68106612
84883247
101657943
118421277
135169738
151893996
168580077
185201125
201784114
218387291
235066000
251798770
268555275
285320626
302090052
318860739
335632744
352405744
369178705
385952366
402726305
419499459
436271605
453043173
469815637
486588835
503362418
520137193
536912467
553688105
570464052
587239770
604016176
620792579
637569139
654345664
671121639
687897992
704674528
721450626
738226716
755002930
771779165
788555763
805332249
822108892
838885666
855662498
872439433
889216398
905993273
922770181
939547045
956323651
973100264
989876609
1006652664
1023428710
1040204756
1056980775
1073757012
1090533342
1107310002
1124086684
1140863569
1157640600
1174417749
1191194878
1207972067
1224749232
1241526390
1258303582
1275081063
1291857730
1308634739
1325411697
1342188690
1358965760
1375742658
1392519636
1409296675
1426073738
1442850851
1459627995
1476405176
1493182353
1509959575
1526736819
1543514089
1560291353
1577068630
1593845978
1610623301
1627400617
1644177923
1660955345
1677732709
1694510081
1711287408
1728064780
1744842118
1761619465
1778396794
1795174031
1811951303
1828728463
1845505647
1862282719
1879059801
1895836844
1912613936
1929390995
1946167968
1962945052
1979722089
1996499210
2013276276
2030053390
2046830586
2063607772
2080384977
2097162244
2113939500
2130716794
-2147473165
-2130695843
-2113918511
-2097141157
-2080363774
-2063586378
-2046809013
-2030031696
-2013254314
-1996476959
-1979699609
-1962922268
-1946144903
-1929367641
-1912590316
-1895813043
-1879035803
-1862258529
-1845481292
-1828704070
-1811926846
-1795149615
-1778372400
-1761595182
-1744817965
-1728040748
-1711263532
-1694486318
-1677709103
-1660931889
-1644154678
-1627377470
-1610600280
-1593823102
-1577045939
-1560268832
-1543491776
-1526714789
-1509937861
-1493160976
-1476384074
-1459607172
-1442830219
-1426053162
-1409276040
-1392498883
-1375721688
-1358944479
-1342167274
-1325390052
-1308612844
-1291835629
-1275058416
-1258281200
-1241503984
-1224726768
-1207949552
-1191172336
-1174395120
-1157617904
-1140840688
-1124063472
-1107286256
-1090509040
-1073731824
-1056954608
-1040177392
-1023400176
-1006622960
-989845744
-973068528
-956291312
-939514096
-922736880
-905959664
-889182448
-872405232
-855628016
-838850800
-822073584
-805296368
-788519168
-771742076
-754967064
-738195348
-721420200
-704643068
-687865856
-671088640
-654311424
-637534208
-620756992
-603979776
-587202560
-570425344
-553648128
-536870912
-520093696
-503316480
-486539264
-469762048
-452984832
-436207616
-419430400
-402653184
-385875968
-369098752
-352321536
-335544320
-318767104
-301989888
-285212672
-268435456
-251658240
-234881024
-218103808
-201326592
-184549376
-167772160
-150994944
-134217728
-117440512
-100663296
-83886080
-67108864
-50331648
-33554432
