VFAT2	11
MIN	0
MAX	255
STEP	1
N	1000000
997778
17775179
34552434
51329258
68106682
84883334
101660974
118438574
135215752
151993105
168770356
185547525
202324578
219101572
235878363
252655078
269430804
286204582
302973807
319736391
336490080
353231140
369956384
386659818
403333213
419985422
436639542
453316660
470018790
486744092
503486042
520239624
537000186
553764693
570533039
587303518
604075647
620848945
637623358
654398256
671174127
687950480
704726312
721503933
738277621
755052982
771827906
788602663
805377327
822151901
838926587
855701395
872476493
889251569
906027120
922802717
939578309
956354260
973130591
989906714
1006683109
1023459816
1040236475
1057013286
1073790320
1090567402
1107344520
1124121759
1140898965
1157676139
1174453478
1191230647
1208007897
1224785023
1241562275
1258339458
1275116538
1291893695
1308670795
1325447765
1342224697
1359001410
1375777951
1392553869
1409329975
1426105788
1442881521
1459657547
1476433489
1493209625
1509986156
1526762685
1543539442
1560316187
1577092880
1593869851
1610646719
1627423522
1644200273
1660977117
1677753861
1694530476
1711307109
1728083558
1744860135
1761636867
1778413265
1795189700
1811966013
1828742663
1845519052
1862295242
1879071998
1895848831
1912625311
1929402321
1946179084
1962955685
1979732666
1996509686
2013286589
2030063709
2046840721
2063617903
2080395054
2097172232
2113949408
2130726621
-2147463517
-2130686254
-2113909017
-2097131823
-2080354627
-2063577418
-2046800282
-2030023211
-2013246219
-1996468952
-1979692129
-1962915111
-1946138298
-1929361363
-1912584692
-1895808126
-1879031456
-1862254803
-1845478123
-1828701493
-1811924846
-1795148378
-1778371711
-1761594848
-1744818217
-1728041432
-1711264409
-1694487362
-1677710422
-1660933252
-1644156106
-1627378900
-1610601650
-1593824379
-1577047039
-1560269706
-1543492410
-1526715022
-1509937667
-1493160369
-1476383050
-1459605730
-1442828426
-1426051229
-1409273947
-1392496703
-1375719509
-1358942333
-1342165181
-1325388064
-1308610908
-1291833894
-1275056796
-1258279759
-1241502729
-1224725673
-1207948588
-1191171552
-1174394501
-1157617440
-1140840331
-1124063210
-1107286103
-1090508927
-1073731756
-1056954563
-1040177354
-1023400166
-1006622951
-989845741
-973068526
-956291310
-939514095
-922736880
-905959664
-889182448
-872405232
-855628016
-838850796
-822073583
-805296367
-788519150
-771741931
-754964717
-738187498
-721410281
-704633070
-687855855
-671078640
-654301422
-637524208
-620746992
-603969776
-587192560
-570415364
-553638420
-536862776
-520090196
-503316036
-486539264
-469762048
-452984784
-436207240
-419430392
-402653184
-385875968
-369098752
-352321536
-335544320
-318767104
-301989888
-285212672
-268435456
-251658240
-234881024
-218103808
-201326592
-184549376
-167772160
-150994944
-134217728
-117440512
-100663296
-83886080
-67108864
-50331648
-33554432
