VFAT2	11
MIN	0
MAX	255
STEP	1
N	1000000
993895
17772285
34547794
51320995
68090480
84854802
101609082
118335909
134993270
151649749
168297180
184868154
201550004
218281275
235028231
251784336
268545241
285310168
302077805
318847827
335618629
352390198
369161888
385934390
402708197
419482819
436257831
453033065
469807544
486582881
503357986
520133902
536910195
553686793
570463663
587240732
604017726
620794821
637571785
654348734
671125221
687901530
704677795
721453967
738230169
755006366
771782691
788558971
805335211
822110947
838886678
855661880
872436857
889211898
905986926
922762227
939538163
956313934
973090248
989866761
1006643705
1023420717
1040198013
1056975296
1073752715
1090530068
1107307572
1124085003
1140862400
1157639728
1174416984
1191194207
1207971263
1224748378
1241525350
1258302312
1275079318
1291856348
1308633385
1325410521
1342187650
1358964825
1375742048
1392519313
1409296642
1426074036
1442851477
1459628826
1476406215
1493183536
1509960802
1526738030
1543515059
1560292092
1577069118
1593846158
1610623262
1627400298
1644177409
1660954528
1677731691
1694508889
1711286067
1728063265
1744840474
1761617686
1778394898
1795172114
1811949328
1828726545
1845503764
1862280976
1879058192
1895835408
1912612624
1929389840
1946167056
1962944272
1979721489
1996498705
2013275921
2030053145
2046830353
2063607580
2080384814
2097162065
2113939307
2130716593
-2147473372
-2130695944
-2113918537
-2097141088
-2080363622
-2063586097
-2046808694
-2030031427
-2013254249
-1996477175
-1979700207
-1962923265
-1946146341
-1929369366
-1912592319
-1895815219
-1879038087
-1862260926
-1845483731
-1828706533
-1811929324
-1795152111
-1778374895
-1761597680
-1744820463
-1728043248
-1711266032
-1694488816
-1677711600
-1660934384
-1644157168
-1627379952
-1610602736
-1593825520
-1577048304
-1560271088
-1543493872
-1526716656
-1509939440
-1493162224
-1476384925
-1459607439
-1442830576
-1426053360
-1409276144
-1392498928
-1375721712
-1358944496
-1342167280
-1325390064
-1308612848
-1291835632
-1275058416
-1258281200
-1241503984
-1224726768
-1207949552
-1191172336
-1174395120
-1157617904
-1140840688
-1124063472
-1107286256
-1090509040
-1073731824
-1056954608
-1040177392
-1023400176
-1006622960
-989845744
-973068528
-956291312
-939514096
-922736880
-905959664
-889182448
-872405232
-855628016
-838850800
-822073584
-805296365
-788519161
-771742087
-754966387
-738195048
-721420184
-704643072
-687865856
-671088640
-654311424
-637534208
-620756992
-603979776
-587202560
-570425344
-553648128
-536870912
-520093696
-503316480
-486539264
-469762048
-452984832
-436207616
-419430400
-402653184
-385875968
-369098752
-352321536
-335544320
-318767104
-301989888
-285212672
-268435456
-251658240
-234881024
-218103808
-201326592
-184549376
-167772160
-150994944
-134217728
-117440512
-100663296
-83886080
-67108864
-50331648
-33554432
