VFAT2	11
MIN	0
MAX	255
STEP	1
N	1000000
995056
17773061
34548867
51322737
68093110
84856302
101611162
118325854
134973928
151632401
168256321
184835713
201537442
218275086
235024721
251780120
268543147
285307075
302075440
318846336
335618348
352390046
369162294
385934755
402708505
419482792
436258209
453033080
469807933
486583419
503358625
520134099
536910329
553686999
570463898
587240939
604018097
620795048
637572036
654348881
671125577
687901876
704678340
721454154
738229972
755006129
771782125
788558245
805334362
822110167
838885987
855661370
872435952
889211012
905986079
922761345
939537179
956313495
973090128
989867008
1006644169
1023421471
1040198846
1056976219
1073753690
1090531032
1107308344
1124085600
1140862783
1157639848
1174416944
1191194012
1207970959
1224747959
1241524905
1258301922
1275078908
1291855968
1308633079
1325410214
1342187393
1358964609
1375741820
1392519101
1409296423
1426073723
1442851003
1459628364
1476405694
1493183039
1509960233
1526737453
1543514580
1560291705
1577068818
1593845927
1610623017
1627400123
1644177258
1660954464
1677731631
1694508842
1711286038
1728063256
1744840466
1761617681
1778394896
1795172112
1811949328
1828726544
1845503760
1862280976
1879058192
1895835408
1912612628
1929389840
1946167056
1962944272
1979721488
1996498704
2013275921
2030053145
2046830352
2063607570
2080384792
2097162007
2113939237
2130716484
-2147473547
-2130696268
-2113918921
-2097141496
-2080364107
-2063586602
-2046809054
-2030031569
-2013254192
-1996476823
-1979699662
-1962922520
-1946145592
-1929368664
-1912591769
-1895814776
-1879037800
-1862260781
-1845483628
-1828706479
-1811929300
-1795152103
-1778374889
-1761597676
-1744820464
-1728043248
-1711266032
-1694488816
-1677711600
-1660934380
-1644157168
-1627379952
-1610602736
-1593825520
-1577048304
-1560271088
-1543493872
-1526716652
-1509939440
-1493162224
-1476385008
-1459607792
-1442830576
-1426053360
-1409276144
-1392498928
-1375721712
-1358944496
-1342167280
-1325390064
-1308612848
-1291835632
-1275058416
-1258281200
-1241503984
-1224726768
-1207949552
-1191172332
-1174395120
-1157617904
-1140840688
-1124063472
-1107286256
-1090509040
-1073731824
-1056954608
-1040177392
-1023400176
-1006622960
-989845744
-973068528
-956291312
-939514096
-922736880
-905959664
-889182448
-872405232
-855628016
-838850800
-822073584
-805296365
-788519146
-771742000
-754965808
-738194068
-721420184
-704643072
-687865856
-671088640
-654311424
-637534208
-620756992
-603979776
-587202560
-570425344
-553648128
-536870912
-520093696
-503316480
-486539264
-469762048
-452984832
-436207616
-419430400
-402653184
-385875968
-369098752
-352321536
-335544320
-318767104
-301989888
-285212672
-268435456
-251658240
-234881024
-218103808
-201326592
-184549376
-167772160
-150994944
-134217728
-117440512
-100663296
-83886080
-67108864
-50331648
-33554432
