VFAT2	11
MIN	0
MAX	255
STEP	1
N	1000000
996344
17773758
34550264
51325335
68097637
84862678
101619871
118343618
135001489
151644401
168194226
184817437
201533462
218276394
235024848
251783417
268544878
285308985
302076310
318847230
335619544
352392933
369164980
385937291
402710920
419484941
436260496
453034340
469808328
486583159
503358234
520134034
536910288
553687135
570464035
587241158
604018178
620795228
637572212
654348904
671125135
687901290
704677329
721453211
738229356
755005573
771782058
788558535
805334707
822110802
838886409
855661437
872435416
889210328
905985171
922760673
939536466
956312893
973089668
989866683
1006643807
1023421135
1040198493
1056975999
1073753457
1090530904
1107308302
1124085633
1140862908
1157640140
1174417334
1191194464
1207971540
1224748549
1241525588
1258302546
1275079445
1291856463
1308633476
1325410536
1342187589
1358964729
1375741891
1392519165
1409296383
1426073641
1442850956
1459628303
1476405634
1493182891
1509960136
1526737425
1543514611
1560291737
1577068781
1593845914
1610623026
1627400189
1644177293
1660954477
1677731666
1694508842
1711286054
1728063253
1744840469
1761617681
1778394896
1795172113
1811949328
1828726544
1845503760
1862280976
1879058192
1895835408
1912612624
1929389840
1946167056
1962944272
1979721488
1996498705
2013275921
2030053138
2046830358
2063607586
2080384814
2097162065
2113939346
2130716665
-2147473250
-2130695891
-2113918341
-2097140853
-2080363375
-2063585880
-2046808508
-2030031193
-2013253955
-1996476904
-1979699900
-1962922920
-1946146082
-1929369146
-1912592152
-1895815144
-1879038040
-1862260892
-1845483730
-1828706526
-1811929319
-1795152107
-1778374896
-1761597680
-1744820464
-1728043248
-1711266032
-1694488816
-1677711600
-1660934384
-1644157168
-1627379952
-1610602736
-1593825520
-1577048304
-1560271088
-1543493872
-1526716656
-1509939440
-1493162224
-1476385008
-1459607792
-1442830576
-1426053360
-1409276144
-1392498928
-1375721712
-1358944496
-1342167280
-1325390064
-1308612848
-1291835632
-1275058416
-1258281200
-1241503984
-1224726768
-1207949552
-1191172336
-1174395120
-1157617904
-1140840688
-1124063472
-1107286256
-1090509040
-1073731824
-1056954608
-1040177392
-1023400176
-1006622960
-989845744
-973068528
-956291312
-939514096
-922736880
-905959664
-889182448
-872405232
-855628016
-838850800
-822073584
-805296364
-788519141
-771741932
-754964980
-738191880
-721420016
-704642612
-687865856
-671088640
-654311424
-637534208
-620756992
-603979776
-587202560
-570425344
-553648128
-536870912
-520093696
-503316480
-486539264
-469762048
-452984832
-436207616
-419430400
-402653184
-385875968
-369098752
-352321536
-335544320
-318767104
-301989888
-285212672
-268435456
-251658240
-234881024
-218103808
-201326592
-184549376
-167772160
-150994944
-134217728
-117440512
-100663296
-83886080
-67108864
-50331648
-33554432
