VFAT2	11
MIN	0
MAX	255
STEP	1
N	1000000
993893
17772579
34548598
51321947
68092518
84856901
101613759
118338993
134999761
151661999
168308091
184883521
201564628
218296418
235038745
251792932
268550044
285312315
302078909
318847785
335619749
352390868
369162748
385935038
402708934
419484295
436257845
453032611
469807826
486583194
503358527
520134435
536910487
553686855
570463628
587240636
604017767
620794783
637571751
654348691
671125474
687902046
704678262
721454340
738230405
755006520
771782664
788558716
805334689
822110665
838886149
855661840
872436689
889211629
905986731
922762036
939537488
956313744
973090263
989867168
1006644305
1023421516
1040198901
1056976260
1073753689
1090531015
1107308250
1124085519
1140862628
1157639723
1174416720
1191193712
1207970704
1224747685
1241524622
1258301673
1275078747
1291855854
1308633000
1325410156
1342187371
1358964575
1375741832
1392519117
1409296424
1426073722
1442851072
1459628404
1476405716
1493183046
1509960277
1526737463
1543514575
1560291663
1577068733
1593845874
1610622978
1627400104
1644177261
1660954436
1677731634
1694508833
1711286044
1728063248
1744840466
1761617680
1778394896
1795172112
1811949328
1828726544
1845503760
1862280976
1879058192
1895835408
1912612624
1929389840
1946167056
1962944272
1979721488
1996498704
2013275920
2030053136
2046830353
2063607569
2080384784
2097162009
2113939231
2130716464
-2147473575
-2130696318
-2113918987
-2097141613
-2080364191
-2063586766
-2046809175
-2030031744
-2013254268
-1996476922
-1979699677
-1962922553
-1946145553
-1929368591
-1912591678
-1895814733
-1879037718
-1862260722
-1845483596
-1828706469
-1811929285
-1795152096
-1778374889
-1761597677
-1744820463
-1728043248
-1711266032
-1694488816
-1677711600
-1660934384
-1644157168
-1627379952
-1610602736
-1593825520
-1577048304
-1560271088
-1543493872
-1526716656
-1509939440
-1493162224
-1476385008
-1459607792
-1442830576
-1426053360
-1409276144
-1392498928
-1375721708
-1358944496
-1342167280
-1325390064
-1308612848
-1291835632
-1275058416
-1258281200
-1241503984
-1224726768
-1207949552
-1191172336
-1174395120
-1157617904
-1140840688
-1124063472
-1107286256
-1090509040
-1073731824
-1056954608
-1040177392
-1023400176
-1006622960
-989845744
-973068528
-956291312
-939514096
-922736880
-905959664
-889182448
-872405232
-855628016
-838850800
-822073581
-805296368
-788519147
-771742039
-754966212
-738194736
-721419716
-704643072
-687865856
-671088640
-654311424
-637534208
-620756992
-603979776
-587202560
-570425344
-553648128
-536870912
-520093696
-503316480
-486539264
-469762048
-452984832
-436207616
-419430400
-402653184
-385875968
-369098752
-352321536
-335544320
-318767104
-301989888
-285212672
-268435456
-251658240
-234881024
-218103808
-201326592
-184549376
-167772160
-150994944
-134217728
-117440512
-100663296
-83886080
-67108864
-50331648
-33554432
