VFAT2	11
MIN	0
MAX	255
STEP	1
N	1000000
994240
17772806
34548535
51322228
68092756
84857076
101614168
118340094
135002120
151665402
168303927
184877415
201560496
218292296
235039686
251790926
268549660
285311727
302078968
318848286
335619100
352390963
369162872
385935119
402708650
419483050
436257720
453032911
469808022
486583217
503358324
520134278
536910452
553686839
570463707
587240609
604017786
620794770
637571752
654348778
671125519
687901946
704678196
721454291
738230394
755006388
771782527
788558708
805334737
822110325
838886188
855661457
872436531
889211399
905986700
922761625
939537445
956313781
973090118
989867161
1006644297
1023421582
1040199563
1056976270
1073753655
1090531016
1107308323
1124085568
1140862624
1157639697
1174416727
1191193755
1207970759
1224747695
1241524727
1258301749
1275078789
1291855874
1308632994
1325410177
1342187384
1358964595
1375741835
1392519139
1409296407
1426073763
1442851059
1459628456
1476405752
1493183036
1509960270
1526737441
1543514589
1560291672
1577068779
1593845867
1610622956
1627400098
1644177269
1660954450
1677731628
1694508829
1711286042
1728063253
1744840468
1761617682
1778394897
1795172112
1811949328
1828726544
1845503760
1862280976
1879058192
1895835408
1912612624
1929389840
1946167056
1962944272
1979721488
1996498704
2013275920
2030053136
2046830352
2063607569
2080384788
2097162008
2113939228
2130716464
-2147473584
-2130696291
-2113918976
-2097141627
-2080364177
-2063586737
-2046809191
-2030031669
-2013254220
-1996476882
-1979699653
-1962922480
-1946145519
-1929368568
-1912591713
-1895814729
-1879037752
-1862260723
-1845483601
-1828706452
-1811929298
-1795152094
-1778374890
-1761597678
-1744820462
-1728043247
-1711266032
-1694488816
-1677711600
-1660934384
-1644157168
-1627379952
-1610602736
-1593825520
-1577048304
-1560271088
-1543493872
-1526716656
-1509939440
-1493162224
-1476385008
-1459607792
-1442830576
-1426053360
-1409276144
-1392498928
-1375721712
-1358944496
-1342167280
-1325390064
-1308612848
-1291835632
-1275058416
-1258281200
-1241503984
-1224726768
-1207949552
-1191172336
-1174395120
-1157617904
-1140840688
-1124063472
-1107286256
-1090509040
-1073731824
-1056954608
-1040177392
-1023400176
-1006622960
-989845744
-973068528
-956291312
-939514096
-922736880
-905959664
-889182448
-872405232
-855628016
-838850800
-822073584
-805296366
-788519149
-771742035
-754966264
-738194672
-721420192
-704643072
-687865856
-671088640
-654311424
-637534208
-620756992
-603979776
-587202560
-570425344
-553648128
-536870912
-520093696
-503316480
-486539264
-469762048
-452984832
-436207616
-419430400
-402653184
-385875968
-369098752
-352321536
-335544320
-318767104
-301989888
-285212672
-268435456
-251658240
-234881024
-218103808
-201326592
-184549376
-167772160
-150994944
-134217728
-117440512
-100663296
-83886080
-67108864
-50331648
-33554432
