VFAT2	11
MIN	0
MAX	255
STEP	1
N	1000000
996795
17774391
34551570
51327770
68102742
84876286
101642312
118382067
135053146
151615405
168189032
184847073
201547698
218282151
235028200
251781723
268539657
285305549
302075465
318847493
335620412
352394945
369169087
385942256
402715529
419489454
436265260
453038568
469812351
486585721
503359723
520134674
536910560
553687207
570463909
587240850
604017732
620794267
637570573
654346645
671122768
687898680
704674848
721451296
738227994
755004872
771781852
788558650
805335467
822111448
838886808
855661998
872436157
889210779
905986009
922761783
939537931
956314474
973091200
989868268
1006645363
1023422580
1040199739
1056977008
1073754266
1090531521
1107308735
1124085954
1140863173
1157640405
1174417617
1191194823
1207972029
1224749227
1241526412
1258303584
1275080743
1291857857
1308634952
1325412059
1342189021
1358966089
1375743055
1392520041
1409297096
1426074110
1442851253
1459628428
1476405704
1493182928
1509960187
1526737403
1543514692
1560291796
1577069019
1593846147
1610623227
1627400365
1644177493
1660954618
1677731763
1694508923
1711286122
1728063298
1744840489
1761617696
1778394901
1795172118
1811949331
1828726545
1845503760
1862280976
1879058192
1895835408
1912612624
1929389840
1946167058
1962944281
1979721498
1996498728
2013275966
2030053216
2046830496
2063607841
2080385193
2097162637
2113940090
2130717661
-2147472135
-2130694649
-2113917212
-2097139820
-2080362484
-2063585274
-2046808132
-2030031099
-2013254123
-1996477265
-1979700321
-1962923483
-1946146492
-1929369526
-1912592434
-1895815314
-1879038145
-1862260957
-1845483750
-1828706541
-1811929326
-1795152112
-1778374896
-1761597680
-1744820464
-1728043248
-1711266028
-1694488816
-1677711600
-1660934384
-1644157168
-1627379952
-1610602736
-1593825520
-1577048304
-1560271088
-1543493872
-1526716656
-1509939440
-1493162224
-1476385008
-1459607792
-1442830576
-1426053360
-1409276144
-1392498928
-1375721712
-1358944496
-1342167280
-1325390064
-1308612848
-1291835632
-1275058416
-1258281200
-1241503984
-1224726768
-1207949552
-1191172336
-1174395120
-1157617904
-1140840688
-1124063472
-1107286256
-1090509040
-1073731824
-1056954608
-1040177392
-1023400176
-1006622960
-989845744
-973068528
-956291312
-939514096
-922736880
-905959664
-889182448
-872405232
-855628016
-838850800
-822073584
-805296367
-788519141
-771741935
-754964724
-738188108
-721418300
-704642768
-687865752
-671088640
-654311424
-637534208
-620756992
-603979776
-587202560
-570425344
-553648128
-536870912
-520093696
-503316480
-486539264
-469762048
-452984832
-436207616
-419430400
-402653184
-385875968
-369098752
-352321536
-335544320
-318767104
-301989888
-285212672
-268435456
-251658240
-234881024
-218103808
-201326592
-184549376
-167772160
-150994944
-134217728
-117440512
-100663296
-83886080
-67108864
-50331648
-33554432
