VFAT2	11
MIN	0
MAX	255
STEP	1
N	1000000
996252
17774073
34551160
51327190
68101159
84872965
101636537
118380972
135085021
151710222
168277102
184906621
201586441
218305293
235041424
251789360
268548396
285312213
302080344
318851571
335624499
352397132
369171057
385944550
402718042
419490403
436264047
453038394
469812786
486587068
503361526
520135789
536910760
553686885
570463352
587239970
604016400
620792891
637569139
654345437
671121642
687898239
704674822
721451790
738228716
755005625
771782410
788558867
805335051
822111047
838886312
855660887
872435570
889210778
905986174
922762214
939539341
956314873
973091601
989868650
1006645651
1023422833
1040199982
1056977160
1073754344
1090531588
1107308772
1124085967
1140863188
1157640407
1174417623
1191194830
1207972047
1224749260
1241526469
1258303674
1275080870
1291858080
1308635251
1325412392
1342189543
1358966631
1375743778
1392520803
1409297870
1426074919
1442852042
1459629124
1476406208
1493183410
1509960550
1526737800
1543515039
1560292215
1577069453
1593846575
1610623722
1627400777
1644177843
1660954951
1677732080
1694509172
1711286294
1728063420
1744840597
1761617772
1778394958
1795172150
1811949351
1828726557
1845503770
1862280980
1879058197
1895835410
1912612624
1929389841
1946167058
1962944273
1979721491
1996498709
2013275934
2030053170
2046830428
2063607706
2080384994
2097162403
2113939810
2130717294
-2147472514
-2130694955
-2113917424
-2097139990
-2080362621
-2063585252
-2046807964
-2030030706
-2013253483
-1996476333
-1979699240
-1962922237
-1946145294
-1929368432
-1912591537
-1895814705
-1879037714
-1862260728
-1845483603
-1828706483
-1811929293
-1795152101
-1778374891
-1761597679
-1744820464
-1728043248
-1711266031
-1694488816
-1677711600
-1660934384
-1644157168
-1627379952
-1610602736
-1593825520
-1577048304
-1560271088
-1543493872
-1526716656
-1509939440
-1493162224
-1476385008
-1459607792
-1442830572
-1426053360
-1409276144
-1392498924
-1375721712
-1358944496
-1342167280
-1325390064
-1308612848
-1291835632
-1275058416
-1258281200
-1241503984
-1224726768
-1207949552
-1191172336
-1174395120
-1157617904
-1140840688
-1124063472
-1107286256
-1090509040
-1073731824
-1056954608
-1040177392
-1023400176
-1006622960
-989845744
-973068528
-956291312
-939514096
-922736880
-905959664
-889182448
-872405232
-855628016
-838850800
-822073582
-805296352
-788519134
-771741934
-754964720
-738187540
-721412952
-704642820
-687865856
-671088640
-654311424
-637534208
-620756992
-603979776
-587202560
-570425344
-553648128
-536870912
-520093696
-503316480
-486539264
-469762048
-452984832
-436207616
-419430400
-402653184
-385875968
-369098752
-352321536
-335544320
-318767104
-301989888
-285212672
-268435456
-251658240
-234881024
-218103808
-201326592
-184549376
-167772160
-150994944
-134217728
-117440512
-100663296
-83886080
-67108864
-50331648
-33554432
