VFAT2	11
MIN	0
MAX	255
STEP	1
N	1000000
996739
17774178
34551152
51326972
68100486
84868658
101628584
118359171
135036068
151626941
168167718
184827027
201540290
218280576
235030342
251785905
268545132
285308787
302077394
318847800
335620387
352394107
369166745
385939457
402712829
419487029
436261503
453035774
469809400
486583688
503358342
520134092
536910281
553687098
570463891
587241137
604018111
620795086
637571786
654348332
671124666
687900410
704676308
721452322
738228606
755005199
771782052
788558767
805335387
822111456
838887306
855662208
872436640
889210728
905985395
922761039
939538106
956312932
973089792
989866662
1006643865
1023421175
1040198531
1056976016
1073753514
1090530914
1107308343
1124085630
1140862980
1157640273
1174417477
1191194688
1207971873
1224749013
1241526097
1258303136
1275080128
1291857129
1308634046
1325411108
1342188089
1358965078
1375742153
1392519302
1409296463
1426073658
1442850908
1459628237
1476405529
1493182816
1509960059
1526737339
1543514553
1560291719
1577068833
1593845908
1610623080
1627400204
1644177331
1660954488
1677731659
1694508854
1711286062
1728063264
1744840467
1761617683
1778394898
1795172112
1811949328
1828726544
1845503760
1862280976
1879058192
1895835413
1912612624
1929389840
1946167060
1962944272
1979721492
1996498708
2013275932
2030053153
2046830390
2063607657
2080384902
2097162244
2113939618
2130717058
-2147472728
-2130695278
-2113917773
-2097140288
-2080362815
-2063585520
-2046808276
-2030031137
-2013254112
-1996477185
-1979700222
-1962923358
-1946146407
-1929369447
-1912592410
-1895815260
-1879038119
-1862260957
-1845483746
-1828706542
-1811929328
-1795152112
-1778374896
-1761597680
-1744820464
-1728043248
-1711266032
-1694488816
-1677711600
-1660934384
-1644157168
-1627379952
-1610602736
-1593825520
-1577048304
-1560271088
-1543493872
-1526716656
-1509939440
-1493162224
-1476385008
-1459607792
-1442830576
-1426053360
-1409276144
-1392498928
-1375721712
-1358944496
-1342167280
-1325390064
-1308612848
-1291835628
-1275058416
-1258281200
-1241503984
-1224726768
-1207949552
-1191172336
-1174395120
-1157617904
-1140840688
-1124063472
-1107286256
-1090509040
-1073731824
-1056954608
-1040177392
-1023400176
-1006622960
-989845744
-973068528
-956291312
-939514096
-922736880
-905959664
-889182448
-872405232
-855628016
-838850800
-822073584
-805296368
-788519145
-771741928
-754964772
-738189424
-721419668
-704643072
-687865856
-671088640
-654311424
-637534208
-620756992
-603979776
-587202560
-570425344
-553648128
-536870912
-520093696
-503316480
-486539264
-469762048
-452984832
-436207616
-419430400
-402653184
-385875968
-369098752
-352321536
-335544320
-318767104
-301989888
-285212672
-268435456
-251658240
-234881024
-218103808
-201326592
-184549376
-167772160
-150994944
-134217728
-117440512
-100663296
-83886080
-67108864
-50331648
-33554432
