VFAT2	11
MIN	0
MAX	255
STEP	1
N	1000000
994332
17772827
34548639
51322630
68092764
84857236
101614552
118338665
134998549
151659181
168300190
184873322
201558426
218290575
235038302
251791013
268550578
285312214
302078398
318848700
335619811
352390733
369163010
385935308
402708552
419482986
436257997
453032987
469807929
486583294
503358450
520134274
536910292
553687016
570463668
587240709
604017733
620794795
637571875
654348784
671125554
687901974
704678116
721454284
738230356
755006393
771782557
788558425
805334718
822110371
838886405
855661404
872436425
889211215
905986535
922761739
939537095
956313590
973090179
989867103
1006644249
1023421457
1040198899
1056976246
1073753800
1090531449
1107308292
1124085550
1140862696
1157639796
1174416868
1191193803
1207970772
1224747737
1241524757
1258301752
1275078798
1291855896
1308633044
1325410191
1342187363
1358964589
1375741827
1392519104
1409296415
1426073689
1442851057
1459628387
1476405727
1493182989
1509960250
1526737418
1543514606
1560291687
1577068751
1593845859
1610622986
1627400106
1644177266
1660954446
1677731626
1694508824
1711286043
1728063252
1744840472
1761617680
1778394896
1795172112
1811949328
1828726545
1845503760
1862280976
1879058192
1895835408
1912612624
1929389840
1946167056
1962944272
1979721488
1996498704
2013275920
2030053136
2046830352
2063607569
2080384786
2097162012
2113939233
2130716473
-2147473564
-2130696280
-2113918948
-2097141590
-2080364145
-2063586660
-2046809184
-2030031672
-2013254217
-1996476897
-1979699711
-1962922549
-1946145556
-1929368634
-1912591691
-1895814817
-1879037776
-1862260729
-1845483619
-1828706460
-1811929300
-1795152099
-1778374891
-1761597678
-1744820464
-1728043247
-1711266032
-1694488816
-1677711600
-1660934384
-1644157168
-1627379952
-1610602736
-1593825520
-1577048304
-1560271088
-1543493872
-1526716656
-1509939440
-1493162224
-1476385008
-1459607792
-1442830576
-1426053360
-1409276144
-1392498928
-1375721712
-1358944496
-1342167280
-1325390064
-1308612848
-1291835632
-1275058416
-1258281200
-1241503984
-1224726768
-1207949552
-1191172336
-1174395120
-1157617904
-1140840688
-1124063472
-1107286256
-1090509040
-1073731824
-1056954608
-1040177392
-1023400176
-1006622960
-989845744
-973068528
-956291312
-939514096
-922736880
-905959664
-889182448
-872405232
-855628016
-838850800
-822073583
-805296365
-788519143
-771742015
-754966023
-738194580
-721420200
-704643072
-687865856
-671088640
-654311424
-637534208
-620756992
-603979776
-587202560
-570425344
-553648128
-536870912
-520093696
-503316480
-486539264
-469762048
-452984832
-436207616
-419430400
-402653184
-385875968
-369098752
-352321536
-335544320
-318767104
-301989888
-285212672
-268435456
-251658240
-234881024
-218103808
-201326592
-184549376
-167772160
-150994944
-134217728
-117440512
-100663296
-83886080
-67108864
-50331648
-33554432
