Type	threshold
OptoHybrid	0
VFAT2	4
min	0
max	255
step	1
n	10000
----
slot	4
ctrl0	55
ctrl1	0
ctrl2	48
ctrl3	0
iPreampIn	168
iPremapFeed	80
iPreampOut	150
iShaper	150
iShaperFeed	100
iComp	75
chipId0	91
chipId1	254
latency	0
vthreshold1	25
vthreshold2	0
vcal	0
calphase	0
----
9537
16787028
33564295
50341539
67118826
83896061
100673257
117450405
134227229
151003199
167778864
184554334
201329403
218105879
234882602
251659418
268436351
285213472
301990645
318767834
335545033
352322193
369099399
385876574
402653749
419430957
436208104
452985319
469762503
486539668
503316900
520094066
536871247
553648429
570425655
587202845
603980071
620757264
637534460
654311669
671088865
687866054
704643221
721420421
738197618
754974837
771752043
788529259
805306472
822083693
838860904
855638120
872415338
889192549
905969765
922746981
939524197
956301413
973078628
989855845
1006633060
1023410277
1040187492
1056964708
1073741924
1090519140
1107296356
1124073572
1140850788
1157628004
1174405220
1191182436
1207959652
1224736868
1241514084
1258291300
1275068516
1291845732
1308622948
1325400164
1342177380
1358954596
1375731813
1392509029
1409286244
1426063461
1442840678
1459617895
1476395110
1493172326
1509949541
1526726759
1543503974
1560281192
1577058410
1593835630
1610612843
1627390062
1644167281
1660944497
1677721713
1694498928
1711276140
1728053358
1744830573
1761607791
1778385004
1795162220
1811939435
1828716650
1845493862
1862271078
1879048294
1895825509
1912602720
1929379940
1946157152
1962934364
1979711580
1996488792
2013266000
2030043200
2046820412
2063597620
2080374832
2097152028
2113929256
2130706452
-2147483648
-2130706416
-2113929212
-2097152000
-2080374780
-2063597568
-2046820348
-2030043136
-2013265920
-1996488704
-1979711488
-1962934272
-1946157056
-1929379840
-1912602624
-1895825408
-1879048192
-1862270976
-1845493760
-1828716544
-1811939328
-1795162112
-1778384896
-1761607680
-1744830464
-1728053248
-1711276032
-1694498816
-1677721600
-1660944384
-1644167168
-1627389952
-1610612736
-1593835520
-1577058304
-1560281088
-1543503872
-1526726656
-1509949440
-1493172224
-1476395008
-1459617792
-1442840576
-1426063360
-1409286144
-1392508928
-1375731712
-1358954496
-1342177280
-1325400064
-1308622848
-1291845632
-1275068416
-1258291200
-1241513984
-1224736768
-1207959552
-1191182336
-1174405120
-1157627904
-1140850688
-1124073472
-1107296256
-1090519040
-1073741824
-1056964608
-1040187392
-1023410176
-1006632960
-989855744
-973078528
-956301312
-939524096
-922746880
-905969664
-889192448
-872415232
-855638016
-838860800
-822083584
-805306368
-788529152
-771751936
-754974720
-738197504
-721420288
-704643072
-687865856
-671088640
-654311424
-637534208
-620756992
-603979776
-587202560
-570425344
-553648128
-536870912
-520093696
-503316480
-486539264
-469762048
-452984832
-436207616
-419430400
-402653184
-385875968
-369098752
-352321536
-335544320
-318767104
-301989888
-285212672
-268435456
-251658240
-234881024
-218103808
-201326592
-184549376
-167772160
-150994944
-134217728
-117440512
-100663296
-83886080
-67108864
-50331648
-33554432
