Type	threshold
OptoHybrid	0
VFAT2	11
min	0
max	255
step	1
n	10000
----
slot	11
ctrl0	55
ctrl1	0
ctrl2	48
ctrl3	0
iPreampIn	168
iPremapFeed	80
iPreampOut	150
iShaper	150
iShaperFeed	100
iComp	75
chipId0	175
chipId1	250
latency	0
vthreshold1	25
vthreshold2	0
vcal	0
calphase	0
----
9978
16787191
33564398
50341592
67118338
83893809
100669014
117444126
134220052
150996622
167773509
184550478
201327542
218104710
234881786
251658954
268436134
285213338
301990546
318767736
335544919
352322126
369099303
385876504
402653687
419430874
436208028
452985239
469762451
486539661
503316849
520094065
536871266
553648493
570425690
587202890
603980096
620757318
637534525
654311734
671088946
687866163
704643374
721420587
738197804
754975018
771752214
788529428
805306630
822083813
838861020
855638243
872415444
889192644
905969852
922747052
939524276
956301480
973078664
989855880
1006633092
1023410296
1040187500
1056964724
1073741928
1090519140
1107296356
1124073572
1140850788
1157628004
1174405220
1191182436
1207959652
1224736868
1241514084
1258291300
1275068516
1291845732
1308622948
1325400166
1342177380
1358954598
1375731816
1392509031
1409286246
1426063465
1442840680
1459617896
1476395109
1493172325
1509949543
1526726756
1543503975
1560281189
1577058404
1593835620
1610612836
1627390052
1644167268
1660944484
1677721700
1694498916
1711276132
1728053348
1744830564
1761607780
1778384996
1795162212
1811939428
1828716644
1845493860
1862271076
1879048292
1895825508
1912602724
1929379940
1946157156
1962934372
1979711588
1996488805
2013266020
2030043237
2046820452
2063597670
2080374884
2097152101
2113929316
2130706534
-2147483547
-2130706330
-2113929112
-2097151897
-2080374676
-2063597466
-2046820247
-2030043031
-2013265818
-1996488603
-1979711388
-1962934170
-1946156955
-1929379737
-1912602524
-1895825308
-1879048092
-1862270876
-1845493660
-1828716444
-1811939228
-1795162012
-1778384796
-1761607580
-1744830364
-1728053148
-1711275932
-1694498716
-1677721500
-1660944284
-1644167068
-1627389852
-1610612636
-1593835420
-1577058204
-1560280988
-1543503772
-1526726556
-1509949340
-1493172124
-1476394908
-1459617692
-1442840476
-1426063260
-1409286044
-1392508828
-1375731612
-1358954396
-1342177180
-1325399964
-1308622748
-1291845532
-1275068316
-1258291100
-1241513884
-1224736668
-1207959452
-1191182236
-1174405020
-1157627804
-1140850588
-1124073372
-1107296156
-1090518940
-1073741724
-1056964508
-1040187292
-1023410076
-1006632860
-989855644
-973078428
-956301212
-939523996
-922746780
-905969564
-889192348
-872415132
-855637916
-838860700
-822083484
-805306268
-788529060
-771751892
-754974720
-738197504
-721420288
-704643072
-687865856
-671088640
-654311424
-637534208
-620756992
-603979776
-587202560
-570425344
-553648128
-536870912
-520093696
-503316480
-486539264
-469762048
-452984832
-436207616
-419430400
-402653184
-385875968
-369098752
-352321536
-335544320
-318767104
-301989888
-285212672
-268435456
-251658240
-234881024
-218103808
-201326592
-184549376
-167772160
-150994944
-134217728
-117440512
-100663296
-83886080
-67108864
-50331648
-33554432
