Type	threshold
OptoHybrid	0
VFAT2	18
min	0
max	255
step	1
n	10000
----
slot	18
ctrl0	55
ctrl1	0
ctrl2	48
ctrl3	0
iPreampIn	168
iPremapFeed	80
iPreampOut	150
iShaper	150
iShaperFeed	100
iComp	75
chipId0	120
chipId1	254
latency	0
vthreshold1	25
vthreshold2	0
vcal	0
calphase	0
----
9986
16787207
33564376
50341157
67117406
83893069
100669076
117445427
134221894
150998684
167775127
184551734
201328354
218105247
234882288
251659332
268436496
285213671
301990708
318767864
335545004
352322218
369099391
385876584
402653770
419430970
436208159
452985357
469762555
486539740
503316957
520094141
536871332
553648559
570425767
587202980
603980186
620757425
637534616
654311827
671089003
687866149
704643339
721420502
738197719
754974926
771752140
788529356
805306568
822083788
838861000
855638220
872415432
889192652
905969865
922747085
939524283
956301513
973078736
989855910
1006633120
1023410336
1040187538
1056964733
1073741962
1090519148
1107296377
1124073580
1140850788
1157628004
1174405220
1191182436
1207959652
1224736868
1241514084
1258291304
1275068516
1291845732
1308622948
1325400164
1342177380
1358954596
1375731812
1392509028
1409286244
1426063460
1442840676
1459617892
1476395109
1493172324
1509949540
1526726757
1543503975
1560281190
1577058408
1593835624
1610612841
1627390059
1644167279
1660944491
1677721707
1694498924
1711276145
1728053355
1744830576
1761607789
1778385003
1795162219
1811939433
1828716650
1845493865
1862271078
1879048292
1895825509
1912602725
1929379940
1946157157
1962934372
1979711588
1996488804
2013266020
2030043236
2046820452
2063597668
2080374884
2097152100
2113929316
2130706532
-2147483548
-2130706332
-2113929116
-2097151899
-2080374683
-2063597468
-2046820252
-2030043036
-2013265820
-1996488603
-1979711384
-1962934171
-1946156949
-1929379736
-1912602511
-1895825302
-1879048087
-1862270865
-1845493648
-1828716433
-1811939220
-1795162006
-1778384788
-1761607577
-1744830362
-1728053146
-1711275928
-1694498714
-1677721500
-1660944284
-1644167068
-1627389852
-1610612636
-1593835420
-1577058204
-1560280988
-1543503772
-1526726556
-1509949340
-1493172124
-1476394908
-1459617692
-1442840476
-1426063260
-1409286044
-1392508828
-1375731612
-1358954396
-1342177180
-1325399964
-1308622748
-1291845532
-1275068316
-1258291100
-1241513884
-1224736668
-1207959452
-1191182236
-1174405020
-1157627804
-1140850588
-1124073372
-1107296156
-1090518940
-1073741724
-1056964508
-1040187292
-1023410076
-1006632860
-989855644
-973078428
-956301212
-939523996
-922746780
-905969564
-889192348
-872415132
-855637916
-838860700
-822083484
-805306272
-788529088
-771751904
-754974720
-738197504
-721420288
-704643072
-687865856
-671088640
-654311424
-637534208
-620756992
-603979776
-587202560
-570425344
-553648128
-536870912
-520093696
-503316480
-486539264
-469762048
-452984832
-436207616
-419430400
-402653184
-385875968
-369098752
-352321536
-335544320
-318767104
-301989888
-285212672
-268435456
-251658240
-234881024
-218103808
-201326592
-184549376
-167772160
-150994944
-134217728
-117440512
-100663296
-83886080
-67108864
-50331648
-33554432
