Type	threshold
OptoHybrid	0
VFAT2	19
min	0
max	255
step	1
n	10000
----
slot	19
ctrl0	55
ctrl1	0
ctrl2	48
ctrl3	0
iPreampIn	168
iPremapFeed	80
iPreampOut	150
iShaper	150
iShaperFeed	100
iComp	75
chipId0	148
chipId1	254
latency	0
vthreshold1	25
vthreshold2	0
vcal	0
calphase	0
----
9948
16787163
33564400
50341482
67118078
83893588
100667732
117444027
134220696
150997294
167774176
184551214
201328191
218105371
234882380
251659387
268436400
285213608
301990657
318767920
335545010
352322178
369099383
385876493
402653686
419430894
436208070
452985218
469762431
486539609
503316808
520094001
536871214
553648418
570425624
587202815
603980032
620757241
637534437
654311640
671088842
687866049
704643244
721420462
738197636
754974861
771752062
788529268
805306482
822083686
838860917
855638121
872415337
889192548
905969765
922746980
939524196
956301412
973078628
989855844
1006633060
1023410276
1040187492
1056964708
1073741924
1090519140
1107296356
1124073572
1140850789
1157628004
1174405223
1191182437
1207959655
1224736873
1241514087
1258291303
1275068523
1291845745
1308622958
1325400176
1342177392
1358954610
1375731828
1392509046
1409286261
1426063478
1442840690
1459617904
1476395122
1493172334
1509949547
1526726762
1543503978
1560281192
1577058408
1593835625
1610612840
1627390053
1644167270
1660944490
1677721703
1694498919
1711276143
1728053361
1744830577
1761607796
1778385007
1795162229
1811939443
1828716660
1845493874
1862271084
1879048298
1895825511
1912602726
1929379943
1946157157
1962934373
1979711589
1996488804
2013266020
2030043236
2046820453
2063597668
2080374884
2097152100
2113929316
2130706532
-2147483548
-2130706332
-2113929116
-2097151900
-2080374684
-2063597468
-2046820252
-2030043036
-2013265820
-1996488604
-1979711388
-1962934172
-1946156956
-1929379740
-1912602524
-1895825308
-1879048092
-1862270876
-1845493660
-1828716444
-1811939228
-1795162012
-1778384796
-1761607580
-1744830364
-1728053148
-1711275932
-1694498716
-1677721500
-1660944284
-1644167068
-1627389852
-1610612636
-1593835420
-1577058204
-1560280988
-1543503772
-1526726556
-1509949340
-1493172124
-1476394908
-1459617692
-1442840476
-1426063260
-1409286044
-1392508828
-1375731612
-1358954396
-1342177180
-1325399964
-1308622748
-1291845532
-1275068316
-1258291100
-1241513884
-1224736668
-1207959452
-1191182236
-1174405020
-1157627804
-1140850588
-1124073372
-1107296156
-1090518940
-1073741724
-1056964506
-1040187292
-1023410076
-1006632860
-989855644
-973078440
-956301264
-939524096
-922746880
-905969664
-889192448
-872415232
-855638016
-838860800
-822083584
-805306368
-788529152
-771751936
-754974720
-738197504
-721420288
-704643072
-687865856
-671088640
-654311424
-637534208
-620756992
-603979776
-587202560
-570425344
-553648128
-536870912
-520093696
-503316480
-486539264
-469762048
-452984832
-436207616
-419430400
-402653184
-385875968
-369098752
-352321536
-335544320
-318767104
-301989888
-285212672
-268435456
-251658240
-234881024
-218103808
-201326592
-184549376
-167772160
-150994944
-134217728
-117440512
-100663296
-83886080
-67108864
-50331648
-33554432
