Type	threshold
OptoHybrid	0
VFAT2	11
min	0
max	255
step	1
n	10000
----
slot	11
ctrl0	55
ctrl1	0
ctrl2	48
ctrl3	0
iPreampIn	168
iPremapFeed	80
iPreampOut	150
iShaper	150
iShaperFeed	100
iComp	75
chipId0	175
chipId1	250
latency	0
vthreshold1	25
vthreshold2	0
vcal	0
calphase	0
----
9984
16787192
33564403
50341380
67117512
83892358
100667689
117443477
134219624
150996423
167773381
184550363
201327508
218104623
234881829
251658969
268436150
285213369
301990538
318767719
335544891
352322112
369099274
385876447
402653609
419430820
436208019
452985236
469762430
486539647
503316850
520094067
536871276
553648476
570425682
587202884
603980099
620757319
637534524
654311734
671088953
687866161
704643374
721420570
738197785
754974993
771752174
788529394
805306594
822083813
838861012
855638224
872415432
889192632
905969852
922747052
939524272
956301476
973078668
989855880
1006633092
1023410292
1040187512
1056964716
1073741936
1090519144
1107296356
1124073572
1140850788
1157628004
1174405220
1191182436
1207959652
1224736868
1241514084
1258291300
1275068516
1291845733
1308622951
1325400167
1342177383
1358954600
1375731815
1392509032
1409286244
1426063462
1442840678
1459617893
1476395109
1493172325
1509949540
1526726756
1543503972
1560281188
1577058404
1593835620
1610612836
1627390052
1644167268
1660944484
1677721700
1694498916
1711276132
1728053348
1744830564
1761607780
1778384996
1795162212
1811939428
1828716644
1845493860
1862271076
1879048292
1895825509
1912602724
1929379940
1946157157
1962934374
1979711588
1996488806
2013266020
2030043240
2046820456
2063597670
2080374887
2097152105
2113929319
2130706537
-2147483544
-2130706329
-2113929114
-2097151898
-2080374683
-2063597467
-2046820250
-2030043035
-2013265818
-1996488604
-1979711388
-1962934171
-1946156956
-1929379740
-1912602524
-1895825308
-1879048092
-1862270876
-1845493660
-1828716444
-1811939228
-1795162012
-1778384796
-1761607580
-1744830364
-1728053148
-1711275932
-1694498716
-1677721500
-1660944284
-1644167068
-1627389852
-1610612636
-1593835420
-1577058204
-1560280988
-1543503772
-1526726556
-1509949340
-1493172124
-1476394908
-1459617692
-1442840476
-1426063260
-1409286044
-1392508828
-1375731612
-1358954396
-1342177180
-1325399964
-1308622748
-1291845532
-1275068316
-1258291100
-1241513884
-1224736668
-1207959452
-1191182236
-1174405020
-1157627804
-1140850588
-1124073372
-1107296156
-1090518940
-1073741724
-1056964508
-1040187292
-1023410076
-1006632860
-989855644
-973078428
-956301212
-939523996
-922746780
-905969564
-889192348
-872415132
-855637916
-838860712
-822083536
-805306356
-788529152
-771751936
-754974720
-738197504
-721420288
-704643072
-687865856
-671088640
-654311424
-637534208
-620756992
-603979776
-587202560
-570425344
-553648128
-536870912
-520093696
-503316480
-486539264
-469762048
-452984832
-436207616
-419430400
-402653184
-385875968
-369098752
-352321536
-335544320
-318767104
-301989888
-285212672
-268435456
-251658240
-234881024
-218103808
-201326592
-184549376
-167772160
-150994944
-134217728
-117440512
-100663296
-83886080
-67108864
-50331648
-33554432
