Type	threshold
OptoHybrid	0
VFAT2	20
min	0
max	255
step	1
n	10000
----
slot	20
ctrl0	55
ctrl1	0
ctrl2	48
ctrl3	0
iPreampIn	168
iPremapFeed	80
iPreampOut	150
iShaper	150
iShaperFeed	100
iComp	75
chipId0	64
chipId1	251
latency	0
vthreshold1	25
vthreshold2	0
vcal	0
calphase	0
----
10000
16787216
33564432
50341573
67118475
83894497
100670158
117445053
134220476
150996950
167773896
184550960
201328007
218105108
234882235
251659258
268436420
285213618
301990805
318767983
335545162
352322281
369099476
385876593
402653775
419430975
436208101
452985288
469762466
486539670
503316908
520094104
536871329
553648508
570425741
587202997
603980119
620757325
637534567
654311809
671088965
687866162
704643420
721420617
738197808
754975050
771752239
788529465
805306664
822083859
838861108
855638342
872415390
889192553
905969763
922747000
939524210
956301420
973078673
989855870
1006633080
1023410268
1040187496
1056964711
1073741928
1090519142
1107296279
1124073572
1140850788
1157628004
1174405220
1191182440
1207959653
1224736868
1241514116
1258291300
1275068516
1291845732
1308622949
1325400164
1342177380
1358954596
1375731812
1392509028
1409286244
1426063460
1442840676
1459617892
1476395108
1493172324
1509949540
1526726756
1543503972
1560281188
1577058404
1593835620
1610612836
1627390052
1644167268
1660944484
1677721700
1694498918
1711276132
1728053348
1744830564
1761607780
1778384996
1795162213
1811939428
1828716644
1845493860
1862271076
1879048292
1895825508
1912602725
1929379940
1946157156
1962934373
1979711588
1996488804
2013266020
2030043237
2046820452
2063597668
2080374884
2097152100
2113929316
2130706532
-2147483548
-2130706332
-2113929116
-2097151899
-2080374684
-2063597466
-2046820246
-2030043031
-2013265816
-1996488583
-1979711381
-1962934162
-1946156927
-1929379718
-1912602532
-1895825320
-1879048114
-1862270871
-1845493639
-1828716440
-1811939226
-1795162011
-1778384794
-1761607579
-1744830364
-1728053148
-1711275932
-1694498716
-1677721500
-1660944284
-1644167068
-1627389852
-1610612636
-1593835420
-1577058204
-1560280988
-1543503776
-1526726568
-1509949356
-1493172128
-1476394924
-1459617716
-1442840524
-1426063316
-1409286080
-1392508884
-1375731684
-1358954488
-1342177272
-1325400064
-1308622848
-1291845628
-1275068408
-1258291200
-1241513984
-1224736768
-1207959552
-1191182336
-1174405120
-1157627904
-1140850688
-1124073472
-1107296256
-1090519040
-1073741824
-1056964608
-1040187392
-1023410176
-1006632960
-989855744
-973078528
-956301312
-939524096
-922746880
-905969664
-889192448
-872415232
-855638016
-838860800
-822083584
-805306368
-788529152
-771751936
-754974720
-738197504
-721420288
-704643072
-687865856
-671088640
-654311424
-637534208
-620756992
-603979776
-587202560
-570425344
-553648128
-536870912
-520093696
-503316480
-486539264
-469762048
-452984832
-436207616
-419430400
-402653184
-385875968
-369098752
-352321536
-335544320
-318767104
-301989888
-285212672
-268435456
-251658240
-234881024
-218103808
-201326592
-184549376
-167772160
-150994944
-134217728
-117440512
-100663296
-83886080
-67108864
-50331648
-33554432
