Type	threshold
OptoHybrid	0
VFAT2	10
min	0
max	255
step	1
n	10000
----
slot	10
ctrl0	55
ctrl1	0
ctrl2	48
ctrl3	0
iPreampIn	168
iPremapFeed	80
iPreampOut	150
iShaper	150
iShaperFeed	100
iComp	75
chipId0	139
chipId1	254
latency	0
vthreshold1	25
vthreshold2	0
vcal	0
calphase	0
----
9996
16787212
33564419
50341528
67117621
83892957
100668178
117444057
134220283
150997014
167773944
184551022
201328072
218105176
234882336
251659449
268436563
285213723
301990804
318767891
335545008
352322148
369099349
385876544
402653690
419430867
436208061
452985256
469762472
486539636
503316882
520094091
536871275
553648479
570425699
587202904
603980077
620757291
637534479
654311685
671088897
687866128
704643328
721420545
738197764
754974973
771752181
788529392
805306609
822083817
838861033
855638251
872415461
889192667
905969863
922747050
939524250
956301436
973078648
989855872
1006633081
1023410297
1040187534
1056964745
1073741945
1090519157
1107296369
1124073584
1140850806
1157628028
1174405238
1191182449
1207959658
1224736873
1241514086
1258291310
1275068521
1291845732
1308622954
1325400168
1342177393
1358954597
1375731816
1392509028
1409286248
1426063464
1442840676
1459617892
1476395108
1493172328
1509949545
1526726757
1543503972
1560281188
1577058405
1593835624
1610612837
1627390052
1644167275
1660944485
1677721701
1694498923
1711276136
1728053354
1744830572
1761607791
1778385002
1795162220
1811939439
1828716649
1845493864
1862271082
1879048298
1895825510
1912602726
1929379940
1946157156
1962934372
1979711588
1996488804
2013266020
2030043236
2046820452
2063597668
2080374884
2097152100
2113929316
2130706532
-2147483548
-2130706332
-2113929116
-2097151900
-2080374684
-2063597468
-2046820252
-2030043036
-2013265820
-1996488604
-1979711388
-1962934172
-1946156956
-1929379740
-1912602524
-1895825308
-1879048092
-1862270876
-1845493660
-1828716444
-1811939228
-1795162012
-1778384796
-1761607580
-1744830364
-1728053148
-1711275932
-1694498716
-1677721500
-1660944284
-1644167068
-1627389852
-1610612636
-1593835420
-1577058204
-1560280988
-1543503772
-1526726556
-1509949340
-1493172124
-1476394908
-1459617692
-1442840476
-1426063260
-1409286044
-1392508828
-1375731612
-1358954396
-1342177180
-1325399964
-1308622764
-1291845556
-1275068328
-1258291144
-1241513944
-1224736732
-1207959532
-1191182320
-1174405116
-1157627904
-1140850684
-1124073472
-1107296256
-1090519040
-1073741824
-1056964608
-1040187392
-1023410176
-1006632960
-989855744
-973078528
-956301312
-939524096
-922746880
-905969664
-889192448
-872415232
-855638016
-838860800
-822083584
-805306368
-788529152
-771751936
-754974720
-738197504
-721420288
-704643072
-687865856
-671088640
-654311424
-637534208
-620756992
-603979776
-587202560
-570425344
-553648128
-536870912
-520093696
-503316480
-486539264
-469762048
-452984832
-436207616
-419430400
-402653184
-385875968
-369098752
-352321536
-335544320
-318767104
-301989888
-285212672
-268435456
-251658240
-234881024
-218103808
-201326592
-184549376
-167772160
-150994944
-134217728
-117440512
-100663296
-83886080
-67108864
-50331648
-33554432
