Type	threshold
OptoHybrid	0
VFAT2	10
min	0
max	255
step	1
n	10000
----
slot	10
ctrl0	55
ctrl1	0
ctrl2	48
ctrl3	0
iPreampIn	168
iPremapFeed	80
iPreampOut	150
iShaper	150
iShaperFeed	100
iComp	75
chipId0	139
chipId1	254
latency	0
vthreshold1	25
vthreshold2	0
vcal	0
calphase	0
----
9992
16787211
33564421
50341255
67116716
83892233
100667268
117443429
134220154
150996890
167773859
184550893
201327956
218105100
234882238
251659331
268436542
285213671
301990735
318767866
335545036
352322171
369099335
385876519
402653689
419430859
436208095
452985263
469762470
486539687
503316897
520094081
536871243
553648489
570425703
587202874
603980087
620757270
637534493
654311689
671088890
687866121
704643324
721420532
738197740
754974954
771752180
788529389
805306600
822083816
838861034
855638254
872415461
889192670
905969843
922747015
939524233
956301426
973078664
989855870
1006633083
1023410286
1040187517
1056964740
1073741949
1090519156
1107296364
1124073588
1140850796
1157628016
1174405225
1191182437
1207959668
1224736874
1241514092
1258291302
1275068520
1291845732
1308622948
1325400164
1342177384
1358954596
1375731816
1392509028
1409286244
1426063464
1442840676
1459617896
1476395108
1493172324
1509949540
1526726757
1543503972
1560281188
1577058406
1593835620
1610612840
1627390052
1644167268
1660944486
1677721701
1694498919
1711276136
1728053355
1744830573
1761607789
1778384999
1795162221
1811939438
1828716646
1845493866
1862271077
1879048295
1895825509
1912602726
1929379942
1946157157
1962934372
1979711589
1996488804
2013266020
2030043237
2046820452
2063597668
2080374884
2097152100
2113929316
2130706532
-2147483548
-2130706332
-2113929116
-2097151900
-2080374684
-2063597468
-2046820252
-2030043036
-2013265820
-1996488604
-1979711388
-1962934172
-1946156956
-1929379740
-1912602524
-1895825308
-1879048092
-1862270876
-1845493660
-1828716444
-1811939228
-1795162012
-1778384796
-1761607580
-1744830364
-1728053148
-1711275932
-1694498716
-1677721500
-1660944284
-1644167068
-1627389852
-1610612636
-1593835420
-1577058204
-1560280988
-1543503772
-1526726556
-1509949340
-1493172124
-1476394908
-1459617692
-1442840476
-1426063260
-1409286044
-1392508828
-1375731612
-1358954396
-1342177180
-1325399964
-1308622752
-1291845540
-1275068360
-1258291128
-1241513936
-1224736732
-1207959536
-1191182328
-1174405112
-1157627904
-1140850688
-1124073472
-1107296256
-1090519040
-1073741824
-1056964608
-1040187392
-1023410176
-1006632960
-989855744
-973078528
-956301312
-939524096
-922746880
-905969664
-889192448
-872415232
-855638016
-838860800
-822083584
-805306368
-788529152
-771751936
-754974720
-738197504
-721420288
-704643072
-687865856
-671088640
-654311424
-637534208
-620756992
-603979776
-587202560
-570425344
-553648128
-536870912
-520093696
-503316480
-486539264
-469762048
-452984832
-436207616
-419430400
-402653184
-385875968
-369098752
-352321536
-335544320
-318767104
-301989888
-285212672
-268435456
-251658240
-234881024
-218103808
-201326592
-184549376
-167772160
-150994944
-134217728
-117440512
-100663296
-83886080
-67108864
-50331648
-33554432
