Type	threshold
OptoHybrid	0
VFAT2	4
min	0
max	255
step	1
n	10000
----
slot	4
ctrl0	55
ctrl1	0
ctrl2	48
ctrl3	0
iPreampIn	168
iPremapFeed	80
iPreampOut	150
iShaper	150
iShaperFeed	100
iComp	75
chipId0	91
chipId1	254
latency	0
vthreshold1	25
vthreshold2	0
vcal	0
calphase	0
----
9260
16786751
33564169
50341528
67118788
83896026
100673249
117450461
134227335
151003678
167779495
184554669
201330157
218106175
234882637
251659345
268436448
285213549
301990646
318767794
335544969
352322177
369099360
385876539
402653735
419430923
436208120
452985308
469762462
486539671
503316849
520094074
536871267
553648455
570425640
587202843
603980044
620757260
637534457
654311673
671088867
687866018
704643222
721420409
738197620
754974826
771752047
788529259
805306475
822083690
838860901
855638116
872415334
889192550
905969767
922746982
939524196
956301412
973078628
989855844
1006633060
1023410278
1040187492
1056964708
1073741924
1090519140
1107296356
1124073572
1140850788
1157628004
1174405220
1191182436
1207959652
1224736868
1241514084
1258291300
1275068516
1291845732
1308622948
1325400164
1342177380
1358954596
1375731812
1392509028
1409286244
1426063460
1442840676
1459617892
1476395108
1493172326
1509949543
1526726756
1543503973
1560281190
1577058409
1593835625
1610612843
1627390060
1644167275
1660944500
1677721713
1694498930
1711276139
1728053360
1744830577
1761607791
1778385004
1795162214
1811939434
1828716649
1845493869
1862271078
1879048296
1895825510
1912602720
1929379941
1946157157
1962934364
1979711572
1996488788
2013265996
2030043200
2046820436
2063597645
2080374852
2097152044
2113929252
2130706464
-2147483616
-2130706404
-2113929204
-2097151996
-2080374784
-2063597564
-2046820352
-2030043136
-2013265920
-1996488704
-1979711488
-1962934272
-1946157056
-1929379840
-1912602624
-1895825408
-1879048192
-1862270976
-1845493760
-1828716544
-1811939328
-1795162112
-1778384896
-1761607680
-1744830464
-1728053248
-1711276032
-1694498816
-1677721600
-1660944384
-1644167168
-1627389952
-1610612736
-1593835520
-1577058304
-1560281088
-1543503872
-1526726656
-1509949440
-1493172224
-1476395008
-1459617792
-1442840576
-1426063360
-1409286144
-1392508928
-1375731712
-1358954496
-1342177280
-1325400064
-1308622848
-1291845632
-1275068416
-1258291200
-1241513984
-1224736768
-1207959552
-1191182336
-1174405120
-1157627904
-1140850688
-1124073472
-1107296256
-1090519040
-1073741824
-1056964608
-1040187392
-1023410176
-1006632960
-989855744
-973078528
-956301312
-939524096
-922746880
-905969664
-889192448
-872415232
-855638016
-838860800
-822083584
-805306368
-788529152
-771751936
-754974720
-738197504
-721420288
-704643072
-687865856
-671088640
-654311424
-637534208
-620756992
-603979776
-587202560
-570425344
-553648128
-536870912
-520093696
-503316480
-486539264
-469762048
-452984832
-436207616
-419430400
-402653184
-385875968
-369098752
-352321536
-335544320
-318767104
-301989888
-285212672
-268435456
-251658240
-234881024
-218103808
-201326592
-184549376
-167772160
-150994944
-134217728
-117440512
-100663296
-83886080
-67108864
-50331648
-33554432
