Type	threshold
OptoHybrid	0
VFAT2	19
min	0
max	255
step	1
n	10000
----
slot	19
ctrl0	55
ctrl1	0
ctrl2	48
ctrl3	0
iPreampIn	168
iPremapFeed	80
iPreampOut	150
iShaper	150
iShaperFeed	100
iComp	75
chipId0	148
chipId1	254
latency	0
vthreshold1	25
vthreshold2	0
vcal	0
calphase	0
----
9942
16787158
33564387
50341528
67118082
83894536
100669087
117444377
134220652
150997310
167774121
184551133
201328172
218105341
234882455
251659532
268436497
285213597
301990685
318767879
335545057
352322199
369099366
385876539
402653709
419430879
436208056
452985289
469762465
486539643
503316784
520094022
536871202
553648438
570425620
587202854
603980023
620757223
637534457
654311642
671088848
687866069
704643266
721420457
738197672
754974886
771752093
788529286
805306486
822083694
838860907
855638120
872415332
889192548
905969764
922746980
939524200
956301412
973078628
989855844
1006633060
1023410276
1040187492
1056964708
1073741924
1090519140
1107296356
1124073572
1140850788
1157628005
1174405220
1191182437
1207959652
1224736868
1241514084
1258291303
1275068519
1291845737
1308622954
1325400173
1342177386
1358954605
1375731824
1392509046
1409286258
1426063481
1442840694
1459617911
1476395124
1493172342
1509949553
1526726768
1543503984
1560281198
1577058412
1593835626
1610612840
1627390053
1644167269
1660944485
1677721701
1694498918
1711276135
1728053351
1744830571
1761607789
1778385007
1795162223
1811939441
1828716660
1845493874
1862271090
1879048308
1895825521
1912602738
1929379946
1946157159
1962934378
1979711591
1996488805
2013266020
2030043236
2046820452
2063597668
2080374884
2097152100
2113929316
2130706532
-2147483548
-2130706332
-2113929116
-2097151900
-2080374684
-2063597468
-2046820252
-2030043036
-2013265820
-1996488604
-1979711388
-1962934172
-1946156956
-1929379740
-1912602524
-1895825308
-1879048092
-1862270876
-1845493660
-1828716444
-1811939228
-1795162012
-1778384796
-1761607580
-1744830364
-1728053148
-1711275932
-1694498716
-1677721500
-1660944284
-1644167068
-1627389852
-1610612636
-1593835420
-1577058204
-1560280988
-1543503772
-1526726556
-1509949340
-1493172124
-1476394908
-1459617692
-1442840476
-1426063260
-1409286044
-1392508828
-1375731612
-1358954396
-1342177180
-1325399964
-1308622748
-1291845532
-1275068316
-1258291100
-1241513884
-1224736668
-1207959452
-1191182236
-1174405020
-1157627804
-1140850588
-1124073372
-1107296156
-1090518940
-1073741724
-1056964508
-1040187292
-1023410076
-1006632860
-989855644
-973078428
-956301212
-939523996
-922746792
-905969636
-889192444
-872415232
-855638016
-838860800
-822083584
-805306368
-788529152
-771751936
-754974720
-738197504
-721420288
-704643072
-687865856
-671088640
-654311424
-637534208
-620756992
-603979776
-587202560
-570425344
-553648128
-536870912
-520093696
-503316480
-486539264
-469762048
-452984832
-436207616
-419430400
-402653184
-385875968
-369098752
-352321536
-335544320
-318767104
-301989888
-285212672
-268435456
-251658240
-234881024
-218103808
-201326592
-184549376
-167772160
-150994944
-134217728
-117440512
-100663296
-83886080
-67108864
-50331648
-33554432
