Type	threshold
OptoHybrid	0
VFAT2	19
min	0
max	255
step	1
n	10000
----
slot	19
ctrl0	55
ctrl1	0
ctrl2	48
ctrl3	0
iPreampIn	168
iPremapFeed	80
iPreampOut	150
iShaper	150
iShaperFeed	100
iComp	75
chipId0	148
chipId1	254
latency	0
vthreshold1	25
vthreshold2	0
vcal	0
calphase	0
----
9944
16787164
33564382
50341589
67118795
83895710
100671432
117446276
134222214
150998144
167774592
184551457
201328417
218105397
234882566
251659600
268436738
285213677
301990763
318767909
335545038
352322183
369099347
385876581
402653804
419430909
436208061
452985215
469762446
486539594
503316799
520093984
536871179
553648417
570425587
587202809
603980024
620757213
637534425
654311641
671088848
687866060
704643241
721420436
738197664
754974874
771752076
788529286
805306479
822083697
838860909
855638116
872415333
889192557
905969764
922746980
939524196
956301412
973078628
989855844
1006633060
1023410276
1040187492
1056964708
1073741924
1090519140
1107296356
1124073573
1140850788
1157628004
1174405220
1191182436
1207959652
1224736871
1241514086
1258291302
1275068523
1291845739
1308622960
1325400175
1342177396
1358954613
1375731829
1392509045
1409286265
1426063480
1442840698
1459617913
1476395125
1493172342
1509949552
1526726768
1543503983
1560281201
1577058407
1593835623
1610612838
1627390054
1644167269
1660944487
1677721703
1694498923
1711276137
1728053359
1744830576
1761607792
1778385016
1795162226
1811939446
1828716668
1845493878
1862271096
1879048303
1895825519
1912602729
1929379944
1946157159
1962934374
1979711592
1996488804
2013266021
2030043236
2046820452
2063597668
2080374884
2097152100
2113929316
2130706532
-2147483548
-2130706332
-2113929116
-2097151900
-2080374684
-2063597468
-2046820252
-2030043036
-2013265820
-1996488604
-1979711388
-1962934172
-1946156956
-1929379740
-1912602524
-1895825308
-1879048092
-1862270876
-1845493660
-1828716444
-1811939228
-1795162012
-1778384796
-1761607580
-1744830364
-1728053148
-1711275932
-1694498716
-1677721500
-1660944284
-1644167068
-1627389852
-1610612636
-1593835420
-1577058204
-1560280988
-1543503772
-1526726556
-1509949340
-1493172124
-1476394908
-1459617692
-1442840476
-1426063260
-1409286044
-1392508828
-1375731612
-1358954396
-1342177180
-1325399964
-1308622748
-1291845532
-1275068316
-1258291100
-1241513884
-1224736668
-1207959452
-1191182236
-1174405020
-1157627804
-1140850588
-1124073372
-1107296156
-1090518940
-1073741724
-1056964508
-1040187292
-1023410076
-1006632860
-989855644
-973078428
-956301212
-939524008
-922746804
-905969648
-889192448
-872415232
-855638016
-838860800
-822083584
-805306368
-788529152
-771751936
-754974720
-738197504
-721420288
-704643072
-687865856
-671088640
-654311424
-637534208
-620756992
-603979776
-587202560
-570425344
-553648128
-536870912
-520093696
-503316480
-486539264
-469762048
-452984832
-436207616
-419430400
-402653184
-385875968
-369098752
-352321536
-335544320
-318767104
-301989888
-285212672
-268435456
-251658240
-234881024
-218103808
-201326592
-184549376
-167772160
-150994944
-134217728
-117440512
-100663296
-83886080
-67108864
-50331648
-33554432
