Type	threshold
OptoHybrid	0
VFAT2	4
min	0
max	255
step	1
n	10000
----
slot	4
ctrl0	55
ctrl1	0
ctrl2	48
ctrl3	0
iPreampIn	168
iPremapFeed	80
iPreampOut	150
iShaper	150
iShaperFeed	100
iComp	75
chipId0	91
chipId1	254
latency	0
vthreshold1	25
vthreshold2	0
vcal	0
calphase	0
----
9849
16787132
33564395
50341639
67118773
83895752
100671847
117447363
134222404
150998298
167774676
184551293
201327979
218104916
234881991
251659111
268436262
285213459
301990589
318767806
335544969
352322188
369099336
385876526
402653709
419430928
436208124
452985316
469762494
486539674
503316857
520094052
536871281
553648483
570425647
587202876
603980080
620757275
637534505
654311701
671088875
687866077
704643226
721420427
738197631
754974834
771752038
788529254
805306474
822083685
838860902
855638123
872415332
889192551
905969764
922746981
939524196
956301412
973078629
989855844
1006633060
1023410276
1040187492
1056964708
1073741924
1090519140
1107296356
1124073572
1140850788
1157628004
1174405220
1191182436
1207959652
1224736868
1241514084
1258291300
1275068516
1291845732
1308622948
1325400166
1342177380
1358954596
1375731812
1392509028
1409286248
1426063464
1442840677
1459617894
1476395114
1493172330
1509949549
1526726766
1543503980
1560281195
1577058412
1593835628
1610612845
1627390064
1644167278
1660944495
1677721711
1694498921
1711276136
1728053352
1744830566
1761607784
1778384995
1795162212
1811939428
1828716640
1845493860
1862271068
1879048264
1895825496
1912602684
1929379896
1946157128
1962934328
1979711536
1996488728
2013265932
2030043152
2046820388
2063597588
2080374808
2097152004
2113929220
2130706432
-2147483648
-2130706432
-2113929212
-2097152000
-2080374784
-2063597568
-2046820352
-2030043136
-2013265920
-1996488704
-1979711488
-1962934272
-1946157056
-1929379840
-1912602624
-1895825408
-1879048192
-1862270976
-1845493760
-1828716544
-1811939328
-1795162112
-1778384896
-1761607680
-1744830464
-1728053248
-1711276032
-1694498816
-1677721600
-1660944384
-1644167168
-1627389952
-1610612736
-1593835520
-1577058304
-1560281088
-1543503872
-1526726656
-1509949440
-1493172224
-1476395008
-1459617792
-1442840576
-1426063360
-1409286144
-1392508928
-1375731712
-1358954496
-1342177280
-1325400064
-1308622848
-1291845632
-1275068416
-1258291200
-1241513984
-1224736768
-1207959552
-1191182336
-1174405120
-1157627904
-1140850688
-1124073472
-1107296256
-1090519040
-1073741824
-1056964608
-1040187392
-1023410176
-1006632960
-989855744
-973078528
-956301312
-939524096
-922746880
-905969664
-889192448
-872415232
-855638016
-838860800
-822083584
-805306368
-788529152
-771751936
-754974720
-738197504
-721420288
-704643072
-687865856
-671088640
-654311424
-637534208
-620756992
-603979776
-587202560
-570425344
-553648128
-536870912
-520093696
-503316480
-486539264
-469762048
-452984832
-436207616
-419430400
-402653184
-385875968
-369098752
-352321536
-335544320
-318767104
-301989888
-285212672
-268435456
-251658240
-234881024
-218103808
-201326592
-184549376
-167772160
-150994944
-134217728
-117440512
-100663296
-83886080
-67108864
-50331648
-33554432
