Type	threshold
OptoHybrid	0
VFAT2	18
min	0
max	255
step	1
n	10000
----
slot	18
ctrl0	55
ctrl1	0
ctrl2	48
ctrl3	0
iPreampIn	168
iPremapFeed	80
iPreampOut	150
iShaper	150
iShaperFeed	100
iComp	75
chipId0	120
chipId1	254
latency	0
vthreshold1	25
vthreshold2	0
vcal	0
calphase	0
----
9983
16787191
33564412
50341465
67117255
83893090
100669892
117445921
134222579
150999327
167776106
184552803
201329655
218105840
234882510
251659443
268436437
285213549
301990669
318767806
335545017
352322177
369099367
385876537
402653717
419430962
436208149
452985303
469762541
486539733
503316925
520094142
536871338
553648527
570425757
587202990
603980206
620757411
637534646
654311861
671089030
687866209
704643353
721420560
738197763
754974948
771752161
788529352
805306580
822083788
838861001
855638218
872415439
889192651
905969869
922747082
939524294
956301514
973078712
989855904
1006633117
1023410319
1040187522
1056964738
1073741941
1090519161
1107296366
1124073572
1140850788
1157628004
1174405220
1191182436
1207959652
1224736868
1241514084
1258291304
1275068516
1291845732
1308622948
1325400164
1342177380
1358954596
1375731812
1392509028
1409286244
1426063461
1442840676
1459617893
1476395108
1493172324
1509949541
1526726760
1543503975
1560281196
1577058410
1593835632
1610612844
1627390059
1644167283
1660944501
1677721713
1694498931
1711276147
1728053360
1744830571
1761607786
1778385003
1795162217
1811939433
1828716648
1845493863
1862271078
1879048293
1895825509
1912602724
1929379940
1946157156
1962934372
1979711588
1996488804
2013266020
2030043236
2046820452
2063597668
2080374884
2097152100
2113929316
2130706533
-2147483548
-2130706332
-2113929116
-2097151900
-2080374684
-2063597468
-2046820252
-2030043035
-2013265817
-1996488600
-1979711383
-1962934165
-1946156950
-1929379735
-1912602517
-1895825296
-1879048077
-1862270861
-1845493653
-1828716433
-1811939219
-1795162006
-1778384794
-1761607576
-1744830360
-1728053145
-1711275932
-1694498716
-1677721500
-1660944284
-1644167068
-1627389852
-1610612636
-1593835420
-1577058204
-1560280988
-1543503772
-1526726556
-1509949340
-1493172124
-1476394908
-1459617692
-1442840476
-1426063260
-1409286044
-1392508828
-1375731612
-1358954396
-1342177180
-1325399964
-1308622748
-1291845532
-1275068316
-1258291100
-1241513884
-1224736668
-1207959452
-1191182236
-1174405020
-1157627804
-1140850588
-1124073372
-1107296156
-1090518940
-1073741724
-1056964508
-1040187292
-1023410076
-1006632860
-989855644
-973078428
-956301212
-939523996
-922746780
-905969564
-889192348
-872415132
-855637916
-838860700
-822083484
-805306268
-788529060
-771751892
-754974720
-738197504
-721420288
-704643072
-687865856
-671088640
-654311424
-637534208
-620756992
-603979776
-587202560
-570425344
-553648128
-536870912
-520093696
-503316480
-486539264
-469762048
-452984832
-436207616
-419430400
-402653184
-385875968
-369098752
-352321536
-335544320
-318767104
-301989888
-285212672
-268435456
-251658240
-234881024
-218103808
-201326592
-184549376
-167772160
-150994944
-134217728
-117440512
-100663296
-83886080
-67108864
-50331648
-33554432
