Type	threshold
OptoHybrid	0
VFAT2	20
min	0
max	255
step	1
n	1000000
----
slot	20
ctrl0	55
ctrl1	0
ctrl2	48
ctrl3	0
iPreampIn	168
iPremapFeed	80
iPreampOut	150
iShaper	150
iShaperFeed	100
iComp	75
chipId0	64
chipId1	251
latency	0
vthreshold1	1
vthreshold2	0
vcal	0
calphase	0
----
999995
17777214
34554389
51323038
68033630
84676111
101278297
117889291
134563282
151275123
168006388
184748600
201495222
218377663
235005941
251766117
268532093
285301186
302072369
318843123
335618704
352391779
369165650
385939935
402713870
419486633
436262008
453033370
469807497
486583057
503349649
520133460
536910776
553683872
570457271
587240210
604015134
620790945
637567994
654344415
671118553
687887466
704673849
721449292
738228486
755004528
771781552
788559209
805336600
822113364
838887573
855661797
872432492
889204343
905979940
922756873
939533455
956308497
973088325
989864934
1006642506
1023420508
1040196277
1056973512
1073751494
1090528966
1107302768
1124083499
1140860298
1157635256
1174414944
1191191414
1207965033
1224739682
1241523501
1258299924
1275076976
1291855018
1308630796
1325410045
1342187192
1358964004
1375741173
1392518172
1409295772
1426072849
1442850308
1459626872
1476404749
1493181988
1509959217
1526736596
1543513536
1560289993
1577067697
1593845451
1610621177
1627399652
1644176942
1660953705
1677731010
1694508772
1711286080
1728061993
1744840113
1761616908
1778394544
1795171570
1811948556
1828725549
1845498396
1862280836
1879056000
1895834628
1912612056
1929389168
1946166649
1962943468
1979721180
1996498620
2013270994
2030052024
2046829108
2063607006
2080383288
2097160092
2113936926
2130716071
-2147474538
-2130698084
-2113919262
-2097142719
-2080365124
-2063588895
-2046811106
-2030033290
-2013255581
-1996479119
-1979701498
-1962924332
-1946146869
-1929369587
-1912592924
-1895815729
-1879038610
-1862260630
-1845483853
-1828707695
-1811930381
-1795152941
-1778376045
-1761599207
-1744822307
-1728044960
-1711268011
-1694492402
-1677713574
-1660937559
-1644159846
-1627381790
-1610604414
-1593828292
-1577051024
-1560274495
-1543498175
-1526721768
-1509945336
-1493168892
-1476392424
-1459615808
-1442839028
-1426062407
-1409285400
-1392508432
-1375731492
-1358954288
-1342177180
-1325399976
-1308622796
-1291845604
-1275068408
-1258291192
-1241513972
-1224736764
-1207959548
-1191182336
-1174405120
-1157627904
-1140850688
-1124073472
-1107296256
-1090519040
-1073741824
-1056964608
-1040187392
-1023410176
-1006632960
-989855744
-973078528
-956301312
-939524096
-922746880
-905969664
-889192448
-872415232
-855638016
-838860800
-822083584
-805306368
-788529152
-771751936
-754974720
-738197504
-721420288
-704643072
-687865856
-671088640
-654311424
-637534208
-620756992
-603979776
-587202560
-570425344
-553648128
-536870912
-520093696
-503316480
-486539264
-469762048
-452984832
-436207616
-419430400
-402653184
-385875968
-369098752
-352321536
-335544320
-318767104
-301989888
-285212672
-268435456
-251658240
-234881024
-218103808
-201326592
-184549376
-167772160
-150994944
-134217728
-117440512
-100663296
-83886080
-67108864
-50331648
-33554432
