Type	threshold
OptoHybrid	0
VFAT2	12
min	0
max	255
step	1
n	10000
----
slot	12
ctrl0	55
ctrl1	0
ctrl2	48
ctrl3	0
iPreampIn	168
iPremapFeed	80
iPreampOut	150
iShaper	150
iShaperFeed	100
iComp	75
chipId0	152
chipId1	254
latency	0
vthreshold1	25
vthreshold2	0
vcal	0
calphase	0
----
9918
16787165
33564400
50341542
67118318
83893897
100668482
117444455
134220447
150997168
167773739
184550754
201327723
218104869
234881942
251659155
268436312
285213464
301990631
318767829
335544989
352322169
369099320
385876532
402653733
419430955
436208088
452985291
469762462
486539676
503316871
520094056
536871278
553648479
570425702
587202899
603980106
620757295
637534494
654311699
671088888
687866096
704643303
721420464
738197656
754974878
771752085
788529289
805306500
822083707
838860924
855638141
872415356
889192572
905969786
922747002
939524218
956301432
973078648
989855862
1006633072
1023410285
1040187503
1056964719
1073741931
1090519142
1107296359
1124073574
1140850789
1157628005
1174405220
1191182436
1207959652
1224736868
1241514084
1258291300
1275068516
1291845732
1308622948
1325400164
1342177380
1358954596
1375731812
1392509028
1409286244
1426063460
1442840676
1459617892
1476395108
1493172324
1509949540
1526726756
1543503972
1560281188
1577058404
1593835620
1610612836
1627390052
1644167268
1660944484
1677721700
1694498916
1711276132
1728053348
1744830564
1761607780
1778384996
1795162212
1811939428
1828716644
1845493860
1862271076
1879048292
1895825508
1912602724
1929379940
1946157156
1962934372
1979711588
1996488804
2013266020
2030043236
2046820452
2063597668
2080374884
2097152100
2113929316
2130706532
-2147483548
-2130706332
-2113929116
-2097151900
-2080374684
-2063597468
-2046820252
-2030043036
-2013265820
-1996488604
-1979711388
-1962934172
-1946156956
-1929379740
-1912602524
-1895825308
-1879048092
-1862270876
-1845493660
-1828716444
-1811939228
-1795162012
-1778384796
-1761607580
-1744830364
-1728053148
-1711275932
-1694498716
-1677721500
-1660944284
-1644167068
-1627389852
-1610612636
-1593835420
-1577058204
-1560280988
-1543503772
-1526726555
-1509949339
-1493172120
-1476394905
-1459617682
-1442840467
-1426063247
-1409286031
-1392508815
-1375731600
-1358954389
-1342177171
-1325399961
-1308622745
-1291845532
-1275068316
-1258291100
-1241513884
-1224736668
-1207959452
-1191182236
-1174405020
-1157627804
-1140850588
-1124073372
-1107296156
-1090518940
-1073741724
-1056964508
-1040187296
-1023410100
-1006632952
-989855740
-973078528
-956301312
-939524096
-922746880
-905969664
-889192448
-872415232
-855638016
-838860800
-822083584
-805306368
-788529152
-771751936
-754974720
-738197504
-721420288
-704643072
-687865856
-671088640
-654311424
-637534208
-620756992
-603979776
-587202560
-570425344
-553648128
-536870912
-520093696
-503316480
-486539264
-469762048
-452984832
-436207616
-419430400
-402653184
-385875968
-369098752
-352321536
-335544320
-318767104
-301989888
-285212672
-268435456
-251658240
-234881024
-218103808
-201326592
-184549376
-167772160
-150994944
-134217728
-117440512
-100663296
-83886080
-67108864
-50331648
-33554432
