Type	threshold
OptoHybrid	0
VFAT2	11
min	0
max	255
step	1
n	1000000
----
slot	11
ctrl0	55
ctrl1	0
ctrl2	48
ctrl3	0
iPreampIn	168
iPremapFeed	80
iPreampOut	150
iShaper	150
iShaperFeed	100
iComp	75
chipId0	175
chipId1	250
latency	0
vthreshold1	1
vthreshold2	0
vcal	0
calphase	0
----
997515
17775637
34552598
51327867
68082966
84773380
101410784
118022237
134646555
151311743
168007685
184730192
201470995
218224149
234985714
251751210
268521325
285291435
302062958
318835630
335608277
352381245
369154918
385928372
402702401
419476831
436251445
453026847
469802451
486578530
503354894
520131218
536908022
553684728
570461413
587238061
604014890
620791276
637567917
654344203
671120670
687897018
704672996
721448689
738224942
755000818
771776482
788552710
805329014
822105293
838881720
855658385
872435156
889211901
905988919
922765618
939542311
956318905
973095686
989872116
1006648662
1023425263
1040201633
1056978186
1073754679
1090531392
1107308156
1124084694
1140861703
1157638691
1174415660
1191192647
1207969853
1224746947
1241524136
1258301370
1275078597
1291855838
1308633069
1325410345
1342187595
1358964831
1375742066
1392519248
1409296484
1426073660
1442850840
1459628022
1476405184
1493182359
1509959541
1526736750
1543513950
1560291156
1577068348
1593845563
1610622780
1627399996
1644177227
1660954428
1677731656
1694508867
1711286103
1728063302
1744840550
1761617773
1778394982
1795172217
1811949453
1828726668
1845503895
1862281152
1879058361
1895835581
1912612807
1929390052
1946167301
1962944492
1979721718
1996498943
2013276133
2030053337
2046830542
2063607758
2080384930
2097162138
2113939320
2130716542
-2147473565
-2130696382
-2113919168
-2097141972
-2080364764
-2063587549
-2046810343
-2030033129
-2013255918
-1996478699
-1979701487
-1962924272
-1946147051
-1929369840
-1912592623
-1895815408
-1879038192
-1862260976
-1845483760
-1828706544
-1811929328
-1795152112
-1778374896
-1761597680
-1744820464
-1728043248
-1711266032
-1694488816
-1677711600
-1660934384
-1644157168
-1627379952
-1610602736
-1593825520
-1577048300
-1560271088
-1543493872
-1526716656
-1509939440
-1493162224
-1476385008
-1459607792
-1442830576
-1426053360
-1409276140
-1392498928
-1375721712
-1358944496
-1342167280
-1325390064
-1308612848
-1291835632
-1275058416
-1258281200
-1241503984
-1224726768
-1207949552
-1191172336
-1174395120
-1157617904
-1140840688
-1124063472
-1107286256
-1090509040
-1073731824
-1056954608
-1040177392
-1023400176
-1006622960
-989845744
-973068528
-956291312
-939514096
-922736880
-905959663
-889182442
-872405226
-855628060
-838851495
-822077296
-805304440
-788529040
-771751920
-754974720
-738197504
-721420288
-704643072
-687865856
-671088640
-654311424
-637534208
-620756992
-603979776
-587202560
-570425344
-553648128
-536870912
-520093696
-503316480
-486539264
-469762048
-452984832
-436207616
-419430400
-402653184
-385875968
-369098752
-352321536
-335544320
-318767104
-301989888
-285212672
-268435456
-251658240
-234881024
-218103808
-201326592
-184549376
-167772160
-150994944
-134217728
-117440512
-100663296
-83886080
-67108864
-50331648
-33554432
