Type	threshold
OptoHybrid	0
VFAT2	3
min	0
max	255
step	1
n	10000
----
slot	3
ctrl0	55
ctrl1	0
ctrl2	48
ctrl3	0
iPreampIn	168
iPremapFeed	80
iPreampOut	150
iShaper	150
iShaperFeed	100
iComp	75
chipId0	123
chipId1	254
latency	0
vthreshold1	25
vthreshold2	0
vcal	0
calphase	0
----
8961
16786978
33564350
50341607
67118830
83896025
100673208
117450397
134227009
151002945
167776691
184551762
201328119
218104866
234881939
251659062
268436229
285213422
301990563
318767749
335544932
352322110
369099290
385876526
402653683
419430860
436208015
452985220
469762419
486539635
503316849
520094054
536871251
553648473
570425688
587202897
603980105
620757326
637534530
654311747
671088956
687866165
704643365
721420590
738197803
754974975
771752104
788529318
805306497
822083699
838860904
855638120
872415332
889192548
905969765
922746981
939524197
956301417
973078631
989855847
1006633061
1023410283
1040187503
1056964719
1073741939
1090519152
1107296373
1124073590
1140850803
1157628020
1174405234
1191182451
1207959661
1224736874
1241514089
1258291304
1275068516
1291845732
1308622949
1325400164
1342177380
1358954596
1375731812
1392509028
1409286244
1426063460
1442840676
1459617892
1476395108
1493172324
1509949540
1526726756
1543503972
1560281188
1577058404
1593835620
1610612836
1627390052
1644167268
1660944484
1677721700
1694498916
1711276132
1728053348
1744830564
1761607780
1778384996
1795162212
1811939428
1828716644
1845493860
1862271076
1879048292
1895825508
1912602724
1929379940
1946157156
1962934372
1979711588
1996488804
2013266020
2030043236
2046820452
2063597668
2080374884
2097152100
2113929316
2130706532
-2147483548
-2130706332
-2113929116
-2097151900
-2080374684
-2063597468
-2046820252
-2030043036
-2013265820
-1996488604
-1979711388
-1962934172
-1946156956
-1929379740
-1912602524
-1895825307
-1879048091
-1862270874
-1845493660
-1828716441
-1811939224
-1795162004
-1778384792
-1761607574
-1744830359
-1728053144
-1711275932
-1694498716
-1677721497
-1660944282
-1644167068
-1627389852
-1610612636
-1593835420
-1577058204
-1560280988
-1543503772
-1526726556
-1509949340
-1493172124
-1476394908
-1459617692
-1442840476
-1426063260
-1409286044
-1392508828
-1375731612
-1358954396
-1342177180
-1325399964
-1308622748
-1291845532
-1275068316
-1258291100
-1241513884
-1224736668
-1207959452
-1191182236
-1174405020
-1157627804
-1140850588
-1124073372
-1107296156
-1090518940
-1073741724
-1056964508
-1040187292
-1023410076
-1006632860
-989855644
-973078428
-956301212
-939523996
-922746784
-905969580
-889192424
-872415232
-855638016
-838860800
-822083584
-805306368
-788529152
-771751936
-754974720
-738197504
-721420288
-704643072
-687865856
-671088640
-654311424
-637534208
-620756992
-603979776
-587202560
-570425344
-553648128
-536870912
-520093696
-503316480
-486539264
-469762048
-452984832
-436207616
-419430400
-402653184
-385875968
-369098752
-352321536
-335544320
-318767104
-301989888
-285212672
-268435456
-251658240
-234881024
-218103808
-201326592
-184549376
-167772160
-150994944
-134217728
-117440512
-100663296
-83886080
-67108864
-50331648
-33554432
