Type	threshold
OptoHybrid	0
VFAT2	20
min	0
max	255
step	1
n	10000
----
slot	20
ctrl0	55
ctrl1	0
ctrl2	48
ctrl3	0
iPreampIn	168
iPremapFeed	80
iPreampOut	150
iShaper	150
iShaperFeed	100
iComp	75
chipId0	64
chipId1	251
latency	0
vthreshold1	25
vthreshold2	0
vcal	0
calphase	0
----
10000
16787216
33564432
50341595
67118348
83892999
100668971
117444550
134220890
150997146
167773972
184550999
201328048
218105202
234882132
251659323
268436442
285213603
301990865
318767976
335545134
352322337
369099448
385876610
402653729
419430905
436208109
452985236
469762468
486539685
503316893
520094120
536871323
553648521
570425727
587202917
603980147
620757367
637534548
654311802
671088995
687866199
704643383
721420668
738197820
754975065
771752245
788529424
805306685
822083861
838861176
855638285
872415349
889192569
905969786
922747049
939524235
956301465
973078601
989855843
1006633072
1023410324
1040187496
1056964684
1073741938
1090519180
1107296361
1124073574
1140850790
1157628006
1174405220
1191182437
1207959653
1224736870
1241514084
1258291300
1275068516
1291845734
1308622948
1325400164
1342177380
1358954596
1375731812
1392509028
1409286244
1426063460
1442840676
1459617892
1476395108
1493172324
1509949540
1526726756
1543503972
1560281188
1577058404
1593835620
1610612836
1627390052
1644167268
1660944484
1677721700
1694498916
1711276132
1728053348
1744830564
1761607780
1778384996
1795162212
1811939428
1828716644
1845493860
1862271076
1879048292
1895825508
1912602724
1929379940
1946157156
1962934372
1979711588
1996488804
2013266020
2030043236
2046820452
2063597668
2080374884
2097152100
2113929316
2130706532
-2147483547
-2130706332
-2113929115
-2097151899
-2080374683
-2063597467
-2046820250
-2030043033
-2013265832
-1996488568
-1979711412
-1962934148
-1946156962
-1929379735
-1912602513
-1895825268
-1879048097
-1862270884
-1845493639
-1828716456
-1811939240
-1795162009
-1778384795
-1761607575
-1744830364
-1728053148
-1711275931
-1694498716
-1677721500
-1660944283
-1644167068
-1627389852
-1610612640
-1593835420
-1577058208
-1560280988
-1543503776
-1526726564
-1509949344
-1493172124
-1476394912
-1459617712
-1442840512
-1426063304
-1409286088
-1392508856
-1375731660
-1358954464
-1342177268
-1325400052
-1308622844
-1291845624
-1275068412
-1258291200
-1241513984
-1224736768
-1207959552
-1191182336
-1174405120
-1157627904
-1140850688
-1124073472
-1107296256
-1090519040
-1073741824
-1056964608
-1040187392
-1023410176
-1006632960
-989855744
-973078528
-956301312
-939524096
-922746880
-905969664
-889192448
-872415232
-855638016
-838860800
-822083584
-805306368
-788529152
-771751936
-754974720
-738197504
-721420288
-704643072
-687865856
-671088640
-654311424
-637534208
-620756992
-603979776
-587202560
-570425344
-553648128
-536870912
-520093696
-503316480
-486539264
-469762048
-452984832
-436207616
-419430400
-402653184
-385875968
-369098752
-352321536
-335544320
-318767104
-301989888
-285212672
-268435456
-251658240
-234881024
-218103808
-201326592
-184549376
-167772160
-150994944
-134217728
-117440512
-100663296
-83886080
-67108864
-50331648
-33554432
