Type	threshold
OptoHybrid	0
VFAT2	18
min	0
max	255
step	1
n	10000
----
slot	18
ctrl0	55
ctrl1	0
ctrl2	48
ctrl3	0
iPreampIn	168
iPremapFeed	80
iPreampOut	150
iShaper	150
iShaperFeed	100
iComp	75
chipId0	120
chipId1	254
latency	0
vthreshold1	25
vthreshold2	0
vcal	0
calphase	0
----
9985
16787195
33564400
50341455
67117936
83894082
100669978
117446046
134222230
150998586
167775106
184551668
201328273
218105322
234882249
251659321
268436413
285213590
301990697
318767877
335545040
352322225
369099351
385876590
402653764
419430960
436208149
452985383
469762562
486539740
503316939
520094147
536871327
553648540
570425783
587202996
603980213
620757421
637534633
654311842
671089020
687866206
704643355
721420519
738197738
754974929
771752144
788529353
805306568
822083784
838861000
855638220
872415435
889192652
905969867
922747082
939524297
956301507
973078734
989855925
1006633135
1023410348
1040187573
1056964759
1073741963
1090519164
1107296368
1124073596
1140850792
1157628021
1174405220
1191182440
1207959652
1224736868
1241514084
1258291300
1275068516
1291845732
1308622948
1325400164
1342177380
1358954596
1375731812
1392509028
1409286244
1426063460
1442840676
1459617892
1476395108
1493172324
1509949540
1526726756
1543503972
1560281189
1577058404
1593835621
1610612840
1627390058
1644167274
1660944489
1677721705
1694498925
1711276145
1728053362
1744830575
1761607793
1778385008
1795162223
1811939441
1828716653
1845493869
1862271085
1879048299
1895825510
1912602724
1929379942
1946157158
1962934374
1979711588
1996488804
2013266020
2030043236
2046820452
2063597668
2080374884
2097152100
2113929316
2130706532
-2147483548
-2130706332
-2113929116
-2097151900
-2080374684
-2063597468
-2046820252
-2030043036
-2013265820
-1996488604
-1979711386
-1962934171
-1946156955
-1929379736
-1912602523
-1895825306
-1879048085
-1862270871
-1845493651
-1828716435
-1811939214
-1795162005
-1778384786
-1761607571
-1744830350
-1728053140
-1711275926
-1694498714
-1677721499
-1660944283
-1644167066
-1627389852
-1610612636
-1593835420
-1577058204
-1560280988
-1543503772
-1526726556
-1509949340
-1493172124
-1476394908
-1459617692
-1442840476
-1426063260
-1409286044
-1392508828
-1375731612
-1358954396
-1342177180
-1325399964
-1308622748
-1291845532
-1275068316
-1258291100
-1241513884
-1224736668
-1207959452
-1191182236
-1174405020
-1157627804
-1140850588
-1124073372
-1107296156
-1090518940
-1073741724
-1056964508
-1040187292
-1023410076
-1006632860
-989855644
-973078428
-956301212
-939523996
-922746780
-905969564
-889192348
-872415132
-855637916
-838860700
-822083484
-805306268
-788529064
-771751884
-754974708
-738197504
-721420288
-704643072
-687865856
-671088640
-654311424
-637534208
-620756992
-603979776
-587202560
-570425344
-553648128
-536870912
-520093696
-503316480
-486539264
-469762048
-452984832
-436207616
-419430400
-402653184
-385875968
-369098752
-352321536
-335544320
-318767104
-301989888
-285212672
-268435456
-251658240
-234881024
-218103808
-201326592
-184549376
-167772160
-150994944
-134217728
-117440512
-100663296
-83886080
-67108864
-50331648
-33554432
