Type	threshold
OptoHybrid	0
VFAT2	3
min	0
max	255
step	1
n	10000
----
slot	3
ctrl0	55
ctrl1	0
ctrl2	48
ctrl3	0
iPreampIn	168
iPremapFeed	80
iPreampOut	150
iShaper	150
iShaperFeed	100
iComp	75
chipId0	123
chipId1	254
latency	0
vthreshold1	25
vthreshold2	0
vcal	0
calphase	0
----
9570
16787079
33564355
50341606
67118815
83896024
100673197
117450072
134226113
150999781
167774971
184551481
201328121
218104992
234882123
251659242
268436344
285213499
301990656
318767803
335544989
352322171
369099355
385876541
402653709
419430820
436208014
452985232
469762444
486539639
503316852
520094054
536871268
553648477
570425694
587202909
603980107
620757320
637534539
654311753
671088969
687866171
704643382
721420585
738197791
754974964
771752162
788529304
805306504
822083692
838860925
855638120
872415336
889192548
905969765
922746981
939524196
956301414
973078631
989855846
1006633062
1023410280
1040187503
1056964720
1073741935
1090519156
1107296371
1124073585
1140850808
1157628021
1174405235
1191182445
1207959663
1224736873
1241514089
1258291301
1275068518
1291845734
1308622951
1325400165
1342177381
1358954596
1375731812
1392509028
1409286244
1426063460
1442840676
1459617892
1476395108
1493172324
1509949540
1526726756
1543503972
1560281188
1577058404
1593835620
1610612836
1627390052
1644167268
1660944484
1677721700
1694498916
1711276132
1728053348
1744830564
1761607780
1778384996
1795162212
1811939428
1828716644
1845493860
1862271076
1879048292
1895825508
1912602724
1929379940
1946157156
1962934372
1979711588
1996488804
2013266020
2030043236
2046820452
2063597668
2080374884
2097152100
2113929316
2130706532
-2147483548
-2130706332
-2113929116
-2097151900
-2080374684
-2063597468
-2046820252
-2030043036
-2013265820
-1996488604
-1979711388
-1962934172
-1946156956
-1929379740
-1912602523
-1895825308
-1879048091
-1862270872
-1845493660
-1828716441
-1811939225
-1795162008
-1778384794
-1761607574
-1744830358
-1728053144
-1711275927
-1694498715
-1677721498
-1660944284
-1644167068
-1627389852
-1610612636
-1593835420
-1577058204
-1560280988
-1543503772
-1526726556
-1509949340
-1493172124
-1476394908
-1459617692
-1442840476
-1426063260
-1409286044
-1392508828
-1375731612
-1358954396
-1342177180
-1325399964
-1308622748
-1291845532
-1275068316
-1258291100
-1241513884
-1224736668
-1207959452
-1191182236
-1174405020
-1157627804
-1140850588
-1124073372
-1107296156
-1090518940
-1073741724
-1056964508
-1040187292
-1023410076
-1006632860
-989855644
-973078428
-956301212
-939523996
-922746792
-905969596
-889192444
-872415232
-855638016
-838860800
-822083584
-805306368
-788529152
-771751936
-754974720
-738197504
-721420288
-704643072
-687865856
-671088640
-654311424
-637534208
-620756992
-603979776
-587202560
-570425344
-553648128
-536870912
-520093696
-503316480
-486539264
-469762048
-452984832
-436207616
-419430400
-402653184
-385875968
-369098752
-352321536
-335544320
-318767104
-301989888
-285212672
-268435456
-251658240
-234881024
-218103808
-201326592
-184549376
-167772160
-150994944
-134217728
-117440512
-100663296
-83886080
-67108864
-50331648
-33554432
