Type	threshold
OptoHybrid	0
VFAT2	18
min	0
max	255
step	1
n	1000000
----
slot	18
ctrl0	55
ctrl1	0
ctrl2	48
ctrl3	0
iPreampIn	168
iPremapFeed	80
iPreampOut	150
iShaper	150
iShaperFeed	100
iComp	75
chipId0	120
chipId1	254
latency	0
vthreshold1	1
vthreshold2	0
vcal	0
calphase	0
----
999263
17776859
34553475
51304326
67964132
84609716
101274487
117943191
134643469
151403266
168182551
184954547
201708009
218435974
235153851
251869028
268591064
285318333
302073650
318840766
335611155
352382994
369155369
385929099
402704336
419480524
436256927
453033203
469809016
486584160
503359418
520134337
536909695
553685187
570461748
587238983
604017110
620795458
637574159
654351360
671126906
687901054
704674358
721448523
738223911
754999503
771775657
788552016
805328559
822105359
838881872
855658526
872435090
889211576
905987937
922764136
939540131
956316554
973092465
989868913
1006645054
1023421758
1040198485
1056975296
1073752222
1090529376
1107306428
1124083546
1140860737
1157637936
1174415144
1191192348
1207969565
1224746769
1241523987
1258301201
1275078420
1291855636
1308632852
1325410068
1342187294
1358964506
1375741723
1392518949
1409296171
1426073413
1442850617
1459627859
1476405108
1493182360
1509959636
1526736905
1543514173
1560291483
1577068844
1593846146
1610623493
1627400800
1644178165
1660955399
1677732691
1694509898
1711287103
1728064296
1744841434
1761618566
1778395604
1795172726
1811949810
1828726934
1845504033
1862281171
1879058312
1895835497
1912612671
1929389868
1946167069
1962944279
1979721493
1996498707
2013275923
2030053138
2046830353
2063607569
2080384785
2097162006
2113939220
2130716438
-2147473636
-2130696411
-2113919188
-2097141962
-2080364722
-2063587472
-2046810230
-2030032929
-2013255655
-1996478369
-1979700995
-1962923656
-1946146343
-1929368985
-1912591639
-1895814390
-1879037114
-1862259987
-1845482835
-1828705734
-1811928650
-1795151608
-1778374525
-1761597430
-1744820283
-1728043143
-1711265963
-1694488785
-1677711581
-1660934377
-1644157162
-1627379951
-1610602735
-1593825520
-1577048304
-1560271088
-1543493872
-1526716656
-1509939436
-1493162224
-1476385008
-1459607792
-1442830576
-1426053360
-1409276144
-1392498928
-1375721712
-1358944496
-1342167280
-1325390064
-1308612848
-1291835632
-1275058416
-1258281200
-1241503984
-1224726768
-1207949552
-1191172336
-1174395120
-1157617904
-1140840688
-1124063472
-1107286256
-1090509040
-1073731824
-1056954608
-1040177392
-1023400176
-1006622956
-989845744
-973068528
-956291312
-939514096
-922736880
-905959664
-889182448
-872405232
-855628014
-838850797
-822073587
-805296531
-788522336
-771749296
-754974576
-738197504
-721420288
-704643072
-687865856
-671088640
-654311424
-637534208
-620756992
-603979776
-587202560
-570425344
-553648128
-536870908
-520093696
-503316480
-486539264
-469762048
-452984832
-436207616
-419430400
-402653184
-385875968
-369098752
-352321536
-335544320
-318767104
-301989888
-285212672
-268435456
-251658240
-234881024
-218103808
-201326592
-184549376
-167772160
-150994944
-134217728
-117440512
-100663296
-83886080
-67108864
-50331648
-33554432
