Type	threshold
OptoHybrid	0
VFAT2	20
min	0
max	255
step	1
n	10000
----
slot	20
ctrl0	55
ctrl1	0
ctrl2	48
ctrl3	0
iPreampIn	168
iPremapFeed	80
iPreampOut	150
iShaper	150
iShaperFeed	100
iComp	75
chipId0	64
chipId1	251
latency	0
vthreshold1	25
vthreshold2	0
vcal	0
calphase	0
----
10000
16787216
33564432
50340971
67116753
83892836
100668507
117443913
134219892
150996834
167773782
184550873
201327966
218105001
234882162
251659285
268436428
285213658
301990702
318767977
335545163
352322307
369099503
385876629
402653731
419430961
436208106
452985273
469762487
486539649
503316890
520094093
536871324
553648538
570425734
587202912
603980142
620757349
637534560
654311762
671088975
687866102
704643410
721420653
738197787
754975042
771752274
788529440
805306703
822083900
838861095
855638281
872415380
889192604
905969784
922746973
939524179
956301457
973078661
989855878
1006633118
1023410315
1040187471
1056964702
1073741886
1090519130
1107296362
1124073593
1140850763
1157627992
1174405222
1191182436
1207959652
1224736868
1241514084
1258291300
1275068516
1291845732
1308622948
1325400164
1342177380
1358954596
1375731812
1392509028
1409286244
1426063460
1442840676
1459617892
1476395108
1493172324
1509949540
1526726756
1543503972
1560281188
1577058404
1593835620
1610612836
1627390052
1644167268
1660944484
1677721700
1694498916
1711276137
1728053348
1744830564
1761607780
1778384996
1795162212
1811939428
1828716644
1845493860
1862271076
1879048292
1895825508
1912602724
1929379940
1946157156
1962934372
1979711588
1996488804
2013266020
2030043236
2046820452
2063597668
2080374884
2097152100
2113929316
2130706532
-2147483548
-2130706332
-2113929116
-2097151900
-2080374683
-2063597480
-2046820250
-2030043035
-2013265817
-1996488583
-1979711377
-1962934137
-1946157000
-1929379735
-1912602545
-1895825301
-1879048099
-1862270870
-1845493667
-1828716451
-1811939241
-1795162008
-1778384794
-1761607580
-1744830363
-1728053147
-1711275931
-1694498715
-1677721500
-1660944284
-1644167067
-1627389852
-1610612636
-1593835420
-1577058204
-1560280992
-1543503772
-1526726556
-1509949340
-1493172136
-1476394932
-1459617708
-1442840496
-1426063292
-1409286088
-1392508888
-1375731696
-1358954460
-1342177256
-1325400044
-1308622840
-1291845632
-1275068416
-1258291200
-1241513984
-1224736768
-1207959552
-1191182336
-1174405120
-1157627904
-1140850688
-1124073472
-1107296256
-1090519040
-1073741824
-1056964608
-1040187392
-1023410176
-1006632960
-989855744
-973078528
-956301312
-939524096
-922746880
-905969664
-889192448
-872415232
-855638016
-838860800
-822083584
-805306368
-788529152
-771751936
-754974720
-738197504
-721420288
-704643072
-687865856
-671088640
-654311424
-637534208
-620756992
-603979776
-587202560
-570425344
-553648128
-536870912
-520093696
-503316480
-486539264
-469762048
-452984832
-436207616
-419430400
-402653184
-385875968
-369098752
-352321536
-335544320
-318767104
-301989888
-285212672
-268435456
-251658240
-234881024
-218103808
-201326592
-184549376
-167772160
-150994944
-134217728
-117440512
-100663296
-83886080
-67108864
-50331648
-33554432
