Type	threshold
OptoHybrid	0
VFAT2	20
min	0
max	255
step	1
n	10000
----
slot	20
ctrl0	55
ctrl1	0
ctrl2	48
ctrl3	0
iPreampIn	168
iPremapFeed	80
iPreampOut	150
iShaper	150
iShaperFeed	100
iComp	75
chipId0	64
chipId1	251
latency	0
vthreshold1	25
vthreshold2	0
vcal	0
calphase	0
----
10000
16787216
33564418
50340843
67116249
83892294
100667947
117443680
134219805
150996701
167773693
184550825
201327914
218105026
234882173
251659280
268436477
285213658
301990815
318768007
335545130
352322323
369099524
385876679
402653770
419430941
436208125
452985324
469762515
486539694
503316889
520094132
536871312
553648544
570425760
587202955
603980238
620757403
637534576
654311792
671088983
687866202
704643414
721420640
738197862
754975043
771752272
788529493
805306687
822083944
838861079
855638305
872415498
889192613
905969790
922747004
939524221
956301417
973078643
989855869
1006633088
1023410302
1040187500
1056964734
1073741952
1090519164
1107296383
1124073600
1140850812
1157628029
1174405242
1191182428
1207959672
1224736884
1241514094
1258291278
1275068530
1291845742
1308622967
1325400174
1342177401
1358954616
1375731836
1392509052
1409286269
1426063485
1442840699
1459617915
1476395131
1493172345
1509949562
1526726793
1543503986
1560281184
1577058408
1593835636
1610612852
1627390072
1644167290
1660944509
1677721725
1694498941
1711276157
1728053373
1744830589
1761607802
1778385020
1795162233
1811939452
1828716667
1845493840
1862271053
1879048297
1895825494
1912602738
1929379928
1946157180
1962934393
1979711613
1996488828
2013266045
2030043249
2046820477
2063597693
2080374843
2097152120
2113929340
2130706552
-2147483541
-2130706319
-2113929103
-2097151932
-2080374676
-2063597438
-2046820231
-2030043020
-2013265783
-1996488573
-1979711376
-1962934193
-1946156924
-1929379743
-1912602502
-1895825273
-1879048090
-1862270859
-1845493640
-1828716443
-1811939226
-1795162011
-1778384796
-1761607596
-1744830364
-1728053147
-1711275931
-1694498716
-1677721516
-1660944284
-1644167067
-1627389852
-1610612640
-1593835420
-1577058212
-1560281012
-1543503800
-1526726600
-1509949372
-1493172188
-1476394976
-1459617764
-1442840552
-1426063352
-1409286140
-1392508928
-1375731712
-1358954492
-1342177280
-1325400064
-1308622848
-1291845632
-1275068416
-1258291200
-1241513984
-1224736768
-1207959552
-1191182336
-1174405120
-1157627904
-1140850688
-1124073472
-1107296256
-1090519040
-1073741824
-1056964608
-1040187392
-1023410176
-1006632960
-989855744
-973078528
-956301312
-939524096
-922746880
-905969664
-889192448
-872415232
-855638016
-838860800
-822083584
-805306368
-788529152
-771751936
-754974720
-738197504
-721420288
-704643072
-687865856
-671088640
-654311424
-637534208
-620756992
-603979776
-587202560
-570425344
-553648128
-536870912
-520093696
-503316480
-486539264
-469762048
-452984832
-436207616
-419430400
-402653184
-385875968
-369098752
-352321536
-335544320
-318767104
-301989888
-285212672
-268435456
-251658240
-234881024
-218103808
-201326592
-184549376
-167772160
-150994944
-134217728
-117440512
-100663296
-83886080
-67108864
-50331648
-33554432
