Type	threshold
OptoHybrid	0
VFAT2	10
min	0
max	255
step	1
n	1000000
----
slot	10
ctrl0	55
ctrl1	0
ctrl2	48
ctrl3	0
iPreampIn	168
iPremapFeed	80
iPreampOut	150
iShaper	150
iShaperFeed	100
iComp	75
chipId0	139
chipId1	254
latency	0
vthreshold1	1
vthreshold2	0
vcal	0
calphase	0
----
999944
17777178
34554125
51316600
68023010
84692583
101355566
118020286
134698839
151391019
168099052
184819016
201552163
218293818
235040914
251797804
268556930
285320700
302086516
318856476
335626099
352397825
369170267
385941349
402710067
419480273
436253112
453028272
469802961
486578220
503353710
520129110
536904519
553680260
570456037
587231952
604008526
620784968
637561593
654338352
671115044
687891683
704668614
721445675
738222560
754999535
771776584
788553401
805330488
822107554
838884641
855661547
872438150
889213616
905988034
922762813
939538276
956314551
973091522
989868480
1006645471
1023422827
1040199798
1056976823
1073753948
1090531126
1107308301
1124085276
1140862193
1157639319
1174416242
1191193304
1207970417
1224747552
1241524651
1258301769
1275079013
1291856195
1308633259
1325410501
1342187671
1358964855
1375742087
1392519319
1409296478
1426073690
1442850853
1459628075
1476405342
1493182530
1509959707
1526736927
1543514133
1560291344
1577068570
1593845778
1610622967
1627400191
1644177433
1660954613
1677731856
1694509061
1711286276
1728063487
1744840694
1761617846
1778395053
1795172271
1811949458
1828726645
1845503841
1862281059
1879058249
1895835457
1912612668
1929389865
1946167071
1962944282
1979721490
1996498717
2013275921
2030053143
2046830358
2063607572
2080384784
2097162000
2113939216
2130716432
-2147473644
-2130696432
-2113919216
-2097142000
-2080364784
-2063587568
-2046810352
-2030033132
-2013255920
-1996478704
-1979701488
-1962924272
-1946147056
-1929369835
-1912592624
-1895815408
-1879038192
-1862260976
-1845483760
-1828706544
-1811929328
-1795152112
-1778374896
-1761597680
-1744820468
-1728043248
-1711266032
-1694488824
-1677711604
-1660934396
-1644157176
-1627379976
-1610602752
-1593825540
-1577048316
-1560271128
-1543493936
-1526716752
-1509939556
-1493162404
-1476385192
-1459608016
-1442830984
-1426053948
-1409277112
-1392500271
-1375723636
-1358947155
-1342170980
-1325394939
-1308618732
-1291842816
-1275066407
-1258290148
-1241513519
-1224736532
-1207959476
-1191182328
-1174405116
-1157627904
-1140850688
-1124073472
-1107296256
-1090519040
-1073741824
-1056964608
-1040187392
-1023410176
-1006632960
-989855744
-973078528
-956301312
-939524096
-922746880
-905969664
-889192448
-872415232
-855638016
-838860800
-822083584
-805306368
-788529152
-771751936
-754974720
-738197504
-721420288
-704643072
-687865856
-671088640
-654311424
-637534208
-620756992
-603979776
-587202560
-570425344
-553648128
-536870912
-520093696
-503316480
-486539264
-469762048
-452984832
-436207616
-419430400
-402653184
-385875968
-369098752
-352321536
-335544320
-318767104
-301989888
-285212672
-268435456
-251658240
-234881024
-218103808
-201326592
-184549376
-167772160
-150994944
-134217728
-117440512
-100663296
-83886080
-67108864
-50331648
-33554432
