Type	threshold
OptoHybrid	0
VFAT2	10
min	0
max	255
step	1
n	10000
----
slot	10
ctrl0	55
ctrl1	0
ctrl2	48
ctrl3	0
iPreampIn	168
iPremapFeed	80
iPreampOut	150
iShaper	150
iShaperFeed	100
iComp	75
chipId0	139
chipId1	254
latency	0
vthreshold1	25
vthreshold2	0
vcal	0
calphase	0
----
9995
16787213
33564413
50341212
67116627
83891953
100667516
117443568
134220215
150996941
167773900
184550918
201328020
218105118
234882212
251659429
268436555
285213672
301990811
318767959
335545122
352322190
369099367
385876575
402653678
419430904
436208113
452985296
469762484
486539678
503316886
520094119
536871292
553648469
570425673
587202889
603980084
620757290
637534484
654311689
671088897
687866115
704643323
721420542
738197741
754974968
771752171
788529381
805306604
822083818
838861035
855638254
872415432
889192665
905969849
922747041
939524228
956301439
973078633
989855865
1006633071
1023410292
1040187511
1056964727
1073741949
1090519154
1107296365
1124073583
1140850801
1157628019
1174405244
1191182438
1207959661
1224736878
1241514093
1258291305
1275068520
1291845740
1308622953
1325400168
1342177380
1358954596
1375731812
1392509032
1409286244
1426063460
1442840676
1459617896
1476395108
1493172324
1509949540
1526726756
1543503972
1560281188
1577058406
1593835620
1610612836
1627390052
1644167270
1660944487
1677721702
1694498923
1711276139
1728053349
1744830570
1761607788
1778385004
1795162215
1811939435
1828716647
1845493865
1862271078
1879048293
1895825509
1912602724
1929379941
1946157156
1962934372
1979711588
1996488804
2013266020
2030043236
2046820452
2063597668
2080374884
2097152100
2113929316
2130706532
-2147483548
-2130706332
-2113929116
-2097151900
-2080374684
-2063597468
-2046820252
-2030043036
-2013265820
-1996488604
-1979711388
-1962934172
-1946156956
-1929379740
-1912602524
-1895825308
-1879048092
-1862270876
-1845493660
-1828716444
-1811939228
-1795162012
-1778384796
-1761607580
-1744830364
-1728053148
-1711275932
-1694498716
-1677721500
-1660944284
-1644167068
-1627389852
-1610612636
-1593835420
-1577058204
-1560280988
-1543503772
-1526726556
-1509949340
-1493172124
-1476394908
-1459617692
-1442840476
-1426063260
-1409286044
-1392508828
-1375731616
-1358954404
-1342177200
-1325399972
-1308622788
-1291845588
-1275068388
-1258291184
-1241513984
-1224736764
-1207959552
-1191182336
-1174405120
-1157627904
-1140850688
-1124073472
-1107296256
-1090519040
-1073741824
-1056964608
-1040187392
-1023410176
-1006632960
-989855744
-973078528
-956301312
-939524096
-922746880
-905969664
-889192448
-872415232
-855638016
-838860800
-822083584
-805306368
-788529152
-771751936
-754974720
-738197504
-721420288
-704643072
-687865856
-671088640
-654311424
-637534208
-620756992
-603979776
-587202560
-570425344
-553648128
-536870912
-520093696
-503316480
-486539264
-469762048
-452984832
-436207616
-419430400
-402653184
-385875968
-369098752
-352321536
-335544320
-318767104
-301989888
-285212672
-268435456
-251658240
-234881024
-218103808
-201326592
-184549376
-167772160
-150994944
-134217728
-117440512
-100663296
-83886080
-67108864
-50331648
-33554432
