Type	threshold
OptoHybrid	0
VFAT2	3
min	0
max	255
step	1
n	10000
----
slot	3
ctrl0	55
ctrl1	0
ctrl2	48
ctrl3	0
iPreampIn	168
iPremapFeed	80
iPreampOut	150
iShaper	150
iShaperFeed	100
iComp	75
chipId0	123
chipId1	254
latency	0
vthreshold1	25
vthreshold2	0
vcal	0
calphase	0
----
9830
16787157
33564388
50341608
67118819
83895807
100671482
117446081
134221392
150997337
167773867
184550826
201327789
218104839
234882045
251659141
268436283
285213419
301990625
318767782
335544933
352322138
369099330
385876472
402653628
419430820
436208058
452985234
469762445
486539642
503316852
520094061
536871265
553648486
570425694
587202905
603980119
620757323
637534537
654311746
671088950
687866167
704643375
721420562
738197766
754974974
771752161
788529346
805306496
822083713
838860907
855638128
872415332
889192548
905969769
922746981
939524197
956301415
973078631
989855849
1006633069
1023410286
1040187505
1056964721
1073741936
1090519154
1107296370
1124073582
1140850794
1157628012
1174405224
1191182438
1207959653
1224736868
1241514084
1258291300
1275068516
1291845732
1308622948
1325400164
1342177380
1358954596
1375731812
1392509028
1409286244
1426063460
1442840676
1459617892
1476395108
1493172324
1509949540
1526726756
1543503972
1560281188
1577058404
1593835620
1610612836
1627390052
1644167268
1660944484
1677721700
1694498916
1711276132
1728053348
1744830564
1761607780
1778384996
1795162212
1811939428
1828716644
1845493860
1862271076
1879048292
1895825508
1912602724
1929379940
1946157156
1962934372
1979711588
1996488804
2013266020
2030043236
2046820452
2063597668
2080374884
2097152100
2113929316
2130706532
-2147483548
-2130706332
-2113929116
-2097151900
-2080374684
-2063597468
-2046820252
-2030043036
-2013265820
-1996488604
-1979711388
-1962934171
-1946156954
-1929379737
-1912602522
-1895825306
-1879048088
-1862270873
-1845493658
-1828716438
-1811939223
-1795162009
-1778384794
-1761607577
-1744830363
-1728053148
-1711275932
-1694498716
-1677721500
-1660944284
-1644167068
-1627389852
-1610612636
-1593835420
-1577058204
-1560280988
-1543503772
-1526726556
-1509949340
-1493172124
-1476394908
-1459617692
-1442840476
-1426063260
-1409286044
-1392508828
-1375731612
-1358954396
-1342177180
-1325399964
-1308622748
-1291845532
-1275068316
-1258291100
-1241513884
-1224736668
-1207959452
-1191182236
-1174405020
-1157627804
-1140850588
-1124073372
-1107296156
-1090518940
-1073741724
-1056964508
-1040187292
-1023410076
-1006632860
-989855644
-973078428
-956301228
-939524052
-922746880
-905969664
-889192448
-872415232
-855638016
-838860800
-822083584
-805306368
-788529152
-771751936
-754974720
-738197504
-721420288
-704643072
-687865856
-671088640
-654311424
-637534208
-620756992
-603979776
-587202560
-570425344
-553648128
-536870912
-520093696
-503316480
-486539264
-469762048
-452984832
-436207616
-419430400
-402653184
-385875968
-369098752
-352321536
-335544320
-318767104
-301989888
-285212672
-268435456
-251658240
-234881024
-218103808
-201326592
-184549376
-167772160
-150994944
-134217728
-117440512
-100663296
-83886080
-67108864
-50331648
-33554432
