Type	threshold
OptoHybrid	0
VFAT2	4
min	0
max	255
step	1
n	10000
----
slot	4
ctrl0	55
ctrl1	0
ctrl2	48
ctrl3	0
iPreampIn	168
iPremapFeed	80
iPreampOut	150
iShaper	150
iShaperFeed	100
iComp	75
chipId0	91
chipId1	254
latency	0
vthreshold1	25
vthreshold2	0
vcal	0
calphase	0
----
9850
16787103
33564400
50341629
67118854
83895985
100672468
117448643
134223582
150999134
167774938
184551414
201328153
218105085
234882066
251659181
268436297
285213460
301990647
318767831
335544993
352322183
369099376
385876557
402653750
419430926
436208093
452985277
469762503
486539701
503316879
520094054
536871239
553648455
570425669
587202869
603980059
620757257
637534470
654311678
671088874
687866048
704643222
721420430
738197618
754974832
771752039
788529255
805306476
822083687
838860903
855638119
872415334
889192550
905969767
922746982
939524196
956301412
973078629
989855844
1006633060
1023410276
1040187492
1056964708
1073741924
1090519141
1107296356
1124073572
1140850788
1157628004
1174405220
1191182436
1207959652
1224736868
1241514084
1258291300
1275068516
1291845732
1308622948
1325400164
1342177380
1358954597
1375731812
1392509028
1409286244
1426063460
1442840678
1459617896
1476395108
1493172327
1509949542
1526726759
1543503976
1560281193
1577058413
1593835632
1610612846
1627390059
1644167282
1660944494
1677721715
1694498928
1711276138
1728053358
1744830576
1761607785
1778385005
1795162217
1811939431
1828716648
1845493863
1862271079
1879048294
1895825508
1912602720
1929379932
1946157152
1962934352
1979711568
1996488776
2013265980
2030043196
2046820400
2063597612
2080374824
2097152036
2113929236
2130706452
-2147483628
-2130706416
-2113929208
-2097152000
-2080374784
-2063597568
-2046820348
-2030043136
-2013265920
-1996488704
-1979711488
-1962934272
-1946157056
-1929379840
-1912602624
-1895825408
-1879048192
-1862270976
-1845493760
-1828716544
-1811939328
-1795162112
-1778384896
-1761607680
-1744830464
-1728053248
-1711276032
-1694498816
-1677721600
-1660944384
-1644167168
-1627389952
-1610612736
-1593835520
-1577058304
-1560281088
-1543503872
-1526726656
-1509949440
-1493172224
-1476395008
-1459617792
-1442840576
-1426063360
-1409286144
-1392508928
-1375731712
-1358954496
-1342177280
-1325400064
-1308622848
-1291845632
-1275068416
-1258291200
-1241513984
-1224736768
-1207959552
-1191182336
-1174405120
-1157627904
-1140850688
-1124073472
-1107296256
-1090519040
-1073741824
-1056964608
-1040187392
-1023410176
-1006632960
-989855744
-973078528
-956301312
-939524096
-922746880
-905969664
-889192448
-872415232
-855638016
-838860800
-822083584
-805306368
-788529152
-771751936
-754974720
-738197504
-721420288
-704643072
-687865856
-671088640
-654311424
-637534208
-620756992
-603979776
-587202560
-570425344
-553648128
-536870912
-520093696
-503316480
-486539264
-469762048
-452984832
-436207616
-419430400
-402653184
-385875968
-369098752
-352321536
-335544320
-318767104
-301989888
-285212672
-268435456
-251658240
-234881024
-218103808
-201326592
-184549376
-167772160
-150994944
-134217728
-117440512
-100663296
-83886080
-67108864
-50331648
-33554432
