Type	threshold
OptoHybrid	0
VFAT2	10
min	0
max	255
step	1
n	10000
----
slot	10
ctrl0	55
ctrl1	0
ctrl2	48
ctrl3	0
iPreampIn	168
iPremapFeed	80
iPreampOut	150
iShaper	150
iShaperFeed	100
iComp	75
chipId0	139
chipId1	254
latency	0
vthreshold1	25
vthreshold2	0
vcal	0
calphase	0
----
9992
16787209
33564401
50340914
67115448
83890795
100666843
117443137
134219923
150996696
167773774
184550852
201327927
218105024
234882240
251659373
268436502
285213604
301990742
318767861
335544999
352322162
369099346
385876546
402653721
419430860
436208078
452985279
469762474
486539687
503316886
520094099
536871257
553648449
570425670
587202882
603980090
620757285
637534504
654311728
671088916
687866106
704643325
721420544
738197752
754974970
771752180
788529390
805306609
822083823
838861037
855638252
872415467
889192662
905969865
922747061
939524247
956301451
973078657
989855890
1006633095
1023410291
1040187509
1056964716
1073741959
1090519170
1107296377
1124073584
1140850802
1157628030
1174405234
1191182451
1207959663
1224736878
1241514094
1258291305
1275068528
1291845736
1308622948
1325400172
1342177384
1358954596
1375731812
1392509028
1409286244
1426063472
1442840680
1459617904
1476395108
1493172324
1509949540
1526726756
1543503977
1560281188
1577058406
1593835620
1610612836
1627390053
1644167268
1660944485
1677721700
1694498918
1711276133
1728053351
1744830567
1761607783
1778384999
1795162218
1811939435
1828716649
1845493863
1862271083
1879048293
1895825510
1912602724
1929379940
1946157156
1962934374
1979711588
1996488805
2013266020
2030043236
2046820452
2063597668
2080374884
2097152100
2113929316
2130706532
-2147483548
-2130706332
-2113929116
-2097151900
-2080374684
-2063597468
-2046820252
-2030043036
-2013265820
-1996488604
-1979711388
-1962934172
-1946156956
-1929379740
-1912602524
-1895825308
-1879048092
-1862270876
-1845493660
-1828716444
-1811939228
-1795162012
-1778384796
-1761607580
-1744830364
-1728053148
-1711275932
-1694498716
-1677721500
-1660944284
-1644167068
-1627389852
-1610612636
-1593835420
-1577058204
-1560280988
-1543503772
-1526726556
-1509949340
-1493172124
-1476394908
-1459617692
-1442840476
-1426063260
-1409286044
-1392508828
-1375731612
-1358954396
-1342177180
-1325399964
-1308622752
-1291845532
-1275068320
-1258291132
-1241513920
-1224736712
-1207959524
-1191182316
-1174405104
-1157627904
-1140850688
-1124073472
-1107296256
-1090519040
-1073741824
-1056964608
-1040187392
-1023410176
-1006632960
-989855744
-973078528
-956301312
-939524096
-922746880
-905969664
-889192448
-872415232
-855638016
-838860800
-822083584
-805306368
-788529152
-771751936
-754974720
-738197504
-721420288
-704643072
-687865856
-671088640
-654311424
-637534208
-620756992
-603979776
-587202560
-570425344
-553648128
-536870912
-520093696
-503316480
-486539264
-469762048
-452984832
-436207616
-419430400
-402653184
-385875968
-369098752
-352321536
-335544320
-318767104
-301989888
-285212672
-268435456
-251658240
-234881024
-218103808
-201326592
-184549376
-167772160
-150994944
-134217728
-117440512
-100663296
-83886080
-67108864
-50331648
-33554432
