Type	threshold
OptoHybrid	0
VFAT2	20
min	0
max	255
step	1
n	10000
----
slot	20
ctrl0	55
ctrl1	0
ctrl2	48
ctrl3	0
iPreampIn	168
iPremapFeed	80
iPreampOut	150
iShaper	150
iShaperFeed	100
iComp	75
chipId0	64
chipId1	251
latency	0
vthreshold1	25
vthreshold2	0
vcal	0
calphase	0
----
9999
16787216
33564426
50339958
67116030
83892268
100667855
117443317
134219621
150996570
167773653
184550744
201327849
218104995
234882129
251659246
268436451
285213626
301990828
318767951
335545161
352322360
369099458
385876645
402653745
419430960
436208117
452985318
469762497
486539686
503316903
520094093
536871350
553648558
570425758
587202979
603980166
620757359
637534600
654311800
671089013
687866194
704643423
721420587
738197835
754975061
771752249
788529467
805306430
822083876
838861154
855638307
872415457
889192601
905969790
922747007
939524225
956301439
973078658
989855875
1006633089
1023410297
1040187512
1056964730
1073741950
1090519164
1107296356
1124073576
1140850761
1157628001
1174405236
1191182446
1207959670
1224736868
1241514100
1258291321
1275068538
1291845753
1308622971
1325400187
1342177396
1358954621
1375731834
1392509053
1409286269
1426063475
1442840696
1459617910
1476395084
1493172332
1509949540
1526726732
1543503973
1560281193
1577058361
1593835642
1610612858
1627390077
1644167292
1660944506
1677721722
1694498940
1711276141
1728053370
1744830585
1761607801
1778385016
1795162236
1811939447
1828716664
1845493881
1862271089
1879048296
1895825521
1912602732
1929379893
1946157119
1962934378
1979711610
1996488820
2013266043
2030043260
2046820474
2063597693
2080374899
2097152121
2113929341
2130706554
-2147483526
-2130706307
-2113929101
-2097151943
-2080374667
-2063597456
-2046820239
-2030043025
-2013265810
-1996488577
-1979711384
-1962934141
-1946156979
-1929379718
-1912602517
-1895825305
-1879048085
-1862270874
-1845493675
-1828716441
-1811939244
-1795162012
-1778384810
-1761607580
-1744830380
-1728053148
-1711275932
-1694498720
-1677721500
-1660944284
-1644167076
-1627389868
-1610612632
-1593835440
-1577058220
-1560281016
-1543503812
-1526726608
-1509949404
-1493172200
-1476394976
-1459617780
-1442840564
-1426063356
-1409286136
-1392508924
-1375731708
-1358954496
-1342177280
-1325400064
-1308622848
-1291845632
-1275068416
-1258291200
-1241513984
-1224736768
-1207959552
-1191182336
-1174405120
-1157627904
-1140850688
-1124073472
-1107296256
-1090519040
-1073741824
-1056964608
-1040187392
-1023410176
-1006632960
-989855744
-973078528
-956301312
-939524096
-922746880
-905969664
-889192448
-872415232
-855638016
-838860800
-822083584
-805306368
-788529152
-771751936
-754974720
-738197504
-721420288
-704643072
-687865856
-671088640
-654311424
-637534208
-620756992
-603979776
-587202560
-570425344
-553648128
-536870912
-520093696
-503316480
-486539264
-469762048
-452984832
-436207616
-419430400
-402653184
-385875968
-369098752
-352321536
-335544320
-318767104
-301989888
-285212672
-268435456
-251658240
-234881024
-218103808
-201326592
-184549376
-167772160
-150994944
-134217728
-117440512
-100663296
-83886080
-67108864
-50331648
-33554432
