Type	threshold
OptoHybrid	1
VFAT2	11
min	0
max	255
step	1
n	10000
----
slot	11
ctrl0	55
ctrl1	0
ctrl2	48
ctrl3	0
iPreampIn	168
iPremapFeed	80
iPreampOut	150
iShaper	150
iShaperFeed	100
iComp	75
chipId0	175
chipId1	254
latency	0
vthreshold1	1
vthreshold2	0
vcal	0
calphase	0
----
9970
16787194
33564394
50341603
67118812
83895927
100672595
117448897
134224694
151000583
167776556
184553090
201329129
218105890
234882760
251659648
268436529
285213598
301990686
318767819
335544991
352322172
369099265
385876502
402653679
419430877
436208063
452985253
469762463
486539644
503316861
520094053
536871261
553648461
570425671
587202852
603980079
620757275
637534498
654311698
671088889
687866106
704643304
721420494
738197724
754974936
771752134
788529340
805306551
822083769
838860955
855638172
872415385
889192585
905969799
922747019
939524237
956301450
973078650
989855866
1006633093
1023410293
1040187511
1056964724
1073741948
1090519156
1107296374
1124073592
1140850805
1157628026
1174405235
1191182454
1207959667
1224736886
1241514096
1258291310
1275068528
1291845746
1308622960
1325400177
1342177395
1358954602
1375731815
1392509035
1409286248
1426063466
1442840678
1459617897
1476395113
1493172327
1509949542
1526726756
1543503973
1560281192
1577058405
1593835621
1610612836
1627390052
1644167268
1660944481
1677721700
1694498916
1711276132
1728053348
1744830560
1761607780
1778384992
1795162200
1811939416
1828716636
1845493860
1862271076
1879048292
1895825484
1912602700
1929379916
1946157132
1962934340
1979711548
1996488772
2013265956
2030043180
2046820376
2063597596
2080374804
2097152020
2113929240
2130706440
-2147483636
-2130706424
-2113929216
-2097152000
-2080374780
-2063597556
-2046820352
-2030043136
-2013265920
-1996488704
-1979711488
-1962934272
-1946157056
-1929379840
-1912602624
-1895825408
-1879048192
-1862270976
-1845493760
-1828716544
-1811939328
-1795162112
-1778384896
-1761607680
-1744830464
-1728053248
-1711276032
-1694498816
-1677721600
-1660944384
-1644167168
-1627389952
-1610612736
-1593835520
-1577058304
-1560281088
-1543503872
-1526726656
-1509949440
-1493172224
-1476395008
-1459617792
-1442840576
-1426063360
-1409286144
-1392508928
-1375731712
-1358954496
-1342177280
-1325400064
-1308622848
-1291845632
-1275068416
-1258291200
-1241513984
-1224736768
-1207959552
-1191182336
-1174405120
-1157627904
-1140850688
-1124073472
-1107296256
-1090519040
-1073741824
-1056964608
-1040187392
-1023410176
-1006632960
-989855744
-973078528
-956301312
-939524096
-922746880
-905969664
-889192448
-872415232
-855638016
-838860800
-822083584
-805306368
-788529152
-771751936
-754974720
-738197504
-721420288
-704643072
-687865856
-671088640
-654311424
-637534208
-620756992
-603979776
-587202560
-570425344
-553648128
-536870912
-520093696
-503316480
-486539264
-469762048
-452984832
-436207616
-419430400
-402653184
-385875968
-369098752
-352321536
-335544320
-318767104
-301989888
-285212672
-268435456
-251658240
-234881024
-218103808
-201326592
-184549376
-167772160
-150994944
-134217728
-117440512
-100663296
-83886080
-67108864
-50331648
-33554432
