Type	threshold
OptoHybrid	1
VFAT2	20
min	0
max	255
step	1
n	10000
----
slot	20
ctrl0	55
ctrl1	0
ctrl2	48
ctrl3	0
iPreampIn	168
iPremapFeed	80
iPreampOut	150
iShaper	150
iShaperFeed	100
iComp	75
chipId0	132
chipId1	250
latency	0
vthreshold1	1
vthreshold2	0
vcal	0
calphase	0
----
9964
16787211
33564430
50341646
67118849
83896086
100673236
117449610
134226000
151002453
167779121
184555791
201332468
218109306
234886263
251663187
268440266
285217118
301994153
318771419
335548445
352325292
369102316
385879498
402656476
419433533
436210638
452987782
469764934
486541997
503319018
520096143
536873220
553650310
570427385
587204582
603981680
620758891
637535902
654313051
671090244
687867351
704644365
721421585
738198840
754975918
771753069
788530203
805307367
822084602
838861698
855638934
872416099
889193266
905970369
922747604
939524704
956302002
973079171
989856311
1006633416
1023410750
1040187838
1056965046
1073742186
1090519364
1107296616
1124073710
1140850986
1157628139
1174405417
1191182611
1207959786
1224737009
1241514175
1258291350
1275068617
1291845792
1308622952
1325400240
1342177412
1358954610
1375731828
1392509017
1409286224
1426063436
1442840639
1459617878
1476395058
1493172314
1509949478
1526726729
1543503921
1560281127
1577058351
1593835568
1610612780
1627389974
1644167195
1660944420
1677721636
1694498843
1711276046
1728053268
1744830476
1761607704
1778384913
1795162112
1811939336
1828716552
1845493766
1862270988
1879048200
1895825412
1912602632
1929379844
1946157060
1962934280
1979711488
1996488704
2013265924
2030043136
2046820360
2063597572
2080374784
2097152000
2113929220
2130706437
-2147483648
-2130706428
-2113929216
-2097152000
-2080374784
-2063597568
-2046820352
-2030043136
-2013265920
-1996488704
-1979711488
-1962934272
-1946157056
-1929379840
-1912602624
-1895825408
-1879048192
-1862270976
-1845493760
-1828716544
-1811939328
-1795162112
-1778384896
-1761607680
-1744830464
-1728053248
-1711276032
-1694498816
-1677721600
-1660944384
-1644167168
-1627389952
-1610612736
-1593835520
-1577058304
-1560281088
-1543503872
-1526726656
-1509949440
-1493172224
-1476395008
-1459617792
-1442840576
-1426063360
-1409286144
-1392508928
-1375731712
-1358954496
-1342177280
-1325400064
-1308622848
-1291845632
-1275068416
-1258291200
-1241513984
-1224736768
-1207959552
-1191182336
-1174405120
-1157627904
-1140850688
-1124073472
-1107296256
-1090519040
-1073741824
-1056964608
-1040187392
-1023410176
-1006632960
-989855744
-973078528
-956301312
-939524096
-922746880
-905969664
-889192448
-872415232
-855638016
-838860800
-822083584
-805306368
-788529152
-771751936
-754974720
-738197504
-721420288
-704643072
-687865856
-671088640
-654311424
-637534208
-620756992
-603979776
-587202560
-570425344
-553648128
-536870912
-520093696
-503316480
-486539264
-469762048
-452984832
-436207616
-419430400
-402653184
-385875968
-369098752
-352321536
-335544320
-318767104
-301989888
-285212672
-268435456
-251658240
-234881024
-218103808
-201326592
-184549376
-167772160
-150994944
-134217728
-117440512
-100663296
-83886080
-67108864
-50331648
-33554432
