Type	threshold
OptoHybrid	1
VFAT2	12
min	0
max	255
step	1
n	10000
----
slot	12
ctrl0	55
ctrl1	0
ctrl2	48
ctrl3	0
iPreampIn	168
iPremapFeed	80
iPreampOut	150
iShaper	150
iShaperFeed	100
iComp	75
chipId0	99
chipId1	254
latency	0
vthreshold1	1
vthreshold2	0
vcal	0
calphase	0
----
9970
16787184
33564403
50341597
67118748
83895646
100671862
117447825
134224009
151000103
167776769
184553222
201329868
218106440
234883142
251660044
268437110
285214044
301991089
318768106
335545214
352322382
369099435
385876521
402653674
419430884
436208023
452985300
469762438
486539651
503316859
520094027
536871226
553648426
570425637
587202865
603980059
620757273
637534463
654311670
671088887
687866092
704643314
721420518
738197733
754974925
771752125
788529334
805306565
822083748
838860969
855638166
872415382
889192595
905969803
922747006
939524225
956301445
973078649
989855871
1006633084
1023410306
1040187511
1056964727
1073741946
1090519153
1107296375
1124073591
1140850802
1157628020
1174405232
1191182450
1207959664
1224736881
1241514092
1258291308
1275068523
1291845742
1308622955
1325400171
1342177387
1358954603
1375731818
1392509034
1409286247
1426063463
1442840682
1459617893
1476395109
1493172326
1509949543
1526726756
1543503974
1560281188
1577058405
1593835622
1610612837
1627390052
1644167268
1660944484
1677721702
1694498919
1711276134
1728053354
1744830570
1761607780
1778384999
1795162215
1811939412
1828716640
1845493858
1862271058
1879048277
1895825476
1912602686
1929379909
1946157112
1962934330
1979711544
1996488740
2013265952
2030043152
2046820368
2063597584
2080374804
2097152004
2113929220
2130706440
-2147483648
-2130706432
-2113929216
-2097152000
-2080374784
-2063597568
-2046820352
-2030043136
-2013265920
-1996488704
-1979711488
-1962934272
-1946157056
-1929379840
-1912602624
-1895825408
-1879048192
-1862270976
-1845493760
-1828716544
-1811939328
-1795162112
-1778384896
-1761607680
-1744830464
-1728053248
-1711276032
-1694498816
-1677721600
-1660944384
-1644167168
-1627389952
-1610612736
-1593835520
-1577058304
-1560281088
-1543503872
-1526726656
-1509949440
-1493172224
-1476395008
-1459617792
-1442840576
-1426063360
-1409286144
-1392508928
-1375731712
-1358954496
-1342177280
-1325400064
-1308622848
-1291845632
-1275068416
-1258291200
-1241513984
-1224736768
-1207959552
-1191182336
-1174405120
-1157627904
-1140850688
-1124073472
-1107296256
-1090519040
-1073741824
-1056964608
-1040187392
-1023410176
-1006632960
-989855744
-973078528
-956301312
-939524096
-922746880
-905969664
-889192448
-872415232
-855638016
-838860800
-822083584
-805306368
-788529152
-771751936
-754974720
-738197504
-721420288
-704643072
-687865856
-671088640
-654311424
-637534208
-620756992
-603979776
-587202560
-570425344
-553648128
-536870912
-520093696
-503316480
-486539264
-469762048
-452984832
-436207616
-419430400
-402653184
-385875968
-369098752
-352321536
-335544320
-318767104
-301989888
-285212672
-268435456
-251658240
-234881024
-218103808
-201326592
-184549376
-167772160
-150994944
-134217728
-117440512
-100663296
-83886080
-67108864
-50331648
-33554432
