Type	threshold
OptoHybrid	1
VFAT2	18
min	0
max	255
step	1
n	10000
----
slot	18
ctrl0	55
ctrl1	0
ctrl2	48
ctrl3	0
iPreampIn	168
iPremapFeed	80
iPreampOut	150
iShaper	150
iShaperFeed	100
iComp	75
chipId0	128
chipId1	254
latency	0
vthreshold1	1
vthreshold2	0
vcal	0
calphase	0
----
9978
16787194
33564412
50341618
67118810
83895570
100671662
117448219
134224224
151000411
167776543
184552933
201329447
218106284
234883076
251659875
268437048
285214129
301991226
318768290
335545480
352322515
369099665
385876816
402653908
419431068
436208216
452985434
469762585
486539827
503317003
520094193
536871380
553648581
570425786
587202982
603980182
620757396
637534628
654311842
671089068
687866238
704643452
721420634
738197843
754975037
771752222
788529435
805306610
822083830
838861038
855638224
872415444
889192683
905969885
922747109
939524325
956301532
973078772
989855986
1006633234
1023410446
1040187667
1056964890
1073742109
1090519337
1107296524
1124073723
1140850917
1157628149
1174405354
1191182559
1207959781
1224736974
1241514200
1258291412
1275068621
1291845831
1308623033
1325400252
1342177459
1358954675
1375731893
1392509088
1409286302
1426063518
1442840718
1459617927
1476395137
1493172335
1509949554
1526726772
1543503988
1560281193
1577058413
1593835620
1610612836
1627390053
1644167268
1660944488
1677721700
1694498916
1711276132
1728053348
1744830564
1761607780
1778384996
1795162212
1811939428
1828716644
1845493860
1862271076
1879048292
1895825508
1912602724
1929379940
1946157156
1962934372
1979711588
1996488804
2013266020
2030043236
2046820452
2063597668
2080374884
2097152100
2113929316
2130706532
-2147483548
-2130706332
-2113929116
-2097151900
-2080374684
-2063597468
-2046820252
-2030043036
-2013265820
-1996488604
-1979711388
-1962934172
-1946156956
-1929379740
-1912602524
-1895825308
-1879048092
-1862270876
-1845493660
-1828716444
-1811939228
-1795162012
-1778384796
-1761607580
-1744830364
-1728053148
-1711275932
-1694498716
-1677721500
-1660944284
-1644167068
-1627389852
-1610612636
-1593835420
-1577058204
-1560280988
-1543503772
-1526726556
-1509949340
-1493172124
-1476394908
-1459617692
-1442840476
-1426063260
-1409286044
-1392508828
-1375731612
-1358954396
-1342177180
-1325399964
-1308622748
-1291845532
-1275068316
-1258291100
-1241513884
-1224736668
-1207959452
-1191182236
-1174405020
-1157627804
-1140850586
-1124073370
-1107296151
-1090518931
-1073741707
-1056964500
-1040187283
-1023410069
-1006632855
-989855644
-973078428
-956301212
-939523996
-922746780
-905969564
-889192348
-872415132
-855637916
-838860700
-822083484
-805306268
-788529052
-771751836
-754974620
-738197404
-721420188
-704642972
-687865756
-671088592
-654311420
-637534208
-620756992
-603979776
-587202560
-570425344
-553648128
-536870912
-520093696
-503316480
-486539264
-469762048
-452984832
-436207616
-419430400
-402653184
-385875968
-369098752
-352321536
-335544320
-318767104
-301989888
-285212672
-268435456
-251658240
-234881024
-218103808
-201326592
-184549376
-167772160
-150994944
-134217728
-117440512
-100663296
-83886080
-67108864
-50331648
-33554432
