Type	threshold
OptoHybrid	1
VFAT2	3
min	0
max	255
step	1
n	10000
----
slot	3
ctrl0	55
ctrl1	0
ctrl2	48
ctrl3	0
iPreampIn	168
iPremapFeed	80
iPreampOut	150
iShaper	150
iShaperFeed	100
iComp	75
chipId0	120
chipId1	250
latency	0
vthreshold1	1
vthreshold2	0
vcal	0
calphase	0
----
9775
16787137
33564390
50341600
67118768
83895907
100672644
117448291
134223851
150999434
167775617
184552023
201328451
218105318
234882308
251659336
268436461
285213476
301990581
318767736
335544928
352322105
369099266
385876444
402653647
419430876
436208070
452985279
469762513
486539724
503316926
520094159
536871346
553648534
570425736
587202923
603980155
620757330
637534543
654311738
671088890
687866098
704643282
721420475
738197680
754974863
771752081
788529272
805306499
822083703
838860918
855638135
872415352
889192565
905969791
922746991
939524208
956301427
973078643
989855858
1006633066
1023410285
1040187503
1056964717
1073741926
1090519141
1107296356
1124073576
1140850791
1157628005
1174405220
1191182436
1207959652
1224736868
1241514084
1258291300
1275068516
1291845732
1308622948
1325400164
1342177380
1358954596
1375731812
1392509028
1409286244
1426063460
1442840676
1459617892
1476395108
1493172324
1509949540
1526726756
1543503972
1560281188
1577058404
1593835620
1610612836
1627390052
1644167268
1660944484
1677721700
1694498916
1711276132
1728053348
1744830564
1761607780
1778384996
1795162212
1811939428
1828716644
1845493861
1862271076
1879048292
1895825509
1912602725
1929379940
1946157156
1962934373
1979711588
1996488804
2013266020
2030043236
2046820452
2063597669
2080374885
2097152100
2113929316
2130706532
-2147483548
-2130706332
-2113929116
-2097151899
-2080374683
-2063597467
-2046820251
-2030043036
-2013265819
-1996488603
-1979711387
-1962934171
-1946156956
-1929379739
-1912602524
-1895825306
-1879048091
-1862270874
-1845493659
-1828716444
-1811939227
-1795162010
-1778384796
-1761607577
-1744830360
-1728053145
-1711275930
-1694498715
-1677721499
-1660944281
-1644167067
-1627389849
-1610612635
-1593835420
-1577058204
-1560280986
-1543503772
-1526726556
-1509949340
-1493172124
-1476394908
-1459617692
-1442840476
-1426063260
-1409286044
-1392508828
-1375731612
-1358954396
-1342177180
-1325399964
-1308622748
-1291845532
-1275068316
-1258291100
-1241513884
-1224736668
-1207959452
-1191182236
-1174405020
-1157627804
-1140850588
-1124073372
-1107296156
-1090518940
-1073741724
-1056964508
-1040187292
-1023410076
-1006632860
-989855644
-973078428
-956301212
-939523996
-922746780
-905969568
-889192348
-872415136
-855637924
-838860724
-822083556
-805306368
-788529152
-771751936
-754974720
-738197504
-721420288
-704643072
-687865856
-671088640
-654311424
-637534208
-620756992
-603979776
-587202560
-570425344
-553648128
-536870912
-520093696
-503316480
-486539264
-469762048
-452984832
-436207616
-419430400
-402653184
-385875968
-369098752
-352321536
-335544320
-318767104
-301989888
-285212672
-268435456
-251658240
-234881024
-218103808
-201326592
-184549376
-167772160
-150994944
-134217728
-117440512
-100663296
-83886080
-67108864
-50331648
-33554432
