Type	threshold
OptoHybrid	1
VFAT2	4
min	0
max	255
step	1
n	10000
----
slot	4
ctrl0	55
ctrl1	0
ctrl2	48
ctrl3	0
iPreampIn	168
iPremapFeed	80
iPreampOut	150
iShaper	150
iShaperFeed	100
iComp	75
chipId0	180
chipId1	254
latency	0
vthreshold1	1
vthreshold2	0
vcal	0
calphase	0
----
9888
16787163
33564406
50341608
67118845
83896023
100672655
117448768
134223866
150999080
167775049
184551837
201328536
218105507
234882467
251659415
268436656
285213490
301990740
318767894
335545102
352322257
369099410
385876631
402653854
419431029
436208165
452985384
469762539
486539786
503317002
520094194
536871390
553648562
570425827
587202990
603980208
620757379
637534621
654311839
671089029
687866221
704643440
721420585
738197778
754974749
771752274
788529238
805306611
822083859
838861044
855638270
872415593
889192481
905969935
922747184
939524377
956301634
973078837
989856002
1006633198
1023410462
1040187714
1056964860
1073742126
1090519289
1107296527
1124073773
1140850937
1157628171
1174405312
1191182557
1207959763
1224736948
1241514152
1258291352
1275068572
1291845774
1308622940
1325400200
1342177412
1358954620
1375731832
1392509046
1409286253
1426063472
1442840629
1459617880
1476395112
1493172324
1509949540
1526726756
1543503972
1560281188
1577058404
1593835618
1610612836
1627390054
1644167270
1660944484
1677721700
1694498916
1711276132
1728053348
1744830564
1761607780
1778384996
1795162212
1811939428
1828716648
1845493860
1862271080
1879048296
1895825512
1912602700
1929379940
1946157161
1962934372
1979711588
1996488804
2013266020
2030043236
2046820452
2063597670
2080374888
2097152069
2113929316
2130706536
-2147483548
-2130706328
-2113929116
-2097151900
-2080374684
-2063597468
-2046820252
-2030043036
-2013265820
-1996488603
-1979711384
-1962934167
-1946156955
-1929379736
-1912602548
-1895825303
-1879048092
-1862270876
-1845493660
-1828716444
-1811939228
-1795162012
-1778384796
-1761607580
-1744830362
-1728053148
-1711275932
-1694498715
-1677721493
-1660944288
-1644167066
-1627389852
-1610612633
-1593835420
-1577058203
-1560280988
-1543503772
-1526726556
-1509949340
-1493172178
-1476394908
-1459617684
-1442840480
-1426063260
-1409286039
-1392508823
-1375731670
-1358954396
-1342177180
-1325399964
-1308622748
-1291845532
-1275068314
-1258291096
-1241513944
-1224736668
-1207959451
-1191182231
-1174405016
-1157627796
-1140850581
-1124073366
-1107296156
-1090518940
-1073741722
-1056964508
-1040187292
-1023410076
-1006632856
-989855640
-973078420
-956301204
-939523990
-922746780
-905969564
-889192348
-872415128
-855637916
-838860700
-822083484
-805306268
-788529051
-771751818
-754974563
-738197395
-721420148
-704642969
-687865749
-671088540
-654311324
-637534108
-620756904
-603979716
-587202552
-570425344
-553648128
-536870912
-520093696
-503316480
-486539264
-469762048
-452984832
-436207616
-419430400
-402653184
-385875968
-369098752
-352321536
-335544320
-318767104
-301989888
-285212672
-268435456
-251658240
-234881024
-218103808
-201326592
-184549376
-167772160
-150994944
-134217728
-117440512
-100663296
-83886080
-67108864
-50331648
-33554432
