Type	threshold
OptoHybrid	1
VFAT2	13
min	0
max	255
step	1
n	10000
----
slot	13
ctrl0	55
ctrl1	0
ctrl2	48
ctrl3	0
iPreampIn	168
iPremapFeed	80
iPreampOut	150
iShaper	150
iShaperFeed	100
iComp	75
chipId0	116
chipId1	254
latency	0
vthreshold1	50
vthreshold2	0
vcal	0
calphase	0
----
9936
16787193
33564426
50341638
67118805
83895938
100672151
117448002
134224029
150999828
167775982
184552767
201329441
218106103
234882804
251659975
268436862
285213990
301991109
318768229
335545239
352322364
369099501
385876677
402653870
419431037
436208169
452985386
469762566
486539740
503316979
520094146
536871343
553648563
570425763
587202959
603980152
620757352
637534531
654311727
671088935
687866161
704643342
721420535
738197736
754974938
771752146
788529325
805306555
822083755
838860950
855638194
872415398
889192593
905969805
922747030
939524236
956301433
973078656
989855875
1006633085
1023410299
1040187512
1056964727
1073741944
1090519159
1107296374
1124073600
1140850805
1157628018
1174405240
1191182456
1207959671
1224736882
1241514100
1258291319
1275068537
1291845754
1308622971
1325400189
1342177403
1358954620
1375731833
1392509051
1409286268
1426063483
1442840701
1459617916
1476395132
1493172350
1509949564
1526726781
1543503996
1560281214
1577058431
1593835650
1610612883
1627390067
1644167294
1660944506
1677721725
1694498942
1711276152
1728053368
1744830589
1761607802
1778385012
1795162232
1811939432
1828716666
1845493863
1862271091
1879048287
1895825516
1912602732
1929379944
1946157159
1962934372
1979711588
1996488804
2013266020
2030043236
2046820454
2063597668
2080374884
2097152100
2113929316
2130706532
-2147483548
-2130706332
-2113929116
-2097151900
-2080374684
-2063597468
-2046820252
-2030043036
-2013265820
-1996488604
-1979711388
-1962934172
-1946156956
-1929379740
-1912602524
-1895825308
-1879048092
-1862270876
-1845493660
-1828716444
-1811939228
-1795162012
-1778384796
-1761607580
-1744830364
-1728053148
-1711275932
-1694498716
-1677721500
-1660944284
-1644167068
-1627389852
-1610612636
-1593835420
-1577058204
-1560280988
-1543503772
-1526726556
-1509949340
-1493172124
-1476394908
-1459617692
-1442840476
-1426063260
-1409286044
-1392508828
-1375731612
-1358954396
-1342177180
-1325399968
-1308622748
-1291845532
-1275068316
-1258291100
-1241513892
-1224736672
-1207959456
-1191182264
-1174405036
-1157627836
-1140850660
-1124073444
-1107296232
-1090519028
-1073741820
-1056964600
-1040187392
-1023410172
-1006632960
-989855744
-973078528
-956301312
-939524096
-922746880
-905969664
-889192448
-872415232
-855638016
-838860800
-822083584
-805306368
-788529152
-771751936
-754974720
-738197504
-721420288
-704643072
-687865856
-671088640
-654311424
-637534208
-620756992
-603979776
-587202560
-570425344
-553648128
-536870912
-520093696
-503316480
-486539264
-469762048
-452984832
-436207616
-419430400
-402653184
-385875968
-369098752
-352321536
-335544320
-318767104
-301989888
-285212672
-268435456
-251658240
-234881024
-218103808
-201326592
-184549376
-167772160
-150994944
-134217728
-117440512
-100663296
-83886080
-67108864
-50331648
-33554432
