Type	threshold
OptoHybrid	1
VFAT2	4
min	0
max	255
step	1
n	10000
----
slot	4
ctrl0	55
ctrl1	0
ctrl2	48
ctrl3	0
iPreampIn	168
iPremapFeed	80
iPreampOut	150
iShaper	150
iShaperFeed	100
iComp	75
chipId0	180
chipId1	254
latency	0
vthreshold1	1
vthreshold2	0
vcal	0
calphase	0
----
9791
16787118
33564347
50341598
67118757
83895941
100672332
117447457
134222344
150998520
167774914
184551591
201328562
218105204
234882332
251659379
268436578
285213712
301990785
318767942
335545120
352322285
369099466
385876348
402653849
419430966
436208263
452985402
469762534
486539767
503316858
520094188
536871369
553648590
570425781
587202965
603980203
620757369
637534636
654311801
671089023
687866204
704643441
721420648
738197901
754975074
771752348
788529556
805306641
822083928
838861142
855638273
872415575
889192504
905969999
922747152
939524390
956301614
973078857
989855913
1006633289
1023410469
1040187693
1056964907
1073742021
1090519328
1107296478
1124073721
1140850944
1157628182
1174405354
1191182540
1207959747
1224736952
1241514164
1258291369
1275068529
1291845785
1308623008
1325400192
1342177388
1358954626
1375731832
1392509036
1409286258
1426063464
1442840678
1459617892
1476395109
1493172323
1509949544
1526726777
1543503940
1560281188
1577058404
1593835620
1610612836
1627390055
1644167268
1660944484
1677721704
1694498920
1711276132
1728053352
1744830564
1761607780
1778385006
1795162221
1811939430
1828716648
1845493862
1862271076
1879048292
1895825509
1912602724
1929379940
1946157130
1962934375
1979711592
1996488812
2013265964
2030043244
2046820457
2063597674
2080374893
2097152100
2113929316
2130706532
-2147483545
-2130706332
-2113929104
-2097151891
-2080374712
-2063597455
-2046820280
-2030043022
-2013265843
-1996488600
-1979711392
-1962934172
-1946156956
-1929379740
-1912602524
-1895825312
-1879048090
-1862270904
-1845493656
-1828716438
-1811939218
-1795162010
-1778384784
-1761607580
-1744830356
-1728053148
-1711275931
-1694498716
-1677721500
-1660944283
-1644167060
-1627389852
-1610612632
-1593835441
-1577058212
-1560280983
-1543503761
-1526726547
-1509949329
-1493172124
-1476394908
-1459617692
-1442840476
-1426063260
-1409286044
-1392508823
-1375731612
-1358954370
-1342177170
-1325399963
-1308622743
-1291845523
-1275068316
-1258291104
-1241513879
-1224736668
-1207959452
-1191182236
-1174405020
-1157627804
-1140850583
-1124073370
-1107296148
-1090518928
-1073741714
-1056964493
-1040187287
-1023410068
-1006632863
-989855643
-973078428
-956301212
-939523996
-922746780
-905969560
-889192342
-872415138
-855637906
-838860692
-822083472
-805306260
-788529041
-771751795
-754974579
-738197395
-721420163
-704642955
-687865751
-671088540
-654311323
-637534108
-620756900
-603979724
-587202552
-570425344
-553648128
-536870912
-520093696
-503316480
-486539264
-469762048
-452984832
-436207616
-419430400
-402653184
-385875968
-369098752
-352321536
-335544320
-318767104
-301989888
-285212672
-268435456
-251658240
-234881024
-218103808
-201326592
-184549376
-167772160
-150994944
-134217728
-117440512
-100663296
-83886080
-67108864
-50331648
-33554432
