Type	threshold
OptoHybrid	1
VFAT2	13
min	0
max	255
step	1
n	10000
----
slot	13
ctrl0	55
ctrl1	0
ctrl2	48
ctrl3	0
iPreampIn	168
iPremapFeed	80
iPreampOut	150
iShaper	150
iShaperFeed	100
iComp	75
chipId0	116
chipId1	254
latency	0
vthreshold1	50
vthreshold2	0
vcal	0
calphase	0
----
9929
16787194
33564417
50341632
67118850
83895918
100672554
117448295
134224566
151000195
167776773
184552910
201329525
218106320
234883117
251660091
268437077
285214034
301991158
318768222
335545281
352322498
369099565
385876717
402653863
419431025
436208180
452985349
469762547
486539749
503316943
520094125
536871353
553648567
570425717
587202964
603980170
620757359
637534551
654311736
671088930
687866156
704643349
721420554
738197738
754974941
771752141
788529381
805306580
822083813
838861015
855638203
872415401
889192613
905969813
922747032
939524240
956301450
973078657
989855881
1006633089
1023410302
1040187507
1056964723
1073741937
1090519154
1107296379
1124073583
1140850804
1157628016
1174405241
1191182451
1207959668
1224736891
1241514103
1258291319
1275068531
1291845752
1308622968
1325400185
1342177399
1358954618
1375731832
1392509049
1409286266
1426063485
1442840700
1459617917
1476395131
1493172347
1509949563
1526726777
1543503996
1560281210
1577058425
1593835640
1610612858
1627390073
1644167292
1660944507
1677721719
1694498936
1711276155
1728053366
1744830581
1761607796
1778385013
1795162226
1811939439
1828716653
1845493868
1862271084
1879048296
1895825514
1912602727
1929379940
1946157156
1962934372
1979711588
1996488804
2013266020
2030043236
2046820452
2063597668
2080374884
2097152100
2113929316
2130706532
-2147483548
-2130706332
-2113929116
-2097151900
-2080374684
-2063597468
-2046820252
-2030043036
-2013265820
-1996488604
-1979711388
-1962934172
-1946156956
-1929379740
-1912602524
-1895825308
-1879048092
-1862270876
-1845493660
-1828716444
-1811939228
-1795162012
-1778384796
-1761607580
-1744830364
-1728053148
-1711275932
-1694498716
-1677721500
-1660944284
-1644167068
-1627389852
-1610612636
-1593835420
-1577058204
-1560280988
-1543503772
-1526726556
-1509949340
-1493172124
-1476394908
-1459617692
-1442840476
-1426063260
-1409286044
-1392508828
-1375731612
-1358954396
-1342177180
-1325399964
-1308622760
-1291845532
-1275068320
-1258291116
-1241513896
-1224736712
-1207959504
-1191182288
-1174405096
-1157627896
-1140850676
-1124073464
-1107296256
-1090519040
-1073741824
-1056964608
-1040187392
-1023410176
-1006632960
-989855744
-973078528
-956301312
-939524096
-922746880
-905969664
-889192448
-872415232
-855638016
-838860800
-822083584
-805306368
-788529152
-771751936
-754974720
-738197504
-721420288
-704643072
-687865856
-671088640
-654311424
-637534208
-620756992
-603979776
-587202560
-570425344
-553648128
-536870912
-520093696
-503316480
-486539264
-469762048
-452984832
-436207616
-419430400
-402653184
-385875968
-369098752
-352321536
-335544320
-318767104
-301989888
-285212672
-268435456
-251658240
-234881024
-218103808
-201326592
-184549376
-167772160
-150994944
-134217728
-117440512
-100663296
-83886080
-67108864
-50331648
-33554432
