Type	threshold
OptoHybrid	1
VFAT2	13
min	0
max	255
step	1
n	10000
----
slot	13
ctrl0	55
ctrl1	0
ctrl2	48
ctrl3	0
iPreampIn	168
iPremapFeed	80
iPreampOut	150
iShaper	150
iShaperFeed	100
iComp	75
chipId0	116
chipId1	254
latency	0
vthreshold1	50
vthreshold2	0
vcal	0
calphase	0
----
9848
16787165
33564403
50341631
67118852
83896053
100673271
117450109
134226020
151001541
167777828
184553410
201330041
218106606
234883365
251660245
268437267
285214130
301991194
318768295
335545344
352322490
369099642
385876744
402653883
419431076
436208250
452985428
469762634
486539752
503316987
520094184
536871414
553648574
570425748
587202929
603980152
620757366
637534569
654311768
671088960
687866131
704643323
721420556
738197746
754974932
771752144
788529342
805306527
822083763
838860976
855638188
872415372
889192607
905969805
922747023
939524241
956301437
973078648
989855878
1006633081
1023410298
1040187506
1056964731
1073741939
1090519162
1107296375
1124073592
1140850806
1157628025
1174405236
1191182453
1207959662
1224736879
1241514103
1258291319
1275068535
1291845753
1308622968
1325400184
1342177404
1358954619
1375731836
1392509050
1409286264
1426063484
1442840699
1459617917
1476395133
1493172349
1509949567
1526726782
1543503994
1560281211
1577058426
1593835645
1610612866
1627390061
1644167312
1660944511
1677721724
1694498939
1711276153
1728053370
1744830589
1761607805
1778385018
1795162256
1811939447
1828716663
1845493887
1862271121
1879048275
1895825523
1912602734
1929379949
1946157159
1962934372
1979711589
1996488807
2013266020
2030043236
2046820454
2063597668
2080374884
2097152100
2113929316
2130706532
-2147483548
-2130706332
-2113929116
-2097151900
-2080374684
-2063597468
-2046820252
-2030043036
-2013265820
-1996488604
-1979711388
-1962934172
-1946156956
-1929379740
-1912602524
-1895825308
-1879048092
-1862270876
-1845493660
-1828716444
-1811939228
-1795162012
-1778384796
-1761607580
-1744830364
-1728053148
-1711275932
-1694498716
-1677721500
-1660944284
-1644167068
-1627389852
-1610612636
-1593835420
-1577058204
-1560280988
-1543503772
-1526726556
-1509949340
-1493172124
-1476394908
-1459617692
-1442840476
-1426063260
-1409286044
-1392508828
-1375731612
-1358954396
-1342177180
-1325399964
-1308622748
-1291845532
-1275068316
-1258291100
-1241513884
-1224736676
-1207959452
-1191182236
-1174405036
-1157627816
-1140850616
-1124073416
-1107296204
-1090519012
-1073741820
-1056964592
-1040187384
-1023410176
-1006632960
-989855744
-973078528
-956301312
-939524096
-922746880
-905969664
-889192448
-872415232
-855638016
-838860800
-822083584
-805306368
-788529152
-771751936
-754974720
-738197504
-721420288
-704643072
-687865856
-671088640
-654311424
-637534208
-620756992
-603979776
-587202560
-570425344
-553648128
-536870912
-520093696
-503316480
-486539264
-469762048
-452984832
-436207616
-419430400
-402653184
-385875968
-369098752
-352321536
-335544320
-318767104
-301989888
-285212672
-268435456
-251658240
-234881024
-218103808
-201326592
-184549376
-167772160
-150994944
-134217728
-117440512
-100663296
-83886080
-67108864
-50331648
-33554432
