Type	threshold
OptoHybrid	1
VFAT2	19
min	0
max	255
step	1
n	10000
----
slot	19
ctrl0	55
ctrl1	0
ctrl2	48
ctrl3	0
iPreampIn	168
iPremapFeed	80
iPreampOut	150
iShaper	150
iShaperFeed	100
iComp	75
chipId0	163
chipId1	254
latency	0
vthreshold1	1
vthreshold2	0
vcal	0
calphase	0
----
9973
16787185
33564399
50341593
67118552
83894597
100670101
117446030
134222038
150998230
167774725
184551402
201328366
218105347
234882269
251659274
268436456
285213498
301990637
318767777
335544869
352322063
369099228
385876355
402653535
419430754
436207945
452985130
469762342
486539550
503316775
520093960
536871201
553648407
570425595
587202815
603980034
620757242
637534455
654311654
671088862
687866077
704643272
721420471
738197665
754974874
771752064
788529272
805306484
822083706
838860916
855638130
872415336
889192555
905969769
922746988
939524202
956301413
973078635
989855849
1006633071
1023410291
1040187504
1056964724
1073741939
1090519155
1107296374
1124073587
1140850803
1157628021
1174405235
1191182449
1207959663
1224736878
1241514093
1258291309
1275068520
1291845735
1308622951
1325400169
1342177381
1358954597
1375731812
1392509029
1409286244
1426063460
1442840676
1459617892
1476395108
1493172324
1509949540
1526726756
1543503972
1560281188
1577058404
1593835620
1610612836
1627390052
1644167268
1660944484
1677721700
1694498916
1711276132
1728053348
1744830564
1761607780
1778384996
1795162212
1811939428
1828716644
1845493860
1862271076
1879048292
1895825508
1912602724
1929379940
1946157152
1962934372
1979711588
1996488804
2013266012
2030043232
2046820444
2063597660
2080374856
2097152068
2113929264
2130706484
-2147483604
-2130706372
-2113929176
-2097151972
-2080374768
-2063597548
-2046820340
-2030043124
-2013265912
-1996488704
-1979711488
-1962934272
-1946157056
-1929379840
-1912602624
-1895825408
-1879048192
-1862270976
-1845493760
-1828716544
-1811939328
-1795162112
-1778384896
-1761607680
-1744830464
-1728053248
-1711276032
-1694498816
-1677721600
-1660944384
-1644167168
-1627389952
-1610612736
-1593835520
-1577058304
-1560281088
-1543503872
-1526726656
-1509949440
-1493172224
-1476395008
-1459617792
-1442840576
-1426063360
-1409286144
-1392508928
-1375731712
-1358954496
-1342177280
-1325400064
-1308622848
-1291845632
-1275068416
-1258291200
-1241513984
-1224736768
-1207959552
-1191182336
-1174405120
-1157627904
-1140850688
-1124073472
-1107296256
-1090519040
-1073741824
-1056964608
-1040187392
-1023410176
-1006632960
-989855744
-973078528
-956301312
-939524096
-922746880
-905969664
-889192448
-872415232
-855638016
-838860800
-822083584
-805306368
-788529152
-771751936
-754974720
-738197504
-721420288
-704643072
-687865856
-671088640
-654311424
-637534208
-620756992
-603979776
-587202560
-570425344
-553648128
-536870912
-520093696
-503316480
-486539264
-469762048
-452984832
-436207616
-419430400
-402653184
-385875968
-369098752
-352321536
-335544320
-318767104
-301989888
-285212672
-268435456
-251658240
-234881024
-218103808
-201326592
-184549376
-167772160
-150994944
-134217728
-117440512
-100663296
-83886080
-67108864
-50331648
-33554432
