Type	threshold
OptoHybrid	1
VFAT2	20
min	0
max	255
step	1
n	10000
----
slot	20
ctrl0	55
ctrl1	0
ctrl2	48
ctrl3	0
iPreampIn	168
iPremapFeed	80
iPreampOut	150
iShaper	150
iShaperFeed	100
iComp	75
chipId0	132
chipId1	250
latency	0
vthreshold1	1
vthreshold2	0
vcal	0
calphase	0
----
9997
16787215
33564432
50341611
67118639
83895375
100671850
117447730
134224325
151001264
167778006
184554782
201331713
218108693
234885360
251662674
268439826
285216785
301993929
318770814
335547883
352325047
369102178
385879258
402656349
419433313
436210495
452987637
469764446
486541666
503318705
520095850
536873021
553650088
570427232
587204478
603981538
620758724
637535722
654312936
671090000
687867243
704644293
721421499
738198655
754975815
771752939
788530144
805307341
822084464
838861650
855638866
872416011
889193114
905970177
922747489
939524681
956301882
973079027
989856199
1006633388
1023410626
1040187832
1056964974
1073742158
1090519347
1107296605
1124073786
1140850970
1157628189
1174405378
1191182559
1207959750
1224736976
1241514150
1258291307
1275068538
1291845775
1308622982
1325400204
1342177391
1358954610
1375731796
1392509024
1409286217
1426063422
1442840633
1459617847
1476395070
1493172302
1509949504
1526726711
1543503921
1560281108
1577058358
1593835572
1610612753
1627389960
1644167200
1660944400
1677721612
1694498832
1711276042
1728053264
1744830476
1761607700
1778384912
1795162122
1811939332
1828716548
1845493781
1862270992
1879048214
1895825416
1912602646
1929379840
1946157064
1962934278
1979711488
1996488708
2013265928
2030043136
2046820352
2063597568
2080374784
2097152000
2113929216
2130706436
-2147483648
-2130706432
-2113929216
-2097152000
-2080374784
-2063597564
-2046820352
-2030043136
-2013265916
-1996488704
-1979711488
-1962934272
-1946157056
-1929379840
-1912602624
-1895825408
-1879048192
-1862270976
-1845493760
-1828716544
-1811939328
-1795162112
-1778384896
-1761607680
-1744830464
-1728053248
-1711276032
-1694498816
-1677721600
-1660944384
-1644167168
-1627389952
-1610612736
-1593835520
-1577058304
-1560281088
-1543503872
-1526726656
-1509949440
-1493172224
-1476395008
-1459617792
-1442840576
-1426063360
-1409286144
-1392508928
-1375731712
-1358954496
-1342177280
-1325400064
-1308622848
-1291845632
-1275068416
-1258291200
-1241513984
-1224736768
-1207959552
-1191182336
-1174405120
-1157627904
-1140850688
-1124073472
-1107296256
-1090519040
-1073741824
-1056964608
-1040187392
-1023410176
-1006632960
-989855744
-973078528
-956301312
-939524096
-922746880
-905969664
-889192448
-872415232
-855638016
-838860800
-822083584
-805306368
-788529152
-771751936
-754974720
-738197504
-721420288
-704643072
-687865856
-671088640
-654311424
-637534208
-620756992
-603979776
-587202560
-570425344
-553648128
-536870912
-520093696
-503316480
-486539264
-469762048
-452984832
-436207616
-419430400
-402653184
-385875968
-369098752
-352321536
-335544320
-318767104
-301989888
-285212672
-268435456
-251658240
-234881024
-218103808
-201326592
-184549376
-167772160
-150994944
-134217728
-117440512
-100663296
-83886080
-67108864
-50331648
-33554432
