Type	threshold
OptoHybrid	1
VFAT2	12
min	0
max	255
step	1
n	10000
----
slot	12
ctrl0	55
ctrl1	0
ctrl2	48
ctrl3	0
iPreampIn	168
iPremapFeed	80
iPreampOut	150
iShaper	150
iShaperFeed	100
iComp	75
chipId0	99
chipId1	254
latency	0
vthreshold1	1
vthreshold2	0
vcal	0
calphase	0
----
9968
16787181
33564400
50341603
67118746
83895680
100672014
117448280
134224352
151000526
167776437
184553191
201329731
218106703
234883151
251660131
268436998
285214191
301991092
318768219
335545205
352322321
369099470
385876526
402653737
419430912
436208064
452985223
469762465
486539643
503316835
520094036
536871231
553648436
570425625
587202863
603980056
620757262
637534465
654311668
671088907
687866099
704643299
721420507
738197721
754974955
771752135
788529340
805306560
822083759
838860957
855638186
872415384
889192595
905969822
922747011
939524232
956301437
973078658
989855873
1006633083
1023410307
1040187515
1056964725
1073741941
1090519158
1107296370
1124073596
1140850803
1157628020
1174405234
1191182451
1207959666
1224736883
1241514096
1258291310
1275068526
1291845742
1308622959
1325400174
1342177389
1358954603
1375731815
1392509032
1409286251
1426063466
1442840677
1459617897
1476395110
1493172326
1509949541
1526726757
1543503973
1560281189
1577058405
1593835624
1610612837
1627390054
1644167268
1660944487
1677721702
1694498921
1711276136
1728053352
1744830553
1761607777
1778384984
1795162203
1811939412
1828716634
1845493832
1862271068
1879048266
1895825477
1912602684
1929379860
1946157097
1962934301
1979711516
1996488736
2013265940
2030043148
2046820356
2063597576
2080374788
2097152004
2113929216
2130706432
-2147483648
-2130706428
-2113929216
-2097152000
-2080374784
-2063597568
-2046820352
-2030043136
-2013265920
-1996488704
-1979711488
-1962934272
-1946157056
-1929379840
-1912602624
-1895825408
-1879048192
-1862270976
-1845493760
-1828716544
-1811939328
-1795162112
-1778384896
-1761607680
-1744830464
-1728053248
-1711276032
-1694498816
-1677721600
-1660944384
-1644167168
-1627389952
-1610612736
-1593835520
-1577058304
-1560281088
-1543503872
-1526726656
-1509949440
-1493172224
-1476395008
-1459617792
-1442840576
-1426063360
-1409286144
-1392508928
-1375731712
-1358954496
-1342177280
-1325400064
-1308622848
-1291845632
-1275068416
-1258291200
-1241513984
-1224736768
-1207959552
-1191182336
-1174405120
-1157627904
-1140850688
-1124073472
-1107296256
-1090519040
-1073741824
-1056964608
-1040187392
-1023410176
-1006632960
-989855744
-973078528
-956301312
-939524096
-922746880
-905969664
-889192448
-872415232
-855638016
-838860800
-822083584
-805306368
-788529152
-771751936
-754974720
-738197504
-721420288
-704643072
-687865856
-671088640
-654311424
-637534208
-620756992
-603979776
-587202560
-570425344
-553648128
-536870912
-520093696
-503316480
-486539264
-469762048
-452984832
-436207616
-419430400
-402653184
-385875968
-369098752
-352321536
-335544320
-318767104
-301989888
-285212672
-268435456
-251658240
-234881024
-218103808
-201326592
-184549376
-167772160
-150994944
-134217728
-117440512
-100663296
-83886080
-67108864
-50331648
-33554432
