Type	threshold
OptoHybrid	1
VFAT2	13
min	0
max	255
step	1
n	10000
----
slot	13
ctrl0	55
ctrl1	0
ctrl2	48
ctrl3	0
iPreampIn	168
iPremapFeed	80
iPreampOut	150
iShaper	150
iShaperFeed	100
iComp	75
chipId0	116
chipId1	254
latency	0
vthreshold1	50
vthreshold2	0
vcal	0
calphase	0
----
9835
16787159
33564413
50341632
67118856
83896060
100673262
117450303
134226848
151002406
167777888
184554225
201330405
218106861
234883600
251660317
268437304
285214203
301991254
318768374
335545422
352322411
369099629
385876749
402653847
419431074
436208216
452985394
469762611
486539807
503317023
520094162
536871335
553648564
570425797
587202981
603980181
620757345
637534570
654311786
671088957
687866148
704643321
721420556
738197789
754974954
771752136
788529325
805306563
822083777
838860967
855638165
872415386
889192596
905969816
922747013
939524235
956301443
973078654
989855870
1006633082
1023410300
1040187519
1056964736
1073741946
1090519158
1107296377
1124073592
1140850806
1157628025
1174405240
1191182455
1207959674
1224736889
1241514102
1258291316
1275068540
1291845753
1308622968
1325400182
1342177401
1358954621
1375731837
1392509051
1409286268
1426063484
1442840701
1459617917
1476395132
1493172347
1509949562
1526726781
1543504016
1560281213
1577058413
1593835628
1610612862
1627390075
1644167294
1660944507
1677721723
1694498944
1711276157
1728053373
1744830579
1761607805
1778385016
1795162243
1811939451
1828716667
1845493885
1862271088
1879048311
1895825520
1912602732
1929379947
1946157164
1962934374
1979711592
1996488805
2013266023
2030043236
2046820454
2063597668
2080374884
2097152101
2113929316
2130706532
-2147483548
-2130706332
-2113929116
-2097151900
-2080374684
-2063597468
-2046820252
-2030043036
-2013265820
-1996488604
-1979711388
-1962934172
-1946156956
-1929379740
-1912602524
-1895825308
-1879048092
-1862270876
-1845493660
-1828716444
-1811939228
-1795162012
-1778384796
-1761607580
-1744830364
-1728053148
-1711275932
-1694498716
-1677721500
-1660944284
-1644167068
-1627389852
-1610612636
-1593835420
-1577058204
-1560280988
-1543503772
-1526726556
-1509949340
-1493172124
-1476394908
-1459617692
-1442840476
-1426063260
-1409286044
-1392508828
-1375731612
-1358954396
-1342177180
-1325399964
-1308622748
-1291845532
-1275068316
-1258291100
-1241513884
-1224736676
-1207959460
-1191182252
-1174405048
-1157627832
-1140850608
-1124073404
-1107296200
-1090519012
-1073741820
-1056964604
-1040187388
-1023410172
-1006632960
-989855744
-973078528
-956301312
-939524096
-922746880
-905969664
-889192448
-872415232
-855638016
-838860800
-822083584
-805306368
-788529152
-771751936
-754974720
-738197504
-721420288
-704643072
-687865856
-671088640
-654311424
-637534208
-620756992
-603979776
-587202560
-570425344
-553648128
-536870912
-520093696
-503316480
-486539264
-469762048
-452984832
-436207616
-419430400
-402653184
-385875968
-369098752
-352321536
-335544320
-318767104
-301989888
-285212672
-268435456
-251658240
-234881024
-218103808
-201326592
-184549376
-167772160
-150994944
-134217728
-117440512
-100663296
-83886080
-67108864
-50331648
-33554432
