Type	threshold
OptoHybrid	1
VFAT2	19
min	0
max	255
step	1
n	10000
----
slot	19
ctrl0	55
ctrl1	0
ctrl2	48
ctrl3	0
iPreampIn	168
iPremapFeed	80
iPreampOut	150
iShaper	150
iShaperFeed	100
iComp	75
chipId0	163
chipId1	254
latency	0
vthreshold1	1
vthreshold2	0
vcal	0
calphase	0
----
9929
16787176
33564403
50341611
67118815
83895693
100671527
117446980
134222408
150998824
167774859
184551437
201328390
218105309
234882469
251659483
268436409
285213517
301990722
318767824
335544883
352322085
369099212
385876383
402653566
419430745
436207949
452985160
469762353
486539586
503316768
520093990
536871212
553648402
570425599
587202816
603980027
620757248
637534452
654311662
671088852
687866057
704643247
721420462
738197666
754974846
771752054
788529288
805306472
822083715
838860917
855638126
872415337
889192560
905969770
922746986
939524201
956301417
973078634
989855855
1006633072
1023410291
1040187504
1056964721
1073741944
1090519154
1107296377
1124073594
1140850809
1157628022
1174405240
1191182452
1207959663
1224736884
1241514097
1258291308
1275068523
1291845736
1308622950
1325400169
1342177383
1358954597
1375731812
1392509030
1409286244
1426063460
1442840676
1459617892
1476395108
1493172324
1509949540
1526726756
1543503972
1560281188
1577058404
1593835620
1610612836
1627390052
1644167268
1660944484
1677721700
1694498916
1711276132
1728053348
1744830564
1761607780
1778384996
1795162212
1811939428
1828716644
1845493860
1862271076
1879048292
1895825508
1912602724
1929379940
1946157156
1962934372
1979711588
1996488804
2013266016
2030043236
2046820452
2063597656
2080374872
2097152080
2113929288
2130706496
-2147483608
-2130706388
-2113929184
-2097151976
-2080374772
-2063597560
-2046820340
-2030043136
-2013265920
-1996488704
-1979711488
-1962934272
-1946157056
-1929379840
-1912602624
-1895825408
-1879048192
-1862270976
-1845493760
-1828716544
-1811939328
-1795162112
-1778384896
-1761607680
-1744830464
-1728053248
-1711276032
-1694498816
-1677721600
-1660944384
-1644167168
-1627389952
-1610612736
-1593835520
-1577058304
-1560281088
-1543503872
-1526726656
-1509949440
-1493172224
-1476395008
-1459617792
-1442840576
-1426063360
-1409286144
-1392508928
-1375731712
-1358954496
-1342177280
-1325400064
-1308622848
-1291845632
-1275068416
-1258291200
-1241513984
-1224736768
-1207959552
-1191182336
-1174405120
-1157627904
-1140850688
-1124073472
-1107296256
-1090519040
-1073741824
-1056964608
-1040187392
-1023410176
-1006632960
-989855744
-973078528
-956301312
-939524096
-922746880
-905969664
-889192448
-872415232
-855638016
-838860800
-822083584
-805306368
-788529152
-771751936
-754974720
-738197504
-721420288
-704643072
-687865856
-671088640
-654311424
-637534208
-620756992
-603979776
-587202560
-570425344
-553648128
-536870912
-520093696
-503316480
-486539264
-469762048
-452984832
-436207616
-419430400
-402653184
-385875968
-369098752
-352321536
-335544320
-318767104
-301989888
-285212672
-268435456
-251658240
-234881024
-218103808
-201326592
-184549376
-167772160
-150994944
-134217728
-117440512
-100663296
-83886080
-67108864
-50331648
-33554432
