Type	threshold
OptoHybrid	1
VFAT2	4
min	0
max	255
step	1
n	10000
----
slot	4
ctrl0	55
ctrl1	0
ctrl2	48
ctrl3	0
iPreampIn	168
iPremapFeed	80
iPreampOut	150
iShaper	150
iShaperFeed	100
iComp	75
chipId0	180
chipId1	254
latency	0
vthreshold1	1
vthreshold2	0
vcal	0
calphase	0
----
9900
16787146
33564405
50341618
67118572
83894779
100669905
117445244
134220976
150997998
167774440
184551355
201328174
218105163
234882281
251659331
268436496
285213492
301990713
318767921
335545025
352322155
369099451
385876604
402653758
419430945
436208216
452985375
469762577
486539769
503316955
520094220
536871324
553648586
570425794
587203002
603980234
620757350
637534587
654311766
671089040
687866212
704643451
721420709
738197867
754975044
771752292
788529323
805306732
822083899
838861179
855638324
872415563
889192762
905969974
922747173
939524410
956301564
973078821
989856013
1006633038
1023410456
1040187626
1056964888
1073742081
1090519326
1107296508
1124073719
1140850864
1157628123
1174405345
1191182576
1207959744
1224736944
1241514133
1258291374
1275068573
1291845664
1308622995
1325400205
1342177424
1358954610
1375731827
1392509036
1409286267
1426063470
1442840677
1459617860
1476395108
1493172324
1509949544
1526726757
1543503974
1560281188
1577058412
1593835604
1610612840
1627390024
1644167285
1660944500
1677721700
1694498928
1711276132
1728053358
1744830568
1761607780
1778384996
1795162213
1811939428
1828716645
1845493868
1862271081
1879048297
1895825515
1912602710
1929379960
1946157172
1962934379
1979711592
1996488776
2013266033
2030043247
2046820458
2063597669
2080374885
2097152101
2113929316
2130706536
-2147483548
-2130706343
-2113929104
-2097151882
-2080374679
-2063597464
-2046820237
-2030043021
-2013265817
-1996488597
-1979711378
-1962934166
-1946156948
-1929379740
-1912602524
-1895825308
-1879048092
-1862270871
-1845493658
-1828716444
-1811939214
-1795162004
-1778384791
-1761607560
-1744830380
-1728053174
-1711275921
-1694498704
-1677721556
-1660944337
-1644167068
-1627389850
-1610612636
-1593835446
-1577058204
-1560280975
-1543503791
-1526726636
-1509949364
-1493172108
-1476394894
-1459617676
-1442840458
-1426063245
-1409286037
-1392508828
-1375731600
-1358954396
-1342177178
-1325399963
-1308622746
-1291845531
-1275068312
-1258291096
-1241513885
-1224736663
-1207959476
-1191182224
-1174405010
-1157627846
-1140850576
-1124073372
-1107296156
-1090518934
-1073741722
-1056964509
-1040187289
-1023410075
-1006632856
-989855672
-973078424
-956301200
-939523992
-922746768
-905969549
-889192338
-872415122
-855637902
-838860692
-822083482
-805306260
-788529038
-771751797
-754974611
-738197347
-721420165
-704642958
-687865765
-671088540
-654311324
-637534108
-620756892
-603979716
-587202556
-570425344
-553648128
-536870912
-520093696
-503316480
-486539264
-469762048
-452984832
-436207616
-419430400
-402653184
-385875968
-369098752
-352321536
-335544320
-318767104
-301989888
-285212672
-268435456
-251658240
-234881024
-218103808
-201326592
-184549376
-167772160
-150994944
-134217728
-117440512
-100663296
-83886080
-67108864
-50331648
-33554432
