Type	threshold
OptoHybrid	1
VFAT2	19
min	0
max	255
step	1
n	10000
----
slot	19
ctrl0	55
ctrl1	0
ctrl2	48
ctrl3	0
iPreampIn	168
iPremapFeed	80
iPreampOut	150
iShaper	150
iShaperFeed	100
iComp	75
chipId0	163
chipId1	254
latency	0
vthreshold1	1
vthreshold2	0
vcal	0
calphase	0
----
9920
16787183
33564401
50341619
67118826
83895708
100671749
117447328
134223058
150998996
167775103
184551923
201328499
218105495
234882434
251659370
268436415
285213564
301990604
318767826
335544922
352322048
369099234
385876408
402653593
419430765
436207988
452985198
469762376
486539589
503316783
520093975
536871190
553648390
570425613
587202814
603980019
620757227
637534448
654311627
671088832
687866052
704643233
721420455
738197680
754974865
771752071
788529271
805306497
822083704
838860908
855638117
872415342
889192551
905969769
922746988
939524207
956301418
973078636
989855851
1006633068
1023410293
1040187507
1056964726
1073741940
1090519156
1107296372
1124073584
1140850802
1157628017
1174405235
1191182449
1207959664
1224736879
1241514099
1258291312
1275068522
1291845733
1308622953
1325400167
1342177382
1358954596
1375731812
1392509028
1409286244
1426063460
1442840676
1459617892
1476395108
1493172324
1509949540
1526726756
1543503972
1560281188
1577058404
1593835620
1610612836
1627390052
1644167268
1660944484
1677721700
1694498916
1711276132
1728053348
1744830564
1761607780
1778384996
1795162212
1811939428
1828716644
1845493860
1862271076
1879048292
1895825504
1912602724
1929379940
1946157156
1962934372
1979711584
1996488796
2013266008
2030043232
2046820444
2063597660
2080374860
2097152080
2113929292
2130706496
-2147483604
-2130706388
-2113929176
-2097151968
-2080374776
-2063597556
-2046820352
-2030043136
-2013265908
-1996488704
-1979711488
-1962934272
-1946157056
-1929379840
-1912602624
-1895825408
-1879048192
-1862270976
-1845493760
-1828716544
-1811939328
-1795162112
-1778384896
-1761607680
-1744830464
-1728053248
-1711276032
-1694498816
-1677721600
-1660944384
-1644167168
-1627389952
-1610612736
-1593835520
-1577058304
-1560281088
-1543503872
-1526726656
-1509949440
-1493172224
-1476395008
-1459617792
-1442840576
-1426063360
-1409286144
-1392508928
-1375731712
-1358954496
-1342177280
-1325400064
-1308622848
-1291845632
-1275068416
-1258291200
-1241513984
-1224736768
-1207959552
-1191182336
-1174405120
-1157627904
-1140850688
-1124073472
-1107296256
-1090519040
-1073741824
-1056964608
-1040187392
-1023410176
-1006632960
-989855744
-973078528
-956301312
-939524096
-922746880
-905969664
-889192448
-872415232
-855638016
-838860800
-822083584
-805306368
-788529152
-771751936
-754974720
-738197504
-721420288
-704643072
-687865856
-671088640
-654311424
-637534208
-620756992
-603979776
-587202560
-570425344
-553648128
-536870912
-520093696
-503316480
-486539264
-469762048
-452984832
-436207616
-419430400
-402653184
-385875968
-369098752
-352321536
-335544320
-318767104
-301989888
-285212672
-268435456
-251658240
-234881024
-218103808
-201326592
-184549376
-167772160
-150994944
-134217728
-117440512
-100663296
-83886080
-67108864
-50331648
-33554432
