Type	threshold
OptoHybrid	1
VFAT2	20
min	0
max	255
step	1
n	10000
----
slot	20
ctrl0	55
ctrl1	0
ctrl2	48
ctrl3	0
iPreampIn	168
iPremapFeed	80
iPreampOut	150
iShaper	150
iShaperFeed	100
iComp	75
chipId0	132
chipId1	250
latency	0
vthreshold1	1
vthreshold2	0
vcal	0
calphase	0
----
9990
16787196
33564431
50341645
67118862
83896081
100673010
117449496
134225644
151002175
167778827
184555592
201332434
218109091
234886009
251662981
268440176
285217199
301993878
318771173
335548276
352325267
369102419
385879350
402656428
419433271
436210399
452987473
469764704
486541676
503318948
520095852
536872991
553650053
570427303
587204462
603981564
620758691
637535863
654312887
671090036
687867299
704644386
721421602
738198753
754975867
771752942
788530178
805307401
822084525
838861770
855638820
872416026
889193228
905970501
922747548
939524698
956301985
973079117
989856340
1006633463
1023410654
1040187813
1056965027
1073742213
1090519457
1107296541
1124073805
1140851061
1157628194
1174405446
1191182583
1207959809
1224736986
1241514176
1258291389
1275068584
1291845788
1308623005
1325400244
1342177439
1358954630
1375731842
1392509009
1409286238
1426063434
1442840669
1459617902
1476395106
1493172337
1509949505
1526726716
1543503909
1560281132
1577058348
1593835560
1610612768
1627389976
1644167200
1660944420
1677721620
1694498832
1711276068
1728053261
1744830472
1761607688
1778384917
1795162124
1811939328
1828716548
1845493772
1862270990
1879048204
1895825408
1912602624
1929379844
1946157056
1962934280
1979711496
1996488704
2013265920
2030043136
2046820352
2063597568
2080374784
2097152004
2113929216
2130706432
-2147483648
-2130706432
-2113929216
-2097152000
-2080374784
-2063597568
-2046820352
-2030043136
-2013265916
-1996488704
-1979711488
-1962934272
-1946157056
-1929379840
-1912602624
-1895825408
-1879048192
-1862270976
-1845493760
-1828716544
-1811939328
-1795162112
-1778384896
-1761607680
-1744830464
-1728053248
-1711276032
-1694498816
-1677721600
-1660944384
-1644167168
-1627389952
-1610612736
-1593835520
-1577058304
-1560281088
-1543503872
-1526726656
-1509949440
-1493172224
-1476395008
-1459617792
-1442840576
-1426063360
-1409286144
-1392508928
-1375731712
-1358954496
-1342177280
-1325400064
-1308622848
-1291845632
-1275068416
-1258291200
-1241513984
-1224736768
-1207959552
-1191182336
-1174405120
-1157627904
-1140850688
-1124073472
-1107296256
-1090519040
-1073741824
-1056964608
-1040187392
-1023410176
-1006632960
-989855744
-973078528
-956301312
-939524096
-922746880
-905969664
-889192448
-872415232
-855638016
-838860800
-822083584
-805306368
-788529152
-771751936
-754974720
-738197504
-721420288
-704643072
-687865856
-671088640
-654311424
-637534208
-620756992
-603979776
-587202560
-570425344
-553648128
-536870912
-520093696
-503316480
-486539264
-469762048
-452984832
-436207616
-419430400
-402653184
-385875968
-369098752
-352321536
-335544320
-318767104
-301989888
-285212672
-268435456
-251658240
-234881024
-218103808
-201326592
-184549376
-167772160
-150994944
-134217728
-117440512
-100663296
-83886080
-67108864
-50331648
-33554432
