Type	threshold
OptoHybrid	1
VFAT2	12
min	0
max	255
step	1
n	10000
----
slot	12
ctrl0	55
ctrl1	0
ctrl2	48
ctrl3	0
iPreampIn	168
iPremapFeed	80
iPreampOut	150
iShaper	150
iShaperFeed	100
iComp	75
chipId0	99
chipId1	254
latency	0
vthreshold1	1
vthreshold2	0
vcal	0
calphase	0
----
9939
16787180
33564405
50341615
67118803
83895966
100673031
117449236
134224814
151000740
167776838
184553486
201329716
218106377
234883152
251660084
268436877
285213968
301991010
318768049
335545201
352322266
369099456
385876608
402653738
419430905
436208100
452985287
469762461
486539666
503316870
520094042
536871231
553648450
570425633
587202883
603980065
620757280
637534469
654311683
671088909
687866092
704643312
721420510
738197724
754974939
771752139
788529347
805306547
822083751
838860969
855638156
872415375
889192573
905969804
922747006
939524218
956301437
973078659
989855865
1006633082
1023410296
1040187510
1056964728
1073741941
1090519158
1107296371
1124073594
1140850807
1157628020
1174405242
1191182449
1207959665
1224736885
1241514093
1258291312
1275068530
1291845744
1308622962
1325400177
1342177389
1358954607
1375731824
1392509037
1409286252
1426063462
1442840681
1459617899
1476395110
1493172331
1509949541
1526726757
1543503974
1560281192
1577058406
1593835628
1610612836
1627390053
1644167271
1660944486
1677721704
1694498920
1711276133
1728053347
1744830568
1761607778
1778384991
1795162217
1811939418
1828716633
1845493849
1862271060
1879048260
1895825480
1912602672
1929379880
1946157101
1962934308
1979711512
1996488732
2013265940
2030043168
2046820360
2063597572
2080374788
2097152004
2113929220
2130706436
-2147483648
-2130706428
-2113929216
-2097152000
-2080374784
-2063597568
-2046820352
-2030043136
-2013265920
-1996488704
-1979711488
-1962934272
-1946157056
-1929379840
-1912602624
-1895825408
-1879048192
-1862270976
-1845493760
-1828716544
-1811939328
-1795162112
-1778384896
-1761607680
-1744830464
-1728053248
-1711276032
-1694498816
-1677721600
-1660944384
-1644167168
-1627389952
-1610612736
-1593835520
-1577058304
-1560281088
-1543503872
-1526726656
-1509949440
-1493172224
-1476395008
-1459617792
-1442840576
-1426063360
-1409286144
-1392508928
-1375731712
-1358954496
-1342177280
-1325400064
-1308622848
-1291845632
-1275068416
-1258291200
-1241513984
-1224736768
-1207959552
-1191182336
-1174405120
-1157627904
-1140850688
-1124073472
-1107296256
-1090519040
-1073741824
-1056964608
-1040187392
-1023410176
-1006632960
-989855744
-973078528
-956301312
-939524096
-922746880
-905969664
-889192448
-872415232
-855638016
-838860800
-822083584
-805306368
-788529152
-771751936
-754974720
-738197504
-721420288
-704643072
-687865856
-671088640
-654311424
-637534208
-620756992
-603979776
-587202560
-570425344
-553648128
-536870912
-520093696
-503316480
-486539264
-469762048
-452984832
-436207616
-419430400
-402653184
-385875968
-369098752
-352321536
-335544320
-318767104
-301989888
-285212672
-268435456
-251658240
-234881024
-218103808
-201326592
-184549376
-167772160
-150994944
-134217728
-117440512
-100663296
-83886080
-67108864
-50331648
-33554432
