Type	threshold
OptoHybrid	1
VFAT2	11
min	0
max	255
step	1
n	10000
----
slot	11
ctrl0	55
ctrl1	0
ctrl2	48
ctrl3	0
iPreampIn	168
iPremapFeed	80
iPreampOut	150
iShaper	150
iShaperFeed	100
iComp	75
chipId0	175
chipId1	254
latency	0
vthreshold1	1
vthreshold2	0
vcal	0
calphase	0
----
9973
16787187
33564408
50341602
67118777
83895920
100672713
117449189
134225308
151001135
167776912
184553346
201329727
218106016
234882898
251659611
268436556
285213653
301990749
318767836
335544943
352322122
369099319
385876508
402653650
419430883
436208074
452985248
469762455
486539650
503316860
520094036
536871254
553648440
570425655
587202857
603980059
620757272
637534479
654311707
671088892
687866101
704643294
721420527
738197731
754974939
771752132
788529347
805306526
822083759
838860953
855638175
872415396
889192596
905969798
922747032
939524226
956301441
973078658
989855869
1006633088
1023410300
1040187521
1056964726
1073741944
1090519163
1107296377
1124073590
1140850802
1157628022
1174405237
1191182454
1207959669
1224736882
1241514101
1258291314
1275068529
1291845745
1308622963
1325400171
1342177390
1358954604
1375731820
1392509036
1409286258
1426063465
1442840679
1459617898
1476395111
1493172326
1509949542
1526726757
1543503973
1560281191
1577058406
1593835621
1610612833
1627390052
1644167268
1660944483
1677721700
1694498916
1711276132
1728053348
1744830564
1761607780
1778384996
1795162208
1811939424
1828716644
1845493852
1862271072
1879048276
1895825500
1912602708
1929379920
1946157128
1962934352
1979711552
1996488768
2013265964
2030043172
2046820404
2063597588
2080374808
2097152028
2113929236
2130706444
-2147483640
-2130706424
-2113929216
-2097152000
-2080374780
-2063597568
-2046820352
-2030043136
-2013265920
-1996488704
-1979711488
-1962934272
-1946157056
-1929379840
-1912602624
-1895825408
-1879048192
-1862270976
-1845493760
-1828716544
-1811939328
-1795162112
-1778384896
-1761607680
-1744830464
-1728053248
-1711276032
-1694498816
-1677721600
-1660944384
-1644167168
-1627389952
-1610612736
-1593835520
-1577058304
-1560281088
-1543503872
-1526726656
-1509949440
-1493172224
-1476395008
-1459617792
-1442840576
-1426063360
-1409286144
-1392508928
-1375731712
-1358954496
-1342177280
-1325400064
-1308622848
-1291845632
-1275068416
-1258291200
-1241513984
-1224736768
-1207959552
-1191182336
-1174405120
-1157627904
-1140850688
-1124073472
-1107296256
-1090519040
-1073741824
-1056964608
-1040187392
-1023410176
-1006632960
-989855744
-973078528
-956301312
-939524096
-922746880
-905969664
-889192448
-872415232
-855638016
-838860800
-822083584
-805306368
-788529152
-771751936
-754974720
-738197504
-721420288
-704643072
-687865856
-671088640
-654311424
-637534208
-620756992
-603979776
-587202560
-570425344
-553648128
-536870912
-520093696
-503316480
-486539264
-469762048
-452984832
-436207616
-419430400
-402653184
-385875968
-369098752
-352321536
-335544320
-318767104
-301989888
-285212672
-268435456
-251658240
-234881024
-218103808
-201326592
-184549376
-167772160
-150994944
-134217728
-117440512
-100663296
-83886080
-67108864
-50331648
-33554432
