Type	threshold
OptoHybrid	1
VFAT2	12
min	0
max	255
step	1
n	10000
----
slot	12
ctrl0	55
ctrl1	0
ctrl2	48
ctrl3	0
iPreampIn	168
iPremapFeed	80
iPreampOut	150
iShaper	150
iShaperFeed	100
iComp	75
chipId0	99
chipId1	254
latency	0
vthreshold1	1
vthreshold2	0
vcal	0
calphase	0
----
9951
16787165
33564402
50341619
67118809
83895948
100672590
117448796
134224704
151000563
167776570
184552995
201329541
218106362
234883286
251660039
268436992
285213964
301991005
318768101
335545183
352322335
369099443
385876564
402653766
419430932
436208090
452985227
469762483
486539667
503316871
520094050
536871265
553648442
570425665
587202856
603980057
620757250
637534465
654311687
671088904
687866085
704643293
721420504
738197726
754974905
771752124
788529337
805306548
822083750
838860947
855638160
872415368
889192588
905969808
922747016
939524231
956301431
973078658
989855866
1006633086
1023410300
1040187520
1056964726
1073741939
1090519161
1107296376
1124073591
1140850807
1157628018
1174405235
1191182450
1207959666
1224736881
1241514092
1258291311
1275068530
1291845740
1308622957
1325400177
1342177391
1358954601
1375731822
1392509032
1409286251
1426063465
1442840678
1459617894
1476395110
1493172328
1509949543
1526726758
1543503973
1560281188
1577058406
1593835622
1610612837
1627390055
1644167270
1660944485
1677721706
1694498922
1711276134
1728053349
1744830562
1761607776
1778384999
1795162211
1811939429
1828716636
1845493835
1862271037
1879048256
1895825468
1912602680
1929379885
1946157104
1962934321
1979711508
1996488740
2013265944
2030043152
2046820360
2063597576
2080374792
2097152004
2113929220
2130706432
-2147483644
-2130706432
-2113929212
-2097151996
-2080374784
-2063597568
-2046820352
-2030043136
-2013265920
-1996488704
-1979711488
-1962934272
-1946157056
-1929379840
-1912602624
-1895825408
-1879048192
-1862270976
-1845493760
-1828716544
-1811939328
-1795162112
-1778384896
-1761607680
-1744830464
-1728053248
-1711276032
-1694498816
-1677721600
-1660944384
-1644167168
-1627389952
-1610612736
-1593835520
-1577058304
-1560281088
-1543503872
-1526726656
-1509949440
-1493172224
-1476395008
-1459617792
-1442840576
-1426063360
-1409286144
-1392508928
-1375731712
-1358954496
-1342177280
-1325400064
-1308622848
-1291845632
-1275068416
-1258291200
-1241513984
-1224736768
-1207959552
-1191182336
-1174405120
-1157627904
-1140850688
-1124073472
-1107296256
-1090519040
-1073741824
-1056964608
-1040187392
-1023410176
-1006632960
-989855744
-973078528
-956301312
-939524096
-922746880
-905969664
-889192448
-872415232
-855638016
-838860800
-822083584
-805306368
-788529152
-771751936
-754974720
-738197504
-721420288
-704643072
-687865856
-671088640
-654311424
-637534208
-620756992
-603979776
-587202560
-570425344
-553648128
-536870912
-520093696
-503316480
-486539264
-469762048
-452984832
-436207616
-419430400
-402653184
-385875968
-369098752
-352321536
-335544320
-318767104
-301989888
-285212672
-268435456
-251658240
-234881024
-218103808
-201326592
-184549376
-167772160
-150994944
-134217728
-117440512
-100663296
-83886080
-67108864
-50331648
-33554432
