Type	threshold
OptoHybrid	1
VFAT2	11
min	0
max	255
step	1
n	10000
----
slot	11
ctrl0	55
ctrl1	0
ctrl2	48
ctrl3	0
iPreampIn	168
iPremapFeed	80
iPreampOut	150
iShaper	150
iShaperFeed	100
iComp	75
chipId0	175
chipId1	254
latency	0
vthreshold1	1
vthreshold2	0
vcal	0
calphase	0
----
9982
16787196
33564386
50341612
67118749
83895685
100672235
117448480
134224445
151000311
167776644
184553018
201329336
218105843
234882664
251659494
268436681
285213655
301990695
318767833
335544998
352322096
369099258
385876456
402653614
419430834
436208029
452985249
469762412
486539618
503316827
520094039
536871243
553648417
570425628
587202861
603980049
620757259
637534485
654311682
671088894
687866098
704643312
721420502
738197714
754974931
771752142
788529345
805306542
822083744
838860959
855638166
872415391
889192611
905969809
922747011
939524220
956301434
973078654
989855871
1006633088
1023410290
1040187507
1056964738
1073741942
1090519160
1107296369
1124073583
1140850804
1157628019
1174405236
1191182449
1207959665
1224736884
1241514098
1258291312
1275068525
1291845740
1308622956
1325400171
1342177383
1358954602
1375731816
1392509033
1409286249
1426063467
1442840678
1459617894
1476395109
1493172327
1509949540
1526726756
1543503971
1560281191
1577058406
1593835621
1610612836
1627390054
1644167269
1660944480
1677721700
1694498916
1711276132
1728053349
1744830564
1761607768
1778384984
1795162208
1811939424
1828716640
1845493852
1862271068
1879048280
1895825480
1912602708
1929379908
1946157132
1962934352
1979711536
1996488768
2013265972
2030043160
2046820376
2063597596
2080374820
2097152016
2113929240
2130706444
-2147483644
-2130706428
-2113929212
-2097151996
-2080374776
-2063597568
-2046820352
-2030043136
-2013265920
-1996488704
-1979711488
-1962934272
-1946157056
-1929379840
-1912602624
-1895825408
-1879048192
-1862270976
-1845493760
-1828716544
-1811939328
-1795162112
-1778384896
-1761607680
-1744830464
-1728053248
-1711276032
-1694498816
-1677721600
-1660944384
-1644167168
-1627389952
-1610612736
-1593835520
-1577058304
-1560281088
-1543503872
-1526726656
-1509949440
-1493172224
-1476395008
-1459617792
-1442840576
-1426063360
-1409286144
-1392508928
-1375731712
-1358954496
-1342177280
-1325400064
-1308622848
-1291845632
-1275068416
-1258291200
-1241513984
-1224736768
-1207959552
-1191182336
-1174405120
-1157627904
-1140850688
-1124073472
-1107296256
-1090519040
-1073741824
-1056964608
-1040187392
-1023410176
-1006632960
-989855744
-973078528
-956301312
-939524096
-922746880
-905969664
-889192448
-872415232
-855638016
-838860800
-822083584
-805306368
-788529152
-771751936
-754974720
-738197504
-721420288
-704643072
-687865856
-671088640
-654311424
-637534208
-620756992
-603979776
-587202560
-570425344
-553648128
-536870912
-520093696
-503316480
-486539264
-469762048
-452984832
-436207616
-419430400
-402653184
-385875968
-369098752
-352321536
-335544320
-318767104
-301989888
-285212672
-268435456
-251658240
-234881024
-218103808
-201326592
-184549376
-167772160
-150994944
-134217728
-117440512
-100663296
-83886080
-67108864
-50331648
-33554432
