VFAT2	10
MIN	0
MAX	255
STEP	1
N	500
10
16777227
33554449
50331658
67108878
83886094
100663309
117440528
134217738
150994957
167772175
184549390
201326607
218103823
234881039
251658257
268435469
285212687
301989906
318767122
335544333
352321555
369098761
385875982
402653198
419430415
436207630
452984847
469762067
486539281
503316493
520093711
536870923
553648140
570425356
587202578
603979799
620757006
637534226
654311438
671088649
687865872
704643092
721420303
738197513
754974733
771751949
788529167
805306386
822083597
838860815
855638032
872415246
889192460
905969679
922746897
939524111
956301327
973078545
989855756
1006632980
1023410186
1040187404
1056964620
1073741838
1090519053
1107296267
1124073490
1140850707
1157627921
1174405130
1191182348
1207959562
1224736785
1241514002
1258291216
1275068438
1291845650
1308622862
1325400078
1342177295
1358954505
1375731728
1392508949
1409286163
1426063382
1442840583
1459617809
1476395024
1493172247
1509949454
1526726669
1543503888
1560281100
1577058314
1593835536
1610612744
1627389961
1644167184
1660944401
1677721613
1694498826
1711276046
1728053258
1744830482
1761607693
1778384907
1795162131
1811939346
1828716553
1845493771
1862270989
1879048205
1895825420
1912602633
1929379857
1946157070
1962934281
1979711499
1996488712
2013265935
2030043152
2046820363
2063597582
2080374801
2097152016
2113929233
2130706443
-2147483626
-2130706425
-2113929195
-2097151986
-2080374774
-2063597560
-2046820338
-2030043130
-2013265905
-1996488696
-1979711469
-1962934253
-1946157043
-1929379825
-1912602611
-1895825396
-1879048177
-1862270966
-1845493748
-1828716525
-1811939310
-1795162102
-1778384888
-1761607669
-1744830451
-1728053239
-1711276028
-1694498797
-1677721587
-1660944372
-1644167151
-1627389941
-1610612721
-1593835512
-1577058292
-1560281077
-1543503861
-1526726645
-1509949426
-1493172211
-1476394994
-1459617784
-1442840568
-1426063347
-1409286129
-1392508922
-1375731699
-1358954479
-1342177272
-1325400049
-1308622835
-1291845619
-1275068397
-1258291190
-1241513968
-1224736757
-1207959538
-1191182317
-1174405103
-1157627885
-1140850680
-1124073456
-1107296244
-1090519021
-1073741807
-1056964599
-1040187380
-1023410158
-1006632942
-989855731
-973078514
-956301299
-939524081
-922746871
-905969652
-889192436
-872415220
-855637999
-838860787
-822083570
-805306354
-788529134
-771751927
-754974707
-738197489
-721420267
-704643065
-687865835
-671088627
-654311411
-637534194
-620756983
-603979761
-587202539
-570425335
-553648115
-536870898
-520093688
-503316471
-486539255
-469762037
-452984820
-436207608
-419430381
-402653172
-385875951
-369098737
-352321518
-335544305
-318767093
-301989867
-285212655
-268435441
-251658221
-234881006
-218103794
-201326574
-184549363
-167772144
-150994932
-134217715
-117440499
-100663277
-83886062
-67108849
-50331627
-33554419
