VFAT2	10
MIN	0
MAX	255
STEP	1
N	500
26
16777233
33554448
50331676
67108894
83886111
100663329
117440545
134217741
150994974
167772189
184549404
201326616
218103829
234881056
251658259
268435492
285212696
301989916
318767134
335544349
352321554
369098773
385875990
402653205
419430431
436207650
452984866
469762080
486539294
503316503
520093718
536870937
553648149
570425368
587202592
603979800
620757019
637534230
654311439
671088658
687865883
704643100
721420311
738197534
754974736
771751955
788529171
805306392
822083603
838860816
855638047
872415251
889192474
905969688
922746897
939524116
956301334
973078557
989855775
1006632976
1023410200
1040187403
1056964631
1073741853
1090519065
1107296282
1124073502
1140850714
1157627931
1174405147
1191182355
1207959581
1224736790
1241514010
1258291220
1275068433
1291845654
1308622875
1325400085
1342177297
1358954518
1375731729
1392508953
1409286177
1426063384
1442840607
1459617812
1476395036
1493172247
1509949468
1526726681
1543503888
1560281113
1577058325
1593835542
1610612758
1627389984
1644167191
1660944404
1677721631
1694498842
1711276053
1728053268
1744830490
1761607703
1778384922
1795162138
1811939351
1828716574
1845493778
1862271007
1879048213
1895825427
1912602646
1929379867
1946157079
1962934294
1979711520
1996488721
2013265940
2030043162
2046820372
2063597585
2080374818
2097152028
2113929235
2130706458
-2147483623
-2130706405
-2113929188
-2097151973
-2080374760
-2063597537
-2046820330
-2030043116
-2013265889
-1996488680
-1979711468
-1962934251
-1946157027
-1929379821
-1912602596
-1895825386
-1879048161
-1862270955
-1845493739
-1828716517
-1811939302
-1795162087
-1778384871
-1761607656
-1744830442
-1728053221
-1711275998
-1694498788
-1677721572
-1660944359
-1644167138
-1627389935
-1610612711
-1593835491
-1577058287
-1560281057
-1543503852
-1526726633
-1509949416
-1493172208
-1476394991
-1459617767
-1442840551
-1426063334
-1409286116
-1392508896
-1375731692
-1358954466
-1342177262
-1325400041
-1308622815
-1291845602
-1275068392
-1258291181
-1241513957
-1224736738
-1207959519
-1191182302
-1174405097
-1157627874
-1140850667
-1124073446
-1107296233
-1090519022
-1073741792
-1056964584
-1040187358
-1023410145
-1006632931
-989855714
-973078504
-956301285
-939524062
-922746850
-905969636
-889192430
-872415207
-855637996
-838860785
-822083560
-805306338
-788529134
-771751915
-754974696
-738197484
-721420266
-704643047
-687865833
-671088617
-654311399
-637534179
-620756958
-603979754
-587202538
-570425325
-553648102
-536870897
-520093659
-503316454
-486539239
-469762023
-452984811
-436207590
-419430382
-402653168
-385875944
-369098725
-352321517
-335544309
-318767078
-301989872
-285212653
-268435436
-251658217
-234880997
-218103776
-201326562
-184549354
-167772130
-150994914
-134217707
-117440496
-100663273
-83886060
-67108843
-50331630
-33554409
