VFAT2	11
MIN	0
MAX	255
STEP	1
N	1000000
996463
17773548
34549528
51323684
68095352
84861157
101615736
118325636
134980781
151575410
168128934
184807617
201531871
218273606
235023290
251777864
268541047
285304947
302074211
318843583
335613778
352384785
369157451
385930482
402704504
419478570
436253186
453028068
469803225
486579173
503355360
520132010
536908728
553685632
570462663
587239689
604016800
620793779
637570605
654347443
671123888
687899865
704675790
721451821
738227658
755003757
771779415
788555454
805329078
822103377
838877639
855652506
872428282
889204446
905980749
922757512
939534688
956311911
973089236
989866664
1006644134
1023421638
1040199087
1056976472
1073753859
1090531164
1107308361
1124085514
1140862590
1157639688
1174416638
1191193614
1207970563
1224747554
1241524515
1258301582
1275078675
1291855818
1308632968
1325410172
1342187384
1358964629
1375741893
1392519197
1409296549
1426073931
1442851201
1459628546
1476405872
1493183082
1509960230
1526737393
1543514447
1560291545
1577068626
1593845766
1610622887
1627400036
1644177214
1660954418
1677731610
1694508819
1711286038
1728063251
1744840464
1761617680
1778394896
1795172112
1811949328
1828726544
1845503760
1862280976
1879058192
1895835408
1912612624
1929389840
1946167056
1962944272
1979721488
1996498705
2013275920
2030053137
2046830356
2063607577
2080384807
2097162036
2113939300
2130716568
-2147473415
-2130696047
-2113918554
-2097141047
-2080363541
-2063586026
-2046808586
-2030031148
-2013253879
-1996476730
-1979699686
-1962922751
-1946145825
-1929368953
-1912592016
-1895815059
-1879037945
-1862260855
-1845483701
-1828706519
-1811929323
-1795152109
-1778374895
-1761597680
-1744820464
-1728043248
-1711266032
-1694488816
-1677711600
-1660934384
-1644157168
-1627379952
-1610602736
-1593825520
-1577048304
-1560271084
-1543493872
-1526716656
-1509939440
-1493162224
-1476385008
-1459607792
-1442830576
-1426053360
-1409276144
-1392498928
-1375721712
-1358944496
-1342167280
-1325390064
-1308612848
-1291835632
-1275058416
-1258281200
-1241503984
-1224726768
-1207949552
-1191172336
-1174395120
-1157617904
-1140840688
-1124063472
-1107286256
-1090509040
-1073731824
-1056954608
-1040177392
-1023400176
-1006622960
-989845744
-973068528
-956291312
-939514096
-922736880
-905959664
-889182448
-872405232
-855628016
-838850800
-822073584
-805296365
-788519144
-771741975
-754965735
-738193156
-721420068
-704643072
-687865856
-671088640
-654311424
-637534208
-620756992
-603979776
-587202560
-570425344
-553648128
-536870912
-520093696
-503316480
-486539264
-469762048
-452984832
-436207616
-419430400
-402653184
-385875968
-369098752
-352321536
-335544320
-318767104
-301989888
-285212672
-268435456
-251658240
-234881024
-218103808
-201326592
-184549376
-167772160
-150994944
-134217728
-117440512
-100663296
-83886080
-67108864
-50331648
-33554432
