VFAT2	11
MIN	0
MAX	255
STEP	1
N	1000000
995461
17773330
34549472
51323862
68095025
84860369
101620111
118351995
135029022
151688924
168304853
184887001
201577838
218309670
235055876
251805903
268559944
285319442
302083896
318852098
335621556
352392324
369163536
385935613
402708770
419483268
436257935
453032870
469807898
486583350
503358753
520134359
536910423
553686706
570463583
587240506
604017504
620794657
637571662
654348722
671125539
687901897
704678290
721454539
738230489
755006377
771782473
788558621
805334691
822110658
838885509
855661060
872435965
889210642
905985409
922760774
939536729
956313205
973089905
989867038
1006644227
1023421552
1040198960
1056976369
1073753751
1090531085
1107308391
1124085588
1140862696
1157639829
1174416873
1191193837
1207970810
1224747832
1241524788
1258301831
1275078821
1291855920
1308633045
1325410202
1342187415
1358964641
1375741898
1392519167
1409296490
1426073939
1442851232
1459628882
1476405824
1493183096
1509960277
1526737344
1543514453
1560291553
1577068626
1593845767
1610622874
1627400083
1644177224
1660954414
1677731622
1694508823
1711286037
1728063248
1744840466
1761617681
1778394897
1795172112
1811949328
1828726544
1845503760
1862280976
1879058192
1895835408
1912612624
1929389840
1946167056
1962944272
1979721488
1996498705
2013275920
2030053137
2046830357
2063607577
2080384804
2097162034
2113939303
2130716610
-2147473359
-2130695953
-2113918554
-2097141012
-2080363564
-2063586045
-2046808645
-2030031295
-2013254073
-1996477068
-1979700057
-1962923101
-1946146194
-1929369268
-1912592249
-1895815206
-1879038079
-1862260919
-1845483741
-1828706532
-1811929324
-1795152112
-1778374892
-1761597676
-1744820464
-1728043248
-1711266032
-1694488816
-1677711600
-1660934384
-1644157168
-1627379952
-1610602736
-1593825520
-1577048304
-1560271088
-1543493872
-1526716656
-1509939440
-1493162224
-1476385008
-1459607792
-1442830576
-1426053360
-1409276144
-1392498928
-1375721712
-1358944496
-1342167280
-1325390064
-1308612848
-1291835632
-1275058416
-1258281196
-1241503984
-1224726768
-1207949552
-1191172336
-1174395120
-1157617904
-1140840688
-1124063472
-1107286256
-1090509040
-1073731824
-1056954608
-1040177392
-1023400176
-1006622960
-989845744
-973068528
-956291311
-939514093
-922736873
-905959657
-889182442
-872405323
-855628824
-838856480
-822083268
-805306364
-788529152
-771751936
-754974720
-738197504
-721420288
-704643072
-687865856
-671088640
-654311424
-637534208
-620756992
-603979776
-587202560
-570425344
-553648128
-536870912
-520093696
-503316480
-486539264
-469762048
-452984832
-436207616
-419430400
-402653184
-385875968
-369098752
-352321536
-335544320
-318767104
-301989888
-285212672
-268435456
-251658240
-234881024
-218103808
-201326592
-184549376
-167772160
-150994944
-134217728
-117440512
-100663296
-83886080
-67108864
-50331648
-33554432
