VFAT2	11
MIN	0
MAX	255
STEP	1
N	1000000
996438
17773554
34549747
51323985
68095256
84861511
101619739
118342319
135010404
151635632
168187799
184836593
201552995
218287214
235036711
251790888
268547991
285311143
302077846
318848059
335618801
352389656
369160823
385933497
402707672
419482032
436256491
453031208
469806113
486581601
503357031
520133099
536909423
553686171
570463105
587240088
604017057
620794089
637571164
654347984
671124653
687900941
704677054
721453005
738228997
755005050
771780895
788557111
805332594
822107709
838882489
855656925
872431704
889206685
905982173
922758620
939535311
956312173
973089323
989866570
1006643999
1023421511
1040198903
1056976335
1073753783
1090531110
1107308400
1124085619
1140862729
1157639796
1174416837
1191193837
1207970818
1224747816
1241524755
1258301736
1275078794
1291855884
1308633014
1325410191
1342187367
1358964599
1375741834
1392519107
1409296434
1426073779
1442851105
1459628460
1476405766
1493183047
1509960215
1526737416
1543514543
1560291602
1577068729
1593845805
1610622909
1627400189
1644177241
1660954976
1677731670
1694508832
1711286035
1728063251
1744840466
1761617681
1778394896
1795172112
1811949328
1828726544
1845503760
1862280976
1879058192
1895835408
1912612624
1929389840
1946167056
1962944272
1979721488
1996498704
2013275921
2030053137
2046830356
2063607572
2080384794
2097162029
2113939268
2130716533
-2147473445
-2130696086
-2113918676
-2097141254
-2080363764
-2063586212
-2046808700
-2030031338
-2013253946
-1996476778
-1979699642
-1962922641
-1946145664
-1929368771
-1912591881
-1895814937
-1879037933
-1862260809
-1845483685
-1828706504
-1811929315
-1795152109
-1778374895
-1761597675
-1744820464
-1728043248
-1711266032
-1694488816
-1677711600
-1660934384
-1644157168
-1627379952
-1610602736
-1593825520
-1577048304
-1560271088
-1543493872
-1526716656
-1509939440
-1493162224
-1476385008
-1459607792
-1442830576
-1426053360
-1409276144
-1392498928
-1375721712
-1358944496
-1342167280
-1325390064
-1308612848
-1291835632
-1275058416
-1258281200
-1241503984
-1224726768
-1207949552
-1191172336
-1174395120
-1157617904
-1140840688
-1124063472
-1107286256
-1090509040
-1073731824
-1056954608
-1040177392
-1023400176
-1006622960
-989845744
-973068528
-956291312
-939514096
-922736880
-905959664
-889182448
-872405232
-855628016
-838850800
-822073584
-805296366
-788519144
-771741942
-754965506
-738192488
-721419880
-704643072
-687865856
-671088640
-654311424
-637534208
-620756992
-603979776
-587202560
-570425344
-553648128
-536870912
-520093696
-503316480
-486539264
-469762048
-452984832
-436207616
-419430400
-402653184
-385875968
-369098752
-352321536
-335544320
-318767104
-301989888
-285212672
-268435456
-251658240
-234881024
-218103808
-201326592
-184549376
-167772160
-150994944
-134217728
-117440512
-100663296
-83886080
-67108864
-50331648
-33554432
