VFAT2	11
MIN	0
MAX	255
STEP	1
N	1000000
995779
17773390
34549641
51323852
68095571
84860835
101620738
118355408
135030259
151687572
168300276
184882041
201576782
218309799
235054433
251803751
268560555
285319273
302083718
318852662
335622614
352393210
369164219
385936285
402709192
419483544
436258360
453033023
469808075
486583240
503358468
520134054
536910246
553686784
570463426
587240357
604017265
620794335
637571446
654348438
671125265
687901827
704678464
721455080
738230437
755006351
771782321
788558467
805334349
822110031
838885560
855660730
872435760
889210008
905985055
922760409
939536536
956312972
973089677
989866843
1006644049
1023421459
1040198827
1056976239
1073753701
1090531096
1107308357
1124085614
1140862795
1157639980
1174417018
1191194098
1207971051
1224748051
1241524994
1258301964
1275079013
1291856043
1308633123
1325410245
1342187409
1358964614
1375741848
1392519101
1409296371
1426073698
1442850991
1459628356
1476405668
1493182935
1509960167
1526737409
1543514574
1560291683
1577068720
1593845858
1610622971
1627400094
1644177260
1660954449
1677731632
1694508834
1711286040
1728063255
1744840465
1761617681
1778394896
1795172112
1811949328
1828726544
1845503760
1862280976
1879058192
1895835408
1912612624
1929389840
1946167056
1962944272
1979721488
1996498704
2013275920
2030053136
2046830352
2063607569
2080384797
2097162026
2113939255
2130716524
-2147473479
-2130696155
-2113918787
-2097141355
-2080363866
-2063586365
-2046808944
-2030031416
-2013254073
-1996476816
-1979699736
-1962922667
-1946145710
-1929368778
-1912591857
-1895814922
-1879037867
-1862260792
-1845483653
-1828706495
-1811929314
-1795152108
-1778374896
-1761597679
-1744820464
-1728043248
-1711266032
-1694488816
-1677711600
-1660934384
-1644157168
-1627379952
-1610602736
-1593825520
-1577048304
-1560271088
-1543493872
-1526716656
-1509939440
-1493162224
-1476385008
-1459607792
-1442830576
-1426053360
-1409276144
-1392498928
-1375721712
-1358944496
-1342167280
-1325390064
-1308612848
-1291835632
-1275058416
-1258281200
-1241503984
-1224726768
-1207949552
-1191172336
-1174395120
-1157617904
-1140840684
-1124063472
-1107286256
-1090509040
-1073731824
-1056954608
-1040177392
-1023400176
-1006622960
-989845744
-973068528
-956291312
-939514096
-922736880
-905959664
-889182448
-872405232
-855628016
-838850800
-822073584
-805296368
-788519150
-771741933
-754964909
-738190332
-721418556
-704643068
-687865856
-671088640
-654311424
-637534208
-620756992
-603979776
-587202560
-570425344
-553648128
-536870912
-520093696
-503316480
-486539264
-469762048
-452984832
-436207616
-419430400
-402653184
-385875968
-369098752
-352321536
-335544320
-318767104
-301989888
-285212672
-268435456
-251658240
-234881024
-218103808
-201326592
-184549376
-167772160
-150994944
-134217728
-117440512
-100663296
-83886080
-67108864
-50331648
-33554432
