VFAT2	11
MIN	0
MAX	255
STEP	1
N	1000000
995141
17773153
34549413
51323786
68095005
84860782
101619197
118348822
135023297
151683110
168285635
184881712
201583180
218313437
235056891
251807124
268562614
285321599
302083410
318851360
335620521
352391842
369162657
385934121
402707474
419482342
436256931
453032476
469807744
486583132
503358625
520134558
536910704
553686972
570463765
587240728
604017811
620794936
637571959
654348894
671125734
687902111
704678441
721454426
738230515
755006590
771782614
788558826
805335186
822110863
838886515
855661389
872436157
889211077
905985859
922760971
939536856
956313404
973090108
989867280
1006644520
1023421778
1040199231
1056976620
1073753953
1090531168
1107308325
1124085457
1140862507
1157639479
1174416425
1191193399
1207970372
1224747382
1241524411
1258301516
1275078611
1291855790
1308632967
1325410231
1342187497
1358964791
1375742211
1392519571
1409296915
1426074262
1442851578
1459628781
1476405953
1493182997
1509960044
1526737160
1543514194
1560291265
1577068412
1593845586
1610622772
1627399974
1644177174
1660954388
1677731601
1694508816
1711286032
1728063248
1744840464
1761617680
1778394896
1795172112
1811949328
1828726544
1845503760
1862280976
1879058192
1895835413
1912612626
1929389847
1946167077
1962944351
1979721647
1996499020
2013276487
2030054084
2046831693
2063609253
2080386601
2097163843
2113940857
2130717733
-2147472688
-2130695849
-2113918903
-2097141854
-2080364722
-2063587546
-2046810348
-2030033135
-2013255920
-1996478704
-1979701488
-1962924272
-1946147056
-1929369840
-1912592624
-1895815408
-1879038192
-1862260972
-1845483760
-1828706544
-1811929328
-1795152109
-1778374896
-1761597680
-1744820464
-1728043248
-1711266032
-1694488816
-1677711600
-1660934384
-1644157168
-1627379952
-1610602736
-1593825520
-1577048304
-1560271088
-1543493872
-1526716656
-1509939440
-1493162224
-1476385008
-1459607792
-1442830576
-1426053360
-1409276144
-1392498928
-1375721712
-1358944496
-1342167280
-1325390063
-1308612843
-1291835618
-1275058409
-1258281248
-1241504539
-1224729120
-1207955228
-1191181088
-1174405032
-1157627904
-1140850688
-1124073472
-1107296256
-1090519040
-1073741824
-1056964608
-1040187392
-1023410176
-1006632960
-989855744
-973078528
-956301312
-939524096
-922746880
-905969664
-889192448
-872415232
-855638016
-838860800
-822083584
-805306368
-788529152
-771751936
-754974720
-738197504
-721420288
-704643072
-687865856
-671088640
-654311424
-637534208
-620756992
-603979776
-587202560
-570425344
-553648128
-536870912
-520093696
-503316480
-486539264
-469762048
-452984832
-436207616
-419430400
-402653184
-385875968
-369098752
-352321536
-335544320
-318767104
-301989888
-285212672
-268435456
-251658240
-234881024
-218103808
-201326592
-184549376
-167772160
-150994944
-134217728
-117440512
-100663296
-83886080
-67108864
-50331648
-33554432
