VFAT2	11
MIN	0
MAX	255
STEP	1
N	1000000
996311
17773524
34549628
51323897
68095689
84861615
101621308
118352602
135023532
151668087
168241697
184854080
201562452
218301194
235047750
251799187
268555141
285316392
302081845
318850875
335621152
352391425
369162757
385935346
402708632
419483056
436257723
453032552
469807306
486582510
503357870
520133850
536909846
553686313
570463137
587240067
604017109
620794140
637571341
654348120
671124848
687901415
704677791
721453826
738229763
755005572
771781711
788557991
805333702
822109430
838885754
855659569
872434191
889208755
905983831
922759685
939535838
956312473
973089558
989866676
1006644059
1023421424
1040198853
1056976287
1073753664
1090531093
1107308373
1124085641
1140862802
1157639905
1174416940
1191194001
1207970969
1224747917
1241524925
1258301851
1275078922
1291855966
1308633053
1325410222
1342187393
1358964598
1375741847
1392519096
1409296403
1426073685
1442851023
1459628379
1476405686
1493182973
1509960201
1526737429
1543514560
1560291652
1577068757
1593845829
1610622990
1627400120
1644177247
1660954440
1677731635
1694508831
1711286038
1728063253
1744840467
1761617680
1778394896
1795172112
1811949328
1828726544
1845503760
1862280976
1879058196
1895835408
1912612624
1929389840
1946167056
1962944272
1979721492
1996498704
2013275920
2030053136
2046830353
2063607570
2080384795
2097162019
2113939256
2130716520
-2147473491
-2130696163
-2113918805
-2097141346
-2080363884
-2063586314
-2046808814
-2030031390
-2013253997
-1996476743
-1979699667
-1962922583
-1946145631
-1929368694
-1912591827
-1895814871
-1879037854
-1862260787
-1845483676
-1828706490
-1811929305
-1795152107
-1778374892
-1761597680
-1744820464
-1728043248
-1711266032
-1694488816
-1677711600
-1660934384
-1644157168
-1627379952
-1610602736
-1593825520
-1577048304
-1560271088
-1543493872
-1526716656
-1509939440
-1493162224
-1476385008
-1459607792
-1442830576
-1426053360
-1409276144
-1392498928
-1375721712
-1358944496
-1342167280
-1325390064
-1308612848
-1291835632
-1275058416
-1258281200
-1241503984
-1224726768
-1207949552
-1191172336
-1174395120
-1157617904
-1140840688
-1124063472
-1107286256
-1090509040
-1073731824
-1056954608
-1040177392
-1023400176
-1006622960
-989845744
-973068528
-956291312
-939514096
-922736880
-905959664
-889182448
-872405232
-855628016
-838850800
-822073584
-805296366
-788519150
-771741963
-754965387
-738191924
-721419592
-704643068
-687865856
-671088640
-654311424
-637534208
-620756992
-603979776
-587202560
-570425344
-553648128
-536870912
-520093696
-503316480
-486539264
-469762048
-452984832
-436207616
-419430400
-402653184
-385875968
-369098752
-352321536
-335544320
-318767104
-301989888
-285212672
-268435456
-251658240
-234881024
-218103808
-201326592
-184549376
-167772160
-150994944
-134217728
-117440512
-100663296
-83886080
-67108864
-50331648
-33554432
