VFAT2	11
MIN	0
MAX	255
STEP	1
N	1000000
996378
17773575
34549709
51324030
68095527
84860925
101619761
118345590
135011702
151651254
168214602
184842399
201554454
218294590
235037756
251791850
268552608
285313618
302079450
318848316
335619394
352390814
369162056
385934381
402708240
419482596
436257343
453032023
469807004
486582025
503357659
520133523
536909823
553686388
570463132
587240091
604017192
620794240
637571239
654348120
671124967
687901277
704677389
721453322
738229372
755005539
771781521
788557367
805333181
822108849
838883657
855658217
872432953
889207798
905983179
922759115
939535526
956312320
973089415
989866646
1006643925
1023421429
1040198884
1056976318
1073753727
1090531077
1107308410
1124085608
1140862769
1157639882
1174416928
1191193962
1207970892
1224747886
1241524832
1258301899
1275078882
1291855946
1308633071
1325410217
1342187391
1358964619
1375741818
1392519089
1409296408
1426073715
1442851072
1459628360
1476405720
1493183007
1509960252
1526737399
1543514526
1560291669
1577068752
1593845835
1610622950
1627400091
1644177260
1660954418
1677731630
1694508825
1711286040
1728063251
1744840464
1761617683
1778394896
1795172112
1811949328
1828726544
1845503760
1862280976
1879058196
1895835408
1912612624
1929389840
1946167056
1962944272
1979721488
1996498704
2013275921
2030053137
2046830354
2063607571
2080384793
2097162025
2113939254
2130716522
-2147473477
-2130696174
-2113918806
-2097141298
-2080363813
-2063586333
-2046808848
-2030031371
-2013254025
-1996476723
-1979699596
-1962922554
-1946145608
-1929368670
-1912591796
-1895814894
-1879037863
-1862260805
-1845483660
-1828706499
-1811929311
-1795152105
-1778374894
-1761597679
-1744820464
-1728043248
-1711266032
-1694488816
-1677711600
-1660934384
-1644157168
-1627379952
-1610602736
-1593825520
-1577048304
-1560271088
-1543493872
-1526716656
-1509939440
-1493162224
-1476385008
-1459607792
-1442830576
-1426053356
-1409276144
-1392498928
-1375721712
-1358944454
-1342167219
-1325389911
-1308612848
-1291835632
-1275058416
-1258281200
-1241503984
-1224726768
-1207949552
-1191172336
-1174395120
-1157617904
-1140840688
-1124063472
-1107286256
-1090509040
-1073731824
-1056954608
-1040177392
-1023400176
-1006622960
-989845744
-973068528
-956291312
-939514096
-922736880
-905959664
-889182448
-872405232
-855628016
-838850800
-822073584
-805296367
-788519152
-771741960
-754965380
-738192172
-721419804
-704643068
-687865856
-671088640
-654311424
-637534208
-620756992
-603979776
-587202560
-570425344
-553648128
-536870912
-520093696
-503316480
-486539264
-469762048
-452984832
-436207616
-419430400
-402653184
-385875968
-369098752
-352321536
-335544320
-318767104
-301989888
-285212672
-268435456
-251658240
-234881024
-218103808
-201326592
-184549376
-167772160
-150994944
-134217728
-117440512
-100663296
-83886080
-67108864
-50331648
-33554432
