VFAT2	11
MIN	0
MAX	255
STEP	1
N	1000000
996552
17773497
34549366
51323473
68095212
84861259
101614480
118320918
134965799
151545927
168111414
184796472
201523465
218265010
235015356
251774666
268537874
285302680
302071115
318840461
335611141
352382962
369155409
385928431
402702126
419476394
436251149
453026342
469802110
486578174
503354787
520131518
536908390
553685288
570462497
587239477
604016470
620793418
637570207
654346803
671123151
687899154
704675133
721451036
738226679
755002122
771777039
788551183
805326015
822100903
838875777
855651171
872427061
889203663
905980340
922757418
939534535
956311896
973089346
989866784
1006644247
1023421703
1040199160
1056976559
1073753926
1090531184
1107308352
1124085494
1140862575
1157639584
1174416569
1191193535
1207970497
1224747479
1241524487
1258301513
1275078629
1291855793
1308632966
1325410151
1342187388
1358964649
1375741929
1392519233
1409296554
1426073978
1442851262
1459628583
1476405877
1493183075
1509960265
1526737373
1543514430
1560291543
1577068621
1593845741
1610622882
1627400012
1644177216
1660954414
1677731610
1694508820
1711286035
1728063248
1744840465
1761617681
1778394896
1795172112
1811949332
1828726544
1845503760
1862280976
1879058192
1895835408
1912612624
1929389840
1946167056
1962944272
1979721488
1996498704
2013275921
2030053140
2046830357
2063607576
2080384810
2097162043
2113939301
2130716585
-2147473347
-2130696016
-2113918517
-2097140992
-2080363447
-2063585896
-2046808313
-2030031218
-2013253923
-1996476750
-1979699723
-1962922750
-1946145817
-1929369019
-1912592076
-1895815059
-1879037984
-1862260859
-1845483698
-1828706524
-1811929326
-1795152111
-1778374896
-1761597680
-1744820464
-1728043248
-1711266032
-1694488816
-1677711600
-1660934380
-1644157168
-1627379952
-1610602736
-1593825520
-1577048304
-1560271084
-1543493872
-1526716656
-1509939440
-1493162224
-1476385008
-1459607792
-1442830576
-1426053360
-1409276144
-1392498928
-1375721712
-1358944496
-1342167280
-1325390064
-1308612848
-1291835632
-1275058416
-1258281200
-1241503984
-1224726768
-1207949552
-1191172336
-1174395120
-1157617904
-1140840688
-1124063472
-1107286256
-1090509040
-1073731824
-1056954608
-1040177392
-1023400176
-1006622960
-989845744
-973068528
-956291312
-939514096
-922736880
-905959664
-889182448
-872405232
-855628016
-838850800
-822073584
-805296366
-788519145
-771742011
-754966104
-738193512
-721420124
-704643072
-687865856
-671088640
-654311424
-637534208
-620756992
-603979776
-587202560
-570425344
-553648128
-536870912
-520093696
-503316480
-486539264
-469762048
-452984832
-436207616
-419430400
-402653184
-385875968
-369098752
-352321536
-335544320
-318767104
-301989888
-285212672
-268435456
-251658240
-234881024
-218103808
-201326592
-184549376
-167772160
-150994944
-134217728
-117440512
-100663296
-83886080
-67108864
-50331648
-33554432
