VFAT2	11
MIN	0
MAX	255
STEP	1
N	1000000
996081
17773458
34549515
51323882
68095570
84861086
101620254
118351616
135025793
151680735
168263400
184863147
201567783
218304018
235048307
251798638
268556193
285317428
302081802
318850275
335620767
352392665
369163749
385935289
402708972
419483373
436258163
453032838
469807630
486582571
503358185
520133890
536910182
553686558
570463360
587240233
604017272
620794321
637571200
654348281
671125136
687901598
704677864
721453969
738229931
755005930
771782034
788557880
805334086
822110032
838884864
855659777
872434825
889209090
905984264
922759864
939535955
956312627
973089549
989866697
1006644064
1023421385
1040198813
1056976218
1073753675
1090531109
1107308353
1124085592
1140862786
1157639981
1174417023
1191194021
1207971042
1224748034
1241525019
1258301974
1275078978
1291856027
1308633116
1325410236
1342187432
1358964605
1375741851
1392519066
1409296403
1426073705
1442850999
1459628324
1476405716
1493182964
1509960148
1526737383
1543514550
1560291681
1577068762
1593845829
1610622963
1627400131
1644177264
1660954462
1677731635
1694508829
1711286044
1728063253
1744840468
1761617682
1778394897
1795172112
1811949329
1828726544
1845503764
1862280976
1879058192
1895835408
1912612624
1929389840
1946167056
1962944272
1979721488
1996498704
2013275926
2030053136
2046830352
2063607573
2080384796
2097162020
2113939254
2130716533
-2147473508
-2130696208
-2113918841
-2097141348
-2080363928
-2063586412
-2046808896
-2030031411
-2013254069
-1996476797
-1979699634
-1962922566
-1946145668
-1929368717
-1912591819
-1895814886
-1879037865
-1862260759
-1845483657
-1828706493
-1811929304
-1795152107
-1778374891
-1761597676
-1744820463
-1728043248
-1711266032
-1694488816
-1677711600
-1660934384
-1644157078
-1627379952
-1610602350
-1593825519
-1577048304
-1560271088
-1543493872
-1526716656
-1509939440
-1493162224
-1476385008
-1459607792
-1442830576
-1426053360
-1409276144
-1392498924
-1375721712
-1358944496
-1342167280
-1325390064
-1308612848
-1291835632
-1275058416
-1258281200
-1241503984
-1224726768
-1207949552
-1191172336
-1174395120
-1157617904
-1140840688
-1124063472
-1107286256
-1090509040
-1073731824
-1056954608
-1040177392
-1023400176
-1006622960
-989845744
-973068528
-956291312
-939514096
-922736880
-905959664
-889182448
-872405232
-855628016
-838850800
-822073584
-805296368
-788519146
-771741954
-754965367
-738191696
-721419448
-704643064
-687865856
-671088640
-654311424
-637534208
-620756992
-603979776
-587202560
-570425344
-553648128
-536870912
-520093696
-503316480
-486539264
-469762048
-452984832
-436207616
-419430400
-402653184
-385875968
-369098752
-352321536
-335544320
-318767104
-301989888
-285212672
-268435456
-251658240
-234881024
-218103808
-201326592
-184549376
-167772160
-150994944
-134217728
-117440512
-100663296
-83886080
-67108864
-50331648
-33554432
