VFAT2	11
MIN	0
MAX	255
STEP	1
N	1000000
997239
17773165
34547340
51318330
68083298
84843739
101600451
118349739
135090311
151802038
168493008
185169229
201823214
218502946
235182916
251902703
268627500
285377859
302127249
318882309
335642017
352409314
369177637
385949416
402722492
419494571
436267655
453039937
469813352
486588723
503363837
520138985
536914588
553689841
570465229
587241539
604017835
620794503
637571520
654348503
671125298
687902214
704679128
721455770
738232483
755008981
771785193
788561546
805337421
822112717
838888449
855663594
872437598
889212711
905987900
922763248
939539086
956315072
973091540
989868452
1006645154
1023422062
1040199038
1056976248
1073753239
1090529992
1107306978
1124084016
1140861095
1157638476
1174415684
1191192759
1207969903
1224746865
1241524052
1258301308
1275078566
1291855842
1308633195
1325410525
1342187930
1358965298
1375742794
1392520182
1409297549
1426074943
1442852180
1459629428
1476406648
1493183746
1509960742
1526737723
1543514718
1560291631
1577068665
1593845759
1610622907
1627400049
1644177236
1660954423
1677731615
1694508825
1711286034
1728063250
1744840464
1761617680
1778394897
1795172116
1811949328
1828726544
1845503760
1862280976
1879058192
1895835408
1912612624
1929389840
1946167056
1962944272
1979721488
1996498704
2013275920
2030053136
2046830352
2063607569
2080384786
2097162001
2113939219
2130716438
-2147473637
-2130696414
-2113919186
-2097141957
-2080364721
-2063587463
-2046810227
-2030032915
-2013255676
-1996478387
-1979700950
-1962923641
-1946146379
-1929368978
-1912591662
-1895814414
-1879037122
-1862260015
-1845482825
-1828705717
-1811928694
-1795151592
-1778374493
-1761597370
-1744820202
-1728043106
-1711265920
-1694488757
-1677711554
-1660934371
-1644157159
-1627379946
-1610602733
-1593825518
-1577048303
-1560271088
-1543493872
-1526716656
-1509939440
-1493162224
-1476385008
-1459607792
-1442830576
-1426053360
-1409276144
-1392498928
-1375721712
-1358944496
-1342167111
-1325389922
-1308612848
-1291835632
-1275058416
-1258281200
-1241503984
-1224726768
-1207949552
-1191172336
-1174395120
-1157617904
-1140840688
-1124063472
-1107286256
-1090509040
-1073731824
-1056954603
-1040177392
-1023400176
-1006622960
-989845744
-973068528
-956291312
-939514096
-922736880
-905959664
-889182444
-872405232
-855628016
-838850800
-822073584
-805296364
-788519154
-771742276
-754969056
-738197088
-721420288
-704643072
-687865856
-671088640
-654311424
-637534208
-620756992
-603979776
-587202560
-570425344
-553648128
-536870912
-520093696
-503316480
-486539264
-469762048
-452984832
-436207616
-419430400
-402653184
-385875968
-369098752
-352321536
-335544320
-318767104
-301989888
-285212672
-268435456
-251658240
-234881024
-218103808
-201326592
-184549376
-167772160
-150994944
-134217728
-117440512
-100663296
-83886080
-67108864
-50331648
-33554432
