VFAT2	11
MIN	0
MAX	255
STEP	1
N	1000000
997258
17773514
34546305
51303081
68040152
84742583
101381594
117948902
134541144
151220186
167946248
184692042
201447483
218209957
234977149
251746791
268517392
285288916
302060459
318833154
335605688
352380399
369155835
385930360
402704629
419479213
436255833
453028722
469804157
486580042
503356365
520132462
536908692
553685784
570463003
587239915
604017044
620794212
637571250
654347907
671125243
687902010
704678817
721455704
738232238
755008631
771784915
788560563
805336391
822111366
838886523
855661636
872436956
889211769
905987010
922760827
939536766
956313385
973090333
989867487
1006644582
1023421727
1040198823
1056975916
1073752959
1090529923
1107307087
1124084291
1140861404
1157638504
1174415443
1191192570
1207969824
1224746941
1241524167
1258301406
1275078675
1291855996
1308633346
1325410762
1342188163
1358965538
1375742999
1392520425
1409297752
1426075074
1442852247
1459629465
1476406484
1493183562
1509960476
1526737431
1543514474
1560291495
1577068606
1593845662
1610622834
1627399994
1644177197
1660954400
1677731608
1694508821
1711286032
1728063248
1744840465
1761617680
1778394896
1795172112
1811949328
1828726544
1845504254
1862281060
1879058192
1895835408
1912612624
1929389840
1946167056
1962944272
1979721488
1996498704
2013275920
2030053136
2046830352
2063607568
2080384789
2097162002
2113939218
2130716435
-2147473636
-2130696406
-2113919188
-2097141951
-2080364716
-2063587463
-2046810181
-2030032929
-2013255655
-1996478364
-1979700983
-1962923597
-1946146153
-1929368902
-1912591608
-1895814245
-1879037105
-1862259912
-1845482811
-1828705659
-1811928575
-1795151532
-1778374554
-1761597525
-1744820365
-1728043124
-1711265942
-1694488773
-1677711570
-1660934355
-1644157156
-1627379951
-1610602733
-1593825516
-1577048304
-1560271088
-1543493872
-1526716656
-1509939440
-1493162224
-1476385008
-1459607792
-1442830576
-1426053360
-1409276144
-1392498928
-1375721712
-1358944496
-1342167280
-1325390064
-1308612848
-1291835632
-1275058416
-1258281200
-1241503984
-1224726768
-1207949552
-1191172336
-1174395120
-1157617904
-1140840688
-1124063472
-1107286256
-1090509040
-1073731824
-1056954608
-1040177392
-1023400176
-1006622960
-989845744
-973068528
-956291312
-939514096
-922736880
-905959664
-889182447
-872405232
-855628014
-838850799
-822073582
-805296376
-788519570
-771744212
-754971008
-738197208
-721420284
-704643072
-687865856
-671088640
-654311424
-637534208
-620756992
-603979776
-587202560
-570425344
-553648128
-536870912
-520093696
-503316480
-486539264
-469762048
-452984832
-436207616
-419430400
-402653184
-385875968
-369098752
-352321536
-335544320
-318767104
-301989888
-285212672
-268435456
-251658240
-234881024
-218103808
-201326592
-184549376
-167772160
-150994944
-134217728
-117440512
-100663296
-83886080
-67108864
-50331648
-33554432
