VFAT2	11
MIN	0
MAX	255
STEP	1
N	1000000
997252
17773359
34547197
51309230
68050654
84762175
101420432
117999059
134589611
151265593
167982152
184716422
201467398
218224807
234990247
251756188
268524604
285294752
302065160
318836067
335608095
352381786
369156493
385931255
402705543
419480057
436255214
453030345
469805492
486581116
503356822
520133078
536909226
553685768
570462556
587239649
604016714
620793808
637570936
654347927
671124925
687901889
704678903
721455712
738232215
755008397
771784159
788559661
805334488
822109389
838884057
855658529
872433418
889208454
905984288
922760448
939536793
956313532
973090287
989867387
1006644521
1023421673
1040198846
1056975995
1073752965
1090529969
1107306928
1124084029
1140861057
1157638170
1174415294
1191192459
1207969639
1224746836
1241524054
1258301273
1275078558
1291855830
1308633147
1325410484
1342187922
1358965271
1375742742
1392520131
1409297535
1426074853
1442852138
1459629325
1476406370
1493183447
1509960343
1526737414
1543514395
1560291487
1577068533
1593845651
1610622810
1627399985
1644177191
1660954391
1677731607
1694508816
1711286032
1728063349
1744840464
1761617680
1778394896
1795172112
1811949328
1828726544
1845503760
1862280976
1879058192
1895835408
1912612624
1929389840
1946167056
1962944272
1979721488
1996498704
2013275920
2030053136
2046830352
2063607568
2080384784
2097162000
2113939216
2130716435
-2147473645
-2130696421
-2113919195
-2097141972
-2080364724
-2063587443
-2046810143
-2030032784
-2013255448
-1996478041
-1979700595
-1962923221
-1946145812
-1929368193
-1912591378
-1895814237
-1879037149
-1862260153
-1845483160
-1828706120
-1811929060
-1795151968
-1778374781
-1761597627
-1744820446
-1728043243
-1711266028
-1694488810
-1677711599
-1660934384
-1644157167
-1627379952
-1610602736
-1593825520
-1577048304
-1560271088
-1543493872
-1526716656
-1509939440
-1493162220
-1476385008
-1459607792
-1442830572
-1426053360
-1409276139
-1392498928
-1375721712
-1358944496
-1342167280
-1325390064
-1308612848
-1291835632
-1275058416
-1258281196
-1241503984
-1224726768
-1207949552
-1191172336
-1174395120
-1157617904
-1140840688
-1124063472
-1107286256
-1090509040
-1073731824
-1056954608
-1040177392
-1023400176
-1006622960
-989845740
-973068528
-956291312
-939514096
-922736880
-905959664
-889182448
-872405232
-855628016
-838850800
-822073582
-805296365
-788519150
-771742316
-754969636
-738197340
-721420288
-704643072
-687865856
-671088640
-654311424
-637534208
-620756992
-603979776
-587202560
-570425344
-553648128
-536870912
-520093696
-503316480
-486539264
-469762048
-452984832
-436207616
-419430400
-402653184
-385875968
-369098752
-352321536
-335544320
-318767104
-301989888
-285212672
-268435456
-251658240
-234881024
-218103808
-201326592
-184549376
-167772160
-150994944
-134217728
-117440512
-100663296
-83886080
-67108864
-50331648
-33554432
