VFAT2	11
MIN	0
MAX	255
STEP	1
N	1000000
997289
17773592
34545519
51302490
68037501
84735792
101380706
117953543
134568177
151250412
167970619
184710643
201465215
218223841
234988006
251754466
268524407
285293813
302064671
318835799
335607755
352381439
369156214
385930438
402705042
419479319
436254441
453029792
469804931
486580717
503356650
520132892
536909078
553685773
570462503
587239549
604016737
620793881
637571016
654347929
671124959
687901916
704678734
721455608
738231596
755008122
771783581
788559233
805334098
822108722
838884007
855658672
872433857
889208278
905984413
922760397
939536705
956313394
973090511
989867430
1006644568
1023421742
1040198906
1056975954
1073752974
1090529980
1107307062
1124084014
1140861088
1157638171
1174415324
1191192498
1207969680
1224746864
1241524107
1258301348
1275078609
1291855894
1308633310
1325410604
1342187930
1358965398
1375742805
1392520274
1409297658
1426075014
1442852322
1459629327
1476406546
1493183499
1509960356
1526737510
1543514522
1560291465
1577068623
1593845703
1610622856
1627400010
1644177219
1660954425
1677731625
1694508827
1711286071
1728063305
1744840484
1761617713
1778394912
1795172128
1811949349
1828726582
1845503809
1862281004
1879058212
1895835425
1912612648
1929389848
1946167548
1962944376
1979721504
1996498720
2013275932
2030053140
2046830377
2063607601
2080384801
2097162020
2113939232
2130716452
-2147473629
-2130696395
-2113919166
-2097141946
-2080364710
-2063587403
-2046810128
-2030032821
-2013255396
-1996477988
-1979700538
-1962923021
-1946145683
-1929368426
-1912591222
-1895814111
-1879037117
-1862260048
-1845483050
-1828706010
-1811928984
-1795151913
-1778374720
-1761597611
-1744820421
-1728043226
-1711266017
-1694488787
-1677711584
-1660934368
-1644157152
-1627379932
-1610602732
-1593825500
-1577048296
-1560271063
-1543493860
-1526716644
-1509939432
-1493162212
-1476384992
-1459607784
-1442830572
-1426053336
-1409276128
-1392498920
-1375721704
-1358944492
-1342167276
-1325390052
-1308612840
-1291835616
-1275058404
-1258281196
-1241503968
-1224726764
-1207949548
-1191172332
-1174395116
-1157617900
-1140840684
-1124063460
-1107286244
-1090509040
-1073731824
-1056954604
-1040177388
-1023400164
-1006622952
-989845736
-973068520
-956291308
-939514092
-922736880
-905959659
-889182444
-872405224
-855628011
-838850792
-822073582
-805296363
-788519230
-771743032
-754970364
-738197348
-721420288
-704643072
-687865856
-671088640
-654311424
-637534208
-620756992
-603979776
-587202560
-570425344
-553648128
-536870912
-520093696
-503316480
-486539264
-469762048
-452984832
-436207616
-419430400
-402653184
-385875968
-369098752
-352321536
-335544320
-318767104
-301989888
-285212672
-268435456
-251658240
-234881024
-218103808
-201326592
-184549376
-167772160
-150994944
-134217728
-117440512
-100663296
-83886080
-67108864
-50331648
-33554432
