VFAT2	11
MIN	0
MAX	255
STEP	1
N	1000000
997077
17772935
34545912
51310056
68064449
84811114
101545884
118264390
134945925
151598727
168239433
184907239
201593687
218305210
235042492
251790621
268558396
285317928
302083307
318851582
335620544
352391765
369164915
385938277
402712004
419485821
436258816
453032789
469806889
486581525
503357109
520132882
536909302
553686021
570463002
587239895
604017029
620794056
637571208
654348223
671125220
687902109
704679009
721455786
738232332
755009079
771785330
788561348
805337320
822112786
838888057
855663218
872437330
889212182
905987659
922762966
939538186
956314697
973090961
989867801
1006644723
1023421816
1040198945
1056975966
1073753106
1090530182
1107307211
1124084277
1140861392
1157638470
1174415532
1191192680
1207969809
1224747014
1241524252
1258301482
1275078836
1291856098
1308633466
1325410838
1342188174
1358965675
1375743094
1392520474
1409297773
1426075035
1442852348
1459629432
1476406509
1493183562
1509960579
1526737581
1543514530
1560291590
1577068627
1593845736
1610622868
1627400034
1644177225
1660954408
1677731615
1694508823
1711286036
1728063249
1744840464
1761617680
1778394896
1795172112
1811949328
1828726544
1845503760
1862280976
1879058192
1895835408
1912612625
1929389840
1946167056
1962944272
1979721488
1996498704
2013275920
2030053136
2046830352
2063607570
2080384788
2097162003
2113939312
2130716443
-2147473635
-2130696419
-2113919194
-2097141967
-2080364739
-2063587493
-2046810250
-2030032970
-2013255641
-1996478359
-1979700996
-1962923650
-1946146274
-1929368938
-1912591594
-1895814352
-1879037077
-1862259904
-1845482802
-1828705688
-1811928699
-1795151566
-1778374508
-1761597401
-1744820252
-1728043112
-1711265958
-1694488776
-1677711572
-1660934369
-1644157157
-1627379950
-1610602734
-1593825519
-1577048304
-1560271088
-1543493474
-1526716656
-1509939440
-1493162224
-1476385008
-1459607792
-1442830576
-1426053360
-1409276144
-1392498928
-1375721712
-1358944496
-1342167280
-1325390064
-1308612848
-1291835632
-1275058416
-1258281200
-1241503984
-1224726768
-1207949552
-1191172336
-1174395120
-1157617904
-1140840688
-1124063472
-1107286256
-1090509040
-1073731824
-1056954608
-1040177392
-1023400176
-1006622960
-989845744
-973068528
-956291312
-939514096
-922736880
-905959664
-889182448
-872405232
-855628016
-838850800
-822073584
-805296381
-788519391
-771743744
-754970444
-738197236
-721420288
-704643072
-687865856
-671088640
-654311424
-637534208
-620756992
-603979776
-587202560
-570425344
-553648128
-536870912
-520093696
-503316480
-486539264
-469762048
-452984832
-436207616
-419430400
-402653184
-385875968
-369098752
-352321536
-335544320
-318767104
-301989888
-285212672
-268435456
-251658240
-234881024
-218103808
-201326592
-184549376
-167772160
-150994944
-134217728
-117440512
-100663296
-83886080
-67108864
-50331648
-33554432
