VFAT2	11
MIN	0
MAX	255
STEP	1
N	1000000
997271
17773294
34543364
51293747
68015378
84691643
101312711
117882483
134508383
151202190
167933608
184684429
201441788
218204976
234972901
251743418
268516492
285290694
302061931
318833298
335607137
352381484
369156958
385931480
402706194
419480223
436254581
453029487
469804612
486580231
503356169
520131900
536908144
553685037
570462021
587239205
604016431
620793675
637570667
654347820
671125095
687902143
704678827
721455374
738231637
755007100
771782864
788557614
805332567
822107123
838881493
855656468
872431510
889207040
905983014
922759320
939535912
956312897
973090113
989867301
1006644605
1023421843
1040199042
1056976173
1073753132
1090530026
1107307062
1124084030
1140861127
1157638192
1174415292
1191192433
1207969623
1224746817
1241524033
1258301269
1275078519
1291855798
1308633094
1325410441
1342187746
1358965166
1375742570
1392519971
1409297407
1426074734
1442852114
1459629255
1476406418
1493183466
1509960458
1526737467
1543514320
1560291454
1577068529
1593845644
1610622814
1627399991
1644177185
1660954387
1677731603
1694508818
1711286034
1728063248
1744840464
1761617684
1778394896
1795172112
1811949328
1828726544
1845503760
1862280976
1879058290
1895835408
1912612624
1929389840
1946167056
1962944272
1979721488
1996498704
2013275920
2030053136
2046830352
2063607569
2080384784
2097162001
2113939219
2130716433
-2147473645
-2130696427
-2113919205
-2097141973
-2080364716
-2063587470
-2046810180
-2030032880
-2013255644
-1996478286
-1979700995
-1962923638
-1946146219
-1929368916
-1912591584
-1895814214
-1879037058
-1862259939
-1845482607
-1828705689
-1811928478
-1795151473
-1778374003
-1761597311
-1744820216
-1728043111
-1711265937
-1694488752
-1677711561
-1660934363
-1644157150
-1627379948
-1610602731
-1593825519
-1577048304
-1560271088
-1543493872
-1526716656
-1509939440
-1493162224
-1476385008
-1459607792
-1442830576
-1426053360
-1409276144
-1392498928
-1375721712
-1358944496
-1342167280
-1325390064
-1308612848
-1291835632
-1275058416
-1258281200
-1241503984
-1224726768
-1207949552
-1191172336
-1174395120
-1157617904
-1140840688
-1124063472
-1107286256
-1090509040
-1073731824
-1056954608
-1040177392
-1023400176
-1006622960
-989845744
-973068528
-956291312
-939514096
-922736880
-905959664
-889182447
-872405230
-855628015
-838850801
-822073583
-805296386
-788519468
-771743756
-754970720
-738197340
-721420288
-704643072
-687865856
-671088640
-654311424
-637534208
-620756992
-603979776
-587202560
-570425344
-553648128
-536870912
-520093696
-503316480
-486539264
-469762048
-452984832
-436207616
-419430400
-402653184
-385875968
-369098752
-352321536
-335544320
-318767104
-301989888
-285212672
-268435456
-251658240
-234881024
-218103808
-201326592
-184549376
-167772160
-150994944
-134217728
-117440512
-100663296
-83886080
-67108864
-50331648
-33554432
