VFAT2	11
MIN	0
MAX	255
STEP	1
N	1000000
997272
17773348
34548060
51317143
68079655
84836513
101587739
118321273
135017531
151690321
168356721
185001471
201665653
218366789
235087006
251830583
268583659
285340486
302100250
318861129
335625820
352395417
369169259
385941497
402716264
419489393
436262946
453036620
469810930
486586061
503361801
520137186
536912586
553688448
570464716
587240798
604017624
620794386
637571468
654348292
671125270
687902037
704678957
721455615
738232282
755008933
771784981
788561057
805336569
822111528
838886634
855661842
872435844
889210726
905986223
922761889
939537757
956314322
973090961
989867836
1006644829
1023421885
1040198966
1056976052
1073753152
1090530172
1107307159
1124084233
1140861323
1157638315
1174415444
1191192611
1207969765
1224746937
1241524159
1258301427
1275078719
1291856073
1308633423
1325410813
1342188172
1358965685
1375743076
1392520428
1409297897
1426075122
1442852402
1459629513
1476406661
1493183653
1509960603
1526737636
1543514565
1560291567
1577068647
1593845740
1610622877
1627400041
1644177229
1660954408
1677731610
1694508820
1711286032
1728063248
1744840464
1761617680
1778394896
1795172112
1811949328
1828726544
1845503760
1862280976
1879058192
1895835408
1912612624
1929389840
1946167056
1962944272
1979721488
1996498704
2013275920
2030053136
2046830352
2063607569
2080384784
2097162000
2113939217
2130716434
-2147473646
-2130696430
-2113919197
-2097141979
-2080364746
-2063587493
-2046810220
-2030032949
-2013255661
-1996478321
-1979700975
-1962923635
-1946146246
-1929368836
-1912591550
-1895814242
-1879037085
-1862259976
-1845482859
-1828705795
-1811928735
-1795151707
-1778374593
-1761597534
-1744820334
-1728043175
-1711265985
-1694488785
-1677711591
-1660934374
-1644157167
-1627379950
-1610602736
-1593825519
-1577048304
-1560271088
-1543493872
-1526716652
-1509939440
-1493162224
-1476385008
-1459607792
-1442830576
-1426053360
-1409276107
-1392498928
-1375721712
-1358944496
-1342167280
-1325390064
-1308612848
-1291835632
-1275058416
-1258281200
-1241503984
-1224726768
-1207949552
-1191172336
-1174395120
-1157617904
-1140840688
-1124063472
-1107286256
-1090509040
-1073731824
-1056954608
-1040177392
-1023400176
-1006622960
-989845744
-973068528
-956291312
-939514096
-922736876
-905959664
-889182448
-872405231
-855628016
-838850807
-822073581
-805296390
-788519592
-771743824
-754970892
-738197280
-721420288
-704643072
-687865856
-671088640
-654311424
-637534208
-620756992
-603979776
-587202560
-570425344
-553648128
-536870912
-520093696
-503316480
-486539264
-469762048
-452984832
-436207616
-419430400
-402653184
-385875968
-369098752
-352321536
-335544320
-318767104
-301989888
-285212672
-268435456
-251658240
-234881024
-218103808
-201326592
-184549376
-167772160
-150994944
-134217728
-117440512
-100663296
-83886080
-67108864
-50331648
-33554432
