VFAT2	11
MIN	0
MAX	255
STEP	1
N	1000000
996017
17773650
34550625
51323963
68076824
84826239
101566025
118239410
134916765
151543179
168118835
184784222
201508243
218255608
235009819
251770823
268534574
285297224
302063738
318832739
335603802
352375326
369148921
385923445
402698525
419474056
436250438
453027006
469803718
486580629
503357607
520134445
536911500
553688315
570465042
587241817
604018226
620794355
637570019
654345689
671120414
687895693
704670085
721444974
738219830
754995646
771771377
788547125
805323286
822099767
838876421
855653015
872429862
889206673
905983409
922760294
939537266
956314254
973091277
989868354
1006645450
1023422567
1040199705
1056976840
1073754056
1090531290
1107308509
1124085815
1140863039
1157640292
1174417544
1191194770
1207972002
1224749229
1241526429
1258303642
1275080820
1291857957
1308635089
1325412143
1342189163
1358966186
1375743158
1392520083
1409297093
1426074024
1442851099
1459628154
1476405230
1493182356
1509959551
1526736707
1543513912
1560291117
1577068319
1593845528
1610622738
1627399955
1644177168
1660954384
1677731600
1694508816
1711286032
1728063248
1744840464
1761617680
1778394896
1795172108
1811949324
1828726544
1845503760
1862280968
1879058192
1895835400
1912612596
1929389832
1946166998
1962944105
1979721262
1996498354
2013275557
2030052389
2046829028
2063605836
2080382464
2097158648
2113934656
2130710828
-2147480256
-2130704112
-2113927768
-2097150856
-2080374140
-2063597155
-2046820124
-2030043044
-2013265847
-1996488684
-1979711476
-1962934256
-1946157056
-1929379826
-1912602620
-1895825404
-1879048192
-1862270972
-1845493760
-1828716540
-1811939324
-1795162103
-1778384888
-1761607676
-1744830456
-1728053248
-1711276032
-1694498812
-1677721596
-1660944384
-1644167160
-1627389952
-1610612736
-1593835516
-1577058292
-1560281088
-1543503872
-1526726656
-1509949432
-1493172216
-1476395008
-1459617792
-1442840572
-1426063356
-1409286140
-1392508928
-1375731712
-1358954496
-1342177280
-1325400064
-1308622848
-1291845628
-1275068408
-1258291192
-1241513984
-1224736763
-1207959552
-1191182332
-1174405120
-1157627904
-1140850688
-1124073464
-1107296252
-1090519040
-1073741824
-1056964608
-1040187392
-1023410176
-1006632960
-989855744
-973078528
-956301307
-939524092
-922746876
-905969664
-889192448
-872415232
-855638016
-838860800
-822083580
-805306368
-788529152
-771751936
-754974720
-738197504
-721420288
-704643068
-687865856
-671088640
-654311424
-637534208
-620756988
-603979776
-587202560
-570425344
-553648128
-536870912
-520093696
-503316480
-486539264
-469762048
-452984832
-436207616
-419430400
-402653184
-385875968
-369098752
-352321536
-335544320
-318767104
-301989888
-285212672
-268435456
-251658240
-234881024
-218103808
-201326592
-184549376
-167772160
-150994944
-134217728
-117440512
-100663296
-83886080
-67108864
-50331648
-33554432
