VFAT2	11
MIN	0
MAX	255
STEP	1
N	1000000
995578
17773481
34550150
51324128
68076675
84816994
101557403
118222511
134901604
151551327
168106524
184754891
201486831
218232544
234988772
251753081
268519830
285288965
302057397
318827375
335600025
352373216
369147499
385922112
402697797
419473837
436250368
453026920
469803739
486580645
503357442
520134426
536911231
553688120
570465014
587241699
604018454
620794903
637570693
654346562
671121348
687896957
704671522
721445633
738220804
754996194
771771822
788547276
805323598
822099747
838876299
855653096
872429985
889206612
905983427
922760262
939537149
956314120
973091247
989868305
1006645432
1023422541
1040199675
1056976838
1073754025
1090531235
1107308494
1124085751
1140863029
1157640292
1174417547
1191194765
1207972004
1224749231
1241526446
1258303655
1275080827
1291857995
1308635161
1325412230
1342189258
1358966345
1375743216
1392520249
1409297192
1426074165
1442851151
1459628191
1476405344
1493182374
1509959535
1526736742
1543513903
1560291108
1577068316
1593845527
1610622738
1627399957
1644177169
1660954384
1677731600
1694508816
1711286032
1728063248
1744840464
1761617680
1778394896
1795172112
1811949328
1828726544
1845503760
1862280972
1879058189
1895835400
1912612616
1929389824
1946167044
1962944208
1979721416
1996498573
2013275661
2030052588
2046829469
2063606360
2080383024
2097159272
2113935336
2130712164
-2147479980
-2130703456
-2113926884
-2097150720
-2080374016
-2063597132
-2046820132
-2030043036
-2013265888
-1996488672
-1979711472
-1962934264
-1946157056
-1929379840
-1912602624
-1895825408
-1879048192
-1862270976
-1845493760
-1828716544
-1811939328
-1795162112
-1778384896
-1761607680
-1744830464
-1728053248
-1711276032
-1694498816
-1677721600
-1660944384
-1644167168
-1627389952
-1610612736
-1593835520
-1577058304
-1560281088
-1543503872
-1526726656
-1509949440
-1493172224
-1476395008
-1459617792
-1442840576
-1426063360
-1409286144
-1392508928
-1375731712
-1358954496
-1342177280
-1325400064
-1308622848
-1291845632
-1275068416
-1258291200
-1241513984
-1224736768
-1207959552
-1191182336
-1174405120
-1157627904
-1140850688
-1124073472
-1107296256
-1090519040
-1073741824
-1056964608
-1040187392
-1023410176
-1006632960
-989855744
-973078528
-956301312
-939524096
-922746880
-905969664
-889192448
-872415232
-855638016
-838860800
-822083584
-805306368
-788529152
-771751936
-754974720
-738197504
-721420288
-704643072
-687865856
-671088640
-654311424
-637534208
-620756992
-603979776
-587202560
-570425344
-553648128
-536870912
-520093696
-503316480
-486539264
-469762048
-452984832
-436207616
-419430400
-402653184
-385875968
-369098752
-352321536
-335544320
-318767104
-301989888
-285212672
-268435456
-251658240
-234881024
-218103808
-201326592
-184549376
-167772160
-150994944
-134217728
-117440512
-100663296
-83886080
-67108864
-50331648
-33554432
