VFAT2	11
MIN	0
MAX	255
STEP	1
N	1000000
994975
17773412
34550207
51325993
68087817
84837173
101579774
118267175
134948174
151562427
168152664
184822376
201532993
218272374
235024291
251781028
268540410
285304105
302067635
318835046
335604426
352376045
369149571
385923364
402698573
419474160
436250436
453027015
469803778
486580638
503357565
520134366
536911265
553688276
570465073
587241855
604018299
620794605
637570665
654346086
671121194
687896336
704671150
721445762
738221044
754996262
771772037
788547875
805324217
822100870
838877276
855653577
872429948
889206675
905983519
922760075
939537193
956314226
973091187
989868303
1006645473
1023422511
1040199646
1056976790
1073753962
1090531171
1107308441
1124085651
1140862964
1157640227
1174417505
1191194743
1207971977
1224749193
1241526412
1258303600
1275080795
1291857934
1308635043
1325412131
1342189125
1358966180
1375743193
1392520248
1409297091
1426074100
1442851074
1459628150
1476405220
1493182400
1509959547
1526736718
1543513909
1560291117
1577068320
1593845530
1610622736
1627399952
1644177168
1660954385
1677731600
1694508816
1711286032
1728063248
1744840464
1761617680
1778394896
1795172112
1811949328
1828726544
1845503760
1862280976
1879058184
1895835408
1912612612
1929389828
1946167020
1962944220
1979721404
1996498472
2013275544
2030052541
2046829480
2063605896
2080382652
2097158952
2113935133
2130711500
-2147479767
-2130703724
-2113927216
-2097150848
-2080374004
-2063597120
-2046820124
-2030043012
-2013265856
-1996488676
-1979711476
-1962934268
-1946157056
-1929379840
-1912602624
-1895825408
-1879048192
-1862270976
-1845493760
-1828716544
-1811939328
-1795162112
-1778384896
-1761607676
-1744830464
-1728053248
-1711276032
-1694498816
-1677721600
-1660944384
-1644167168
-1627389952
-1610612736
-1593835520
-1577058304
-1560281084
-1543503872
-1526726656
-1509949440
-1493172224
-1476395008
-1459617792
-1442840576
-1426063360
-1409286144
-1392508928
-1375731712
-1358954496
-1342177280
-1325400064
-1308622848
-1291845632
-1275068416
-1258291200
-1241513984
-1224736768
-1207959552
-1191182336
-1174405120
-1157627904
-1140850688
-1124073472
-1107296256
-1090519040
-1073741824
-1056964608
-1040187392
-1023410176
-1006632960
-989855744
-973078528
-956301312
-939524092
-922746880
-905969664
-889192448
-872415232
-855638012
-838860800
-822083584
-805306368
-788529152
-771751936
-754974720
-738197504
-721420288
-704643072
-687865856
-671088640
-654311420
-637534208
-620756992
-603979776
-587202560
-570425344
-553648128
-536870912
-520093696
-503316480
-486539264
-469762048
-452984832
-436207616
-419430400
-402653184
-385875968
-369098752
-352321536
-335544320
-318767104
-301989888
-285212672
-268435456
-251658240
-234881024
-218103808
-201326592
-184549376
-167772160
-150994944
-134217728
-117440512
-100663296
-83886080
-67108864
-50331648
-33554432
