VFAT2	11
MIN	0
MAX	255
STEP	1
N	1000000
994759
17773265
34550330
51326461
68097479
84859500
101607080
118327942
135022776
151694527
168336712
184998484
201688401
218400162
235116235
251843569
268586207
285336746
302091030
318851534
335615132
352383005
369154877
385927412
402701127
419476044
436251672
453027583
469803899
486580632
503357134
520134195
536910860
553687801
570464670
587241472
604017939
620794203
637570435
654346008
671121670
687896592
704671468
721446278
738221384
754996809
771772487
788548343
805324489
822100672
838876690
855653348
872429991
889206599
905983307
922760259
939537094
956314142
973091237
989868308
1006645381
1023422519
1040199605
1056976730
1073753958
1090531168
1107308403
1124085687
1140862981
1157640231
1174417468
1191194724
1207971959
1224749183
1241526411
1258303585
1275080785
1291857933
1308635016
1325412095
1342189141
1358966123
1375743096
1392520067
1409297021
1426073988
1442851049
1459628170
1476405218
1493182384
1509959529
1526736721
1543513895
1560291107
1577068323
1593845524
1610622737
1627399952
1644177168
1660954384
1677731600
1694508816
1711286032
1728063248
1744840464
1761617680
1778394896
1795172112
1811949328
1828726544
1845503760
1862280972
1879058192
1895835396
1912612616
1929389836
1946167032
1962944204
1979721368
1996498504
2013275593
2030052576
2046829387
2063606264
2080382710
2097158988
2113935440
2130711776
-2147479700
-2130703376
-2113926788
-2097150584
-2080373852
-2063596992
-2046820100
-2030042976
-2013265860
-1996488656
-1979711460
-1962934256
-1946157044
-1929379840
-1912602624
-1895825408
-1879048192
-1862270976
-1845493760
-1828716544
-1811939328
-1795162112
-1778384896
-1761607680
-1744830464
-1728053248
-1711276032
-1694498816
-1677721600
-1660944384
-1644167168
-1627389952
-1610612736
-1593835520
-1577058304
-1560281088
-1543503872
-1526726656
-1509949440
-1493172224
-1476395008
-1459617792
-1442840576
-1426063360
-1409286144
-1392508924
-1375731712
-1358954496
-1342177280
-1325400064
-1308622848
-1291845632
-1275068416
-1258291200
-1241513984
-1224736768
-1207959552
-1191182336
-1174405120
-1157627904
-1140850688
-1124073472
-1107296256
-1090519040
-1073741824
-1056964608
-1040187392
-1023410176
-1006632960
-989855744
-973078528
-956301312
-939524096
-922746880
-905969664
-889192448
-872415232
-855638016
-838860800
-822083584
-805306368
-788529152
-771751936
-754974720
-738197504
-721420288
-704643072
-687865856
-671088640
-654311424
-637534208
-620756992
-603979776
-587202560
-570425344
-553648128
-536870912
-520093696
-503316480
-486539264
-469762048
-452984832
-436207616
-419430400
-402653184
-385875968
-369098752
-352321536
-335544320
-318767104
-301989888
-285212672
-268435456
-251658240
-234881024
-218103808
-201326592
-184549376
-167772160
-150994944
-134217728
-117440512
-100663296
-83886080
-67108864
-50331648
-33554432
