VFAT2	11
MIN	0
MAX	255
STEP	1
N	1000000
994733
17773355
34550201
51325911
68090061
84839648
101576696
118262069
134936624
151541109
168111530
184786048
201506150
218251024
235006370
251765838
268529187
285295433
302062830
318831563
335602219
352374756
369147977
385923073
402698339
419474011
436250472
453026949
469803768
486580572
503357304
520134178
536911159
553688066
570464855
587241637
604018167
620794826
637570874
654346681
671121813
687897039
704671657
721447238
738222346
754996983
771773254
788548884
805324111
822100398
838876689
855653150
872429849
889206666
905983493
922760214
939537794
956314276
973091306
989868308
1006645444
1023422560
1040199709
1056976846
1073754046
1090531280
1107308500
1124085765
1140863011
1157640267
1174417511
1191194761
1207972001
1224749224
1241526453
1258303653
1275080837
1291857975
1308635136
1325412216
1342189266
1358966257
1375743256
1392520196
1409297115
1426074158
1442851145
1459628210
1476405270
1493182380
1509959536
1526736727
1543513901
1560291103
1577068311
1593845523
1610622739
1627399955
1644177171
1660954384
1677731600
1694508816
1711286032
1728063248
1744840464
1761617680
1778394896
1795172112
1811949328
1828726544
1845503760
1862280976
1879058192
1895835397
1912612608
1929389812
1946167012
1962944196
1979721356
1996498476
2013275517
2030052448
2046829284
2063605976
2080382812
2097159276
2113935636
2130711552
-2147479588
-2130703160
-2113927352
-2097150740
-2080374120
-2063597164
-2046820088
-2030043008
-2013265880
-1996488672
-1979711480
-1962934272
-1946157052
-1929379836
-1912602620
-1895825408
-1879048192
-1862270976
-1845493760
-1828716544
-1811939328
-1795162112
-1778384896
-1761607680
-1744830464
-1728053248
-1711276032
-1694498816
-1677721600
-1660944384
-1644167168
-1627389952
-1610612736
-1593835520
-1577058304
-1560281088
-1543503872
-1526726656
-1509949440
-1493172224
-1476395008
-1459617792
-1442840576
-1426063360
-1409286144
-1392508928
-1375731712
-1358954496
-1342177280
-1325400064
-1308622848
-1291845632
-1275068416
-1258291200
-1241513984
-1224736768
-1207959552
-1191182336
-1174405120
-1157627904
-1140850688
-1124073472
-1107296256
-1090519040
-1073741824
-1056964608
-1040187392
-1023410176
-1006632960
-989855744
-973078528
-956301312
-939524096
-922746880
-905969664
-889192448
-872415232
-855638016
-838860800
-822083584
-805306368
-788529152
-771751936
-754974720
-738197504
-721420288
-704643072
-687865856
-671088640
-654311424
-637534208
-620756992
-603979776
-587202560
-570425344
-553648128
-536870912
-520093696
-503316480
-486539264
-469762048
-452984832
-436207616
-419430400
-402653184
-385875968
-369098752
-352321536
-335544320
-318767104
-301989888
-285212672
-268435456
-251658240
-234881024
-218103808
-201326592
-184549376
-167772160
-150994944
-134217728
-117440512
-100663296
-83886080
-67108864
-50331648
-33554432
