VFAT2	11
MIN	0
MAX	255
STEP	1
N	1000000
995342
17773546
34550621
51326220
68090677
84842617
101583882
118275402
134962708
151579820
168189650
184850671
201559488
218293569
235039799
251794518
268550983
285310982
302073740
318838581
335607301
352378063
369150687
385924195
402699120
419474561
436250813
453027185
469803780
486580547
503357529
520134410
536911302
553688188
570465054
587241630
604018318
620794474
637570425
654345971
671120955
687896049
704671064
721445586
738220874
754996580
771771924
788547791
805323990
822100199
838876533
855653245
872429830
889206598
905983337
922760326
939537168
956314191
973091231
989868303
1006645428
1023422571
1040199663
1056976819
1073753975
1090531226
1107308447
1124085751
1140863004
1157640273
1174417530
1191194743
1207971993
1224749225
1241526436
1258303645
1275080805
1291857953
1308635075
1325412135
1342189200
1358966144
1375743117
1392520297
1409297349
1426074006
1442851099
1459628179
1476405223
1493182353
1509959524
1526736717
1543513903
1560291107
1577068313
1593845524
1610622738
1627399954
1644177168
1660954384
1677731600
1694508816
1711286032
1728063248
1744840464
1761617680
1778394896
1795172112
1811949328
1828726544
1845503760
1862280976
1879058184
1895835404
1912612612
1929389820
1946167028
1962944236
1979721372
1996498524
2013275640
2030052624
2046829440
2063606288
2080382856
2097159096
2113935304
2130711536
-2147479708
-2130703576
-2113927296
-2097150740
-2080373920
-2063597068
-2046820068
-2030043000
-2013265856
-1996488652
-1979711472
-1962934256
-1946157056
-1929379840
-1912602624
-1895825408
-1879048192
-1862270976
-1845493760
-1828716544
-1811939328
-1795162112
-1778384896
-1761607680
-1744830464
-1728053248
-1711276032
-1694498816
-1677721600
-1660944384
-1644167168
-1627389952
-1610612736
-1593835520
-1577058304
-1560281088
-1543503872
-1526726656
-1509949440
-1493172224
-1476395008
-1459617792
-1442840576
-1426063360
-1409286144
-1392508928
-1375731712
-1358954496
-1342177280
-1325400064
-1308622848
-1291845632
-1275068416
-1258291200
-1241513984
-1224736768
-1207959552
-1191182336
-1174405120
-1157627904
-1140850688
-1124073472
-1107296256
-1090519040
-1073741824
-1056964608
-1040187392
-1023410176
-1006632960
-989855744
-973078528
-956301312
-939524096
-922746880
-905969664
-889192448
-872415232
-855638016
-838860800
-822083584
-805306368
-788529152
-771751936
-754974720
-738197504
-721420288
-704643072
-687865856
-671088640
-654311424
-637534208
-620756992
-603979776
-587202560
-570425344
-553648128
-536870912
-520093696
-503316480
-486539264
-469762048
-452984832
-436207616
-419430400
-402653184
-385875968
-369098752
-352321536
-335544320
-318767104
-301989888
-285212672
-268435456
-251658240
-234881024
-218103808
-201326592
-184549376
-167772160
-150994944
-134217728
-117440512
-100663296
-83886080
-67108864
-50331648
-33554432
