VFAT2	11
MIN	0
MAX	255
STEP	1
N	1000000
994573
17773292
34550306
51326494
68096912
84857460
101604878
118320245
135018887
151665128
168303369
184983747
201677735
218383574
235103535
251835044
268588845
285344018
302097530
318857336
335619026
352387117
369157997
385929903
402702663
419477654
436252228
453028066
469804217
486580495
503357166
520134014
536910675
553687704
570464432
587241424
604017908
620794245
637570344
654345965
671121309
687896775
704671745
721446697
738221724
754997292
771772687
788548377
805324399
822100749
838876970
855653438
872429976
889206674
905983364
922760181
939537140
956314130
973091257
989868282
1006645403
1023422505
1040199640
1056976774
1073753937
1090531176
1107308401
1124085679
1140862950
1157640213
1174417475
1191194720
1207971946
1224749193
1241526375
1258303585
1275080707
1291857866
1308634990
1325412004
1342189059
1358966077
1375742965
1392520022
1409296970
1426073988
1442851046
1459628149
1476405239
1493182380
1509959577
1526736723
1543513924
1560291115
1577068314
1593845524
1610622742
1627399954
1644177168
1660954384
1677731600
1694508816
1711286032
1728063248
1744840464
1761617680
1778394896
1795172112
1811949328
1828726544
1845503756
1862280988
1879058192
1895835404
1912612612
1929389804
1946166980
1962944148
1979721366
1996498404
2013275501
2030052440
2046829328
2063606065
2080382432
2097158641
2113935277
2130711244
-2147480000
-2130703584
-2113927092
-2097150712
-2080373784
-2063596904
-2046819988
-2030042900
-2013265788
-1996488656
-1979711436
-1962934248
-1946157040
-1929379832
-1912602620
-1895825408
-1879048188
-1862270976
-1845493752
-1828716544
-1811939328
-1795162112
-1778384896
-1761607680
-1744830464
-1728053248
-1711276032
-1694498808
-1677721600
-1660944384
-1644167168
-1627389948
-1610612736
-1593835520
-1577058304
-1560281084
-1543503872
-1526726656
-1509949436
-1493172224
-1476395008
-1459617792
-1442840576
-1426063356
-1409286144
-1392508924
-1375731712
-1358954491
-1342177275
-1325400064
-1308622848
-1291845632
-1275068412
-1258291200
-1241513980
-1224736768
-1207959552
-1191182336
-1174405120
-1157627904
-1140850688
-1124073472
-1107296256
-1090519032
-1073741824
-1056964608
-1040187392
-1023410176
-1006632960
-989855744
-973078528
-956301308
-939524096
-922746876
-905969664
-889192448
-872415232
-855638016
-838860800
-822083584
-805306368
-788529152
-771751936
-754974720
-738197504
-721420288
-704643072
-687865856
-671088640
-654311420
-637534208
-620756992
-603979776
-587202560
-570425344
-553648128
-536870912
-520093696
-503316480
-486539264
-469762048
-452984832
-436207616
-419430400
-402653184
-385875968
-369098752
-352321536
-335544320
-318767104
-301989888
-285212672
-268435456
-251658240
-234881024
-218103808
-201326592
-184549376
-167772160
-150994944
-134217728
-117440512
-100663296
-83886080
-67108864
-50331648
-33554432
