VFAT2	11
MIN	0
MAX	255
STEP	1
N	1000000
995484
17773801
34550610
51325887
68090374
84845362
101579111
118284254
134970462
151583489
168222378
184907125
201611317
218337797
235073456
251818094
268565277
285321921
302078065
318840811
335607839
352378439
369150911
385924757
402699554
419474791
436250830
453026982
469803730
486580549
503357505
520134337
536911231
553687973
570464813
587241518
604017910
620794005
637569830
654345211
671120793
687895790
704670764
721445865
738221180
754996793
771772348
788548114
805324194
822100266
838876739
855653282
872430077
889206340
905983333
922760262
939537071
956314105
973091194
989868238
1006645358
1023422497
1040199629
1056976825
1073753970
1090531182
1107308440
1124085685
1140862937
1157640221
1174417442
1191194642
1207971936
1224749178
1241526349
1258303543
1275080686
1291857802
1308634866
1325411884
1342188977
1358965892
1375742881
1392519916
1409297050
1426073910
1442851002
1459628103
1476405221
1493182388
1509959552
1526736702
1543513926
1560291114
1577068316
1593845528
1610622740
1627399958
1644177169
1660954384
1677731600
1694508816
1711286032
1728063249
1744840464
1761617680
1778394896
1795172112
1811949328
1828726544
1845503748
1862280952
1879058176
1895835364
1912612592
1929389788
1946166940
1962944033
1979721140
1996498225
2013275188
2030051992
2046828758
2063605861
2080381580
2097158464
2113934940
2130710920
-2147480004
-2130703732
-2113927260
-2097150740
-2080373896
-2063597000
-2046820092
-2030042916
-2013265780
-1996488644
-1979711412
-1962934236
-1946157036
-1929379836
-1912602620
-1895825408
-1879048188
-1862270976
-1845493752
-1828716544
-1811939328
-1795162112
-1778384896
-1761607680
-1744830464
-1728053248
-1711276032
-1694498816
-1677721600
-1660944384
-1644167168
-1627389952
-1610612736
-1593835520
-1577058304
-1560281088
-1543503872
-1526726656
-1509949440
-1493172224
-1476395008
-1459617792
-1442840576
-1426063360
-1409286144
-1392508928
-1375731712
-1358954496
-1342177280
-1325400064
-1308622848
-1291845632
-1275068416
-1258291200
-1241513984
-1224736768
-1207959547
-1191182336
-1174405120
-1157627904
-1140850688
-1124073472
-1107296256
-1090519040
-1073741824
-1056964608
-1040187392
-1023410176
-1006632960
-989855744
-973078528
-956301312
-939524096
-922746880
-905969664
-889192448
-872415232
-855638016
-838860800
-822083584
-805306368
-788529152
-771751936
-754974720
-738197504
-721420288
-704643072
-687865856
-671088640
-654311424
-637534208
-620756992
-603979776
-587202560
-570425344
-553648128
-536870912
-520093696
-503316480
-486539264
-469762048
-452984832
-436207616
-419430400
-402653184
-385875968
-369098752
-352321536
-335544320
-318767104
-301989888
-285212672
-268435456
-251658240
-234881024
-218103808
-201326592
-184549376
-167772160
-150994944
-134217728
-117440512
-100663296
-83886080
-67108864
-50331648
-33554432
