Type	threshold
OptoHybrid	0
VFAT2	11
min	0
max	255
step	1
n	10000
----
slot	11
ctrl0	55
ctrl1	0
ctrl2	48
ctrl3	0
iPreampIn	168
iPremapFeed	80
iPreampOut	150
iShaper	150
iShaperFeed	100
iComp	75
chipId0	175
chipId1	250
latency	0
vthreshold1	25
vthreshold2	0
vcal	0
calphase	0
----
9988
16787183
33564389
50341469
67117930
83893619
100667968
117443977
134220132
150996505
167773482
184550388
201327515
218104575
234881771
251658942
268436176
285213377
301990524
318767710
335544889
352322089
369099276
385876459
402653615
419430844
436208021
452985230
469762429
486539651
503316856
520094068
536871266
553648480
570425690
587202887
603980102
620757317
637534528
654311733
671088956
687866165
704643368
721420582
738197803
754975000
771752191
788529402
805306598
822083800
838861017
855638224
872415428
889192644
905969848
922747064
939524248
956301480
973078700
989855900
1006633100
1023410304
1040187508
1056964732
1073741924
1090519152
1107296364
1124073572
1140850788
1157628008
1174405220
1191182436
1207959652
1224736870
1241514084
1258291300
1275068519
1291845732
1308622951
1325400166
1342177381
1358954599
1375731815
1392509030
1409286246
1426063464
1442840677
1459617895
1476395110
1493172325
1509949541
1526726756
1543503972
1560281188
1577058404
1593835620
1610612836
1627390052
1644167268
1660944484
1677721700
1694498916
1711276132
1728053348
1744830564
1761607780
1778384996
1795162212
1811939428
1828716644
1845493860
1862271076
1879048292
1895825508
1912602724
1929379940
1946157156
1962934374
1979711588
1996488805
2013266024
2030043236
2046820454
2063597672
2080374887
2097152104
2113929319
2130706539
-2147483544
-2130706328
-2113929113
-2097151898
-2080374677
-2063597466
-2046820251
-2030043036
-2013265819
-1996488604
-1979711388
-1962934172
-1946156956
-1929379740
-1912602524
-1895825308
-1879048092
-1862270876
-1845493660
-1828716444
-1811939228
-1795162012
-1778384796
-1761607580
-1744830364
-1728053148
-1711275932
-1694498716
-1677721500
-1660944284
-1644167068
-1627389852
-1610612636
-1593835420
-1577058204
-1560280988
-1543503772
-1526726556
-1509949340
-1493172124
-1476394908
-1459617692
-1442840476
-1426063260
-1409286044
-1392508828
-1375731612
-1358954396
-1342177180
-1325399964
-1308622748
-1291845532
-1275068316
-1258291100
-1241513884
-1224736668
-1207959452
-1191182236
-1174405020
-1157627804
-1140850588
-1124073372
-1107296156
-1090518940
-1073741724
-1056964508
-1040187292
-1023410076
-1006632860
-989855644
-973078428
-956301212
-939523996
-922746780
-905969564
-889192348
-872415132
-855637916
-838860700
-822083516
-805306356
-788529152
-771751936
-754974720
-738197504
-721420288
-704643072
-687865856
-671088640
-654311424
-637534208
-620756992
-603979776
-587202560
-570425344
-553648128
-536870912
-520093696
-503316480
-486539264
-469762048
-452984832
-436207616
-419430400
-402653184
-385875968
-369098752
-352321536
-335544320
-318767104
-301989888
-285212672
-268435456
-251658240
-234881024
-218103808
-201326592
-184549376
-167772160
-150994944
-134217728
-117440512
-100663296
-83886080
-67108864
-50331648
-33554432
