Type	threshold
OptoHybrid	0
VFAT2	12
min	0
max	255
step	1
n	10000
----
slot	12
ctrl0	55
ctrl1	0
ctrl2	48
ctrl3	0
iPreampIn	168
iPremapFeed	80
iPreampOut	150
iShaper	150
iShaperFeed	100
iComp	75
chipId0	152
chipId1	254
latency	0
vthreshold1	25
vthreshold2	0
vcal	0
calphase	0
----
9859
16787120
33564379
50341617
67118815
83895533
100670595
117445329
134221383
150997535
167774154
184550994
201327880
218104923
234882032
251659179
268436306
285213435
301990629
318767791
335545022
352322165
369099371
385876535
402653727
419430949
436208113
452985306
469762511
486539680
503316887
520094098
536871293
553648485
570425705
587202901
603980101
620757325
637534521
654311736
671088923
687866117
704643303
721420521
738197714
754974881
771752106
788529316
805306509
822083724
838860929
855638141
872415356
889192573
905969789
922747004
939524220
956301437
973078652
989855868
1006633082
1023410296
1040187512
1056964727
1073741934
1090519151
1107296368
1124073583
1140850798
1157628006
1174405222
1191182443
1207959654
1224736868
1241514084
1258291303
1275068516
1291845732
1308622948
1325400164
1342177380
1358954596
1375731812
1392509028
1409286244
1426063460
1442840676
1459617892
1476395108
1493172324
1509949540
1526726756
1543503972
1560281188
1577058404
1593835620
1610612836
1627390052
1644167268
1660944484
1677721700
1694498916
1711276132
1728053348
1744830564
1761607780
1778384996
1795162212
1811939428
1828716644
1845493860
1862271076
1879048292
1895825508
1912602724
1929379940
1946157156
1962934372
1979711588
1996488804
2013266020
2030043236
2046820452
2063597668
2080374884
2097152100
2113929316
2130706532
-2147483548
-2130706332
-2113929116
-2097151900
-2080374684
-2063597468
-2046820252
-2030043036
-2013265820
-1996488604
-1979711388
-1962934172
-1946156956
-1929379740
-1912602524
-1895825308
-1879048092
-1862270876
-1845493660
-1828716444
-1811939228
-1795162012
-1778384796
-1761607580
-1744830364
-1728053148
-1711275932
-1694498716
-1677721500
-1660944284
-1644167068
-1627389852
-1610612636
-1593835420
-1577058204
-1560280988
-1543503772
-1526726556
-1509949340
-1493172123
-1476394907
-1459617692
-1442840476
-1426063259
-1409286044
-1392508824
-1375731607
-1358954386
-1342177167
-1325399947
-1308622730
-1291845514
-1275068300
-1258291087
-1241513880
-1224736665
-1207959452
-1191182236
-1174405019
-1157627804
-1140850588
-1124073372
-1107296156
-1090518940
-1073741724
-1056964508
-1040187291
-1023410076
-1006632860
-989855644
-973078428
-956301216
-939524056
-922746880
-905969664
-889192448
-872415232
-855638016
-838860800
-822083584
-805306368
-788529152
-771751936
-754974720
-738197504
-721420288
-704643072
-687865856
-671088640
-654311424
-637534208
-620756992
-603979776
-587202560
-570425344
-553648128
-536870912
-520093696
-503316480
-486539264
-469762048
-452984832
-436207616
-419430400
-402653184
-385875968
-369098752
-352321536
-335544320
-318767104
-301989888
-285212672
-268435456
-251658240
-234881024
-218103808
-201326592
-184549376
-167772160
-150994944
-134217728
-117440512
-100663296
-83886080
-67108864
-50331648
-33554432
