Type	threshold
OptoHybrid	0
VFAT2	19
min	0
max	255
step	1
n	10000
----
slot	19
ctrl0	55
ctrl1	0
ctrl2	48
ctrl3	0
iPreampIn	168
iPremapFeed	80
iPreampOut	150
iShaper	150
iShaperFeed	100
iComp	75
chipId0	148
chipId1	254
latency	0
vthreshold1	25
vthreshold2	0
vcal	0
calphase	0
----
9939
16787163
33564372
50341595
67118808
83895816
100671957
117447355
134223522
150998332
167774747
184551559
201328413
218105471
234882521
251659610
268436718
285213739
301990810
318767918
335545056
352322201
369099359
385876561
402653776
419430946
436208085
452985239
469762429
486539635
503316785
520093992
536871209
553648422
570425586
587202822
603980023
620757218
637534445
654311619
671088851
687866083
704643281
721420472
738197678
754974878
771752085
788529301
805306492
822083699
838860905
855638122
872415332
889192553
905969768
922746980
939524196
956301412
973078628
989855844
1006633060
1023410276
1040187492
1056964708
1073741924
1090519140
1107296356
1124073572
1140850788
1157628005
1174405221
1191182437
1207959652
1224736868
1241514088
1258291308
1275068518
1291845735
1308622953
1325400174
1342177392
1358954615
1375731831
1392509047
1409286264
1426063478
1442840697
1459617914
1476395127
1493172345
1509949559
1526726768
1543503989
1560281199
1577058409
1593835626
1610612839
1627390057
1644167270
1660944488
1677721702
1694498919
1711276138
1728053357
1744830573
1761607793
1778385010
1795162230
1811939446
1828716666
1845493879
1862271093
1879048305
1895825523
1912602734
1929379946
1946157160
1962934375
1979711591
1996488805
2013266021
2030043236
2046820452
2063597668
2080374884
2097152100
2113929316
2130706532
-2147483548
-2130706332
-2113929116
-2097151900
-2080374684
-2063597468
-2046820252
-2030043036
-2013265820
-1996488604
-1979711388
-1962934172
-1946156956
-1929379740
-1912602524
-1895825308
-1879048092
-1862270876
-1845493660
-1828716444
-1811939228
-1795162012
-1778384796
-1761607580
-1744830364
-1728053148
-1711275932
-1694498716
-1677721500
-1660944284
-1644167068
-1627389852
-1610612636
-1593835420
-1577058204
-1560280988
-1543503772
-1526726556
-1509949340
-1493172124
-1476394908
-1459617692
-1442840476
-1426063260
-1409286044
-1392508828
-1375731612
-1358954396
-1342177180
-1325399964
-1308622748
-1291845532
-1275068316
-1258291100
-1241513884
-1224736668
-1207959452
-1191182236
-1174405020
-1157627804
-1140850588
-1124073372
-1107296156
-1090518940
-1073741724
-1056964508
-1040187292
-1023410076
-1006632859
-989855644
-973078427
-956301212
-939523996
-922746784
-905969632
-889192448
-872415232
-855638016
-838860800
-822083584
-805306368
-788529152
-771751936
-754974720
-738197504
-721420288
-704643072
-687865856
-671088640
-654311424
-637534208
-620756992
-603979776
-587202560
-570425344
-553648128
-536870912
-520093696
-503316480
-486539264
-469762048
-452984832
-436207616
-419430400
-402653184
-385875968
-369098752
-352321536
-335544320
-318767104
-301989888
-285212672
-268435456
-251658240
-234881024
-218103808
-201326592
-184549376
-167772160
-150994944
-134217728
-117440512
-100663296
-83886080
-67108864
-50331648
-33554432
