Type	threshold
OptoHybrid	0
VFAT2	3
min	0
max	255
step	1
n	10000
----
slot	3
ctrl0	55
ctrl1	0
ctrl2	48
ctrl3	0
iPreampIn	168
iPremapFeed	80
iPreampOut	150
iShaper	150
iShaperFeed	100
iComp	75
chipId0	123
chipId1	254
latency	0
vthreshold1	25
vthreshold2	0
vcal	0
calphase	0
----
9838
16787134
33564387
50341591
67118813
83895984
100672151
117447444
134221673
150997545
167774149
184550902
201327837
218104920
234882016
251659152
268436296
285213438
301990626
318767789
335545002
352322136
369099309
385876503
402653668
419430840
436208045
452985240
469762443
486539646
503316850
520094054
536871282
553648489
570425694
587202907
603980112
620757324
637534541
654311749
671088963
687866173
704643369
721420570
738197771
754974961
771752190
788529325
805306508
822083705
838860901
855638124
872415336
889192548
905969764
922746980
939524196
956301414
973078628
989855845
1006633060
1023410279
1040187495
1056964719
1073741931
1090519154
1107296369
1124073588
1140850800
1157628017
1174405232
1191182447
1207959659
1224736870
1241514085
1258291300
1275068517
1291845732
1308622949
1325400164
1342177380
1358954596
1375731812
1392509028
1409286244
1426063460
1442840676
1459617892
1476395108
1493172324
1509949540
1526726756
1543503972
1560281188
1577058404
1593835620
1610612836
1627390052
1644167268
1660944484
1677721700
1694498916
1711276132
1728053348
1744830564
1761607780
1778384996
1795162212
1811939428
1828716644
1845493860
1862271076
1879048292
1895825508
1912602724
1929379940
1946157156
1962934372
1979711588
1996488804
2013266020
2030043236
2046820452
2063597668
2080374884
2097152100
2113929316
2130706532
-2147483548
-2130706332
-2113929116
-2097151900
-2080374684
-2063597468
-2046820252
-2030043036
-2013265820
-1996488603
-1979711388
-1962934172
-1946156956
-1929379740
-1912602523
-1895825308
-1879048090
-1862270874
-1845493659
-1828716438
-1811939222
-1795162006
-1778384792
-1761607577
-1744830360
-1728053146
-1711275931
-1694498715
-1677721500
-1660944283
-1644167068
-1627389852
-1610612636
-1593835420
-1577058204
-1560280988
-1543503772
-1526726556
-1509949340
-1493172124
-1476394908
-1459617692
-1442840476
-1426063260
-1409286044
-1392508828
-1375731612
-1358954396
-1342177180
-1325399964
-1308622748
-1291845532
-1275068316
-1258291100
-1241513884
-1224736668
-1207959452
-1191182236
-1174405020
-1157627804
-1140850588
-1124073372
-1107296156
-1090518940
-1073741724
-1056964508
-1040187292
-1023410076
-1006632860
-989855644
-973078428
-956301212
-939523996
-922746788
-905969620
-889192448
-872415232
-855638016
-838860800
-822083584
-805306368
-788529152
-771751936
-754974720
-738197504
-721420288
-704643072
-687865856
-671088640
-654311424
-637534208
-620756992
-603979776
-587202560
-570425344
-553648128
-536870912
-520093696
-503316480
-486539264
-469762048
-452984832
-436207616
-419430400
-402653184
-385875968
-369098752
-352321536
-335544320
-318767104
-301989888
-285212672
-268435456
-251658240
-234881024
-218103808
-201326592
-184549376
-167772160
-150994944
-134217728
-117440512
-100663296
-83886080
-67108864
-50331648
-33554432
