Type	threshold
OptoHybrid	0
VFAT2	11
min	0
max	255
step	1
n	10000
----
slot	11
ctrl0	55
ctrl1	0
ctrl2	48
ctrl3	0
iPreampIn	168
iPremapFeed	80
iPreampOut	150
iShaper	150
iShaperFeed	100
iComp	75
chipId0	175
chipId1	250
latency	0
vthreshold1	25
vthreshold2	0
vcal	0
calphase	0
----
9940
16787195
33564405
50341621
67118728
83895036
100669206
117444115
134220148
150996761
167773572
184550553
201327561
218104668
234881830
251658989
268436122
285213335
301990503
318767666
335544873
352322060
369099261
385876455
402653681
419430853
436208075
452985310
469762508
486539739
503316959
520094140
536871335
553648538
570425727
587202924
603980105
620757334
637534526
654311735
671088946
687866166
704643383
721420590
738197808
754975023
771752237
788529452
805306668
822083884
838861094
855638307
872415531
889192722
905969941
922747140
939524310
956301477
973078714
989855904
1006633100
1023410304
1040187520
1056964712
1073741928
1090519144
1107296360
1124073572
1140850788
1157628004
1174405220
1191182436
1207959652
1224736868
1241514084
1258291300
1275068516
1291845732
1308622948
1325400164
1342177380
1358954596
1375731812
1392509028
1409286244
1426063460
1442840676
1459617893
1476395109
1493172324
1509949540
1526726758
1543503978
1560281188
1577058405
1593835626
1610612837
1627390056
1644167273
1660944489
1677721704
1694498920
1711276135
1728053349
1744830564
1761607780
1778384996
1795162212
1811939429
1828716644
1845493860
1862271076
1879048292
1895825508
1912602724
1929379940
1946157156
1962934372
1979711588
1996488804
2013266020
2030043236
2046820452
2063597668
2080374884
2097152100
2113929316
2130706532
-2147483548
-2130706332
-2113929116
-2097151900
-2080374684
-2063597468
-2046820252
-2030043036
-2013265819
-1996488604
-1979711388
-1962934171
-1946156956
-1929379740
-1912602524
-1895825308
-1879048092
-1862270874
-1845493658
-1828716440
-1811939225
-1795162007
-1778384793
-1761607575
-1744830358
-1728053147
-1711275932
-1694498716
-1677721500
-1660944284
-1644167068
-1627389852
-1610612635
-1593835420
-1577058204
-1560280988
-1543503772
-1526726556
-1509949340
-1493172124
-1476394908
-1459617692
-1442840476
-1426063260
-1409286044
-1392508828
-1375731612
-1358954396
-1342177180
-1325399964
-1308622748
-1291845532
-1275068316
-1258291100
-1241513884
-1224736668
-1207959452
-1191182236
-1174405020
-1157627804
-1140850588
-1124073372
-1107296156
-1090518940
-1073741724
-1056964508
-1040187292
-1023410076
-1006632860
-989855644
-973078428
-956301212
-939523996
-922746780
-905969564
-889192348
-872415132
-855637916
-838860700
-822083484
-805306268
-788529052
-771751836
-754974620
-738197404
-721420188
-704642976
-687865844
-671088640
-654311424
-637534208
-620756992
-603979776
-587202560
-570425344
-553648128
-536870912
-520093696
-503316480
-486539264
-469762048
-452984832
-436207616
-419430400
-402653184
-385875968
-369098752
-352321536
-335544320
-318767104
-301989888
-285212672
-268435456
-251658240
-234881024
-218103808
-201326592
-184549376
-167772160
-150994944
-134217728
-117440512
-100663296
-83886080
-67108864
-50331648
-33554432
