Type	threshold
OptoHybrid	0
VFAT2	19
min	0
max	255
step	1
n	1000000
----
slot	19
ctrl0	55
ctrl1	0
ctrl2	48
ctrl3	0
iPreampIn	168
iPremapFeed	80
iPreampOut	150
iShaper	150
iShaperFeed	100
iComp	75
chipId0	148
chipId1	254
latency	0
vthreshold1	1
vthreshold2	0
vcal	0
calphase	0
----
996728
17775217
34552241
51329096
68105143
84850661
101492246
118042148
134645546
151322251
168034445
184773176
201520961
218274042
235032629
251791365
268552006
285314347
302077769
318843869
335613097
352383424
369153895
385926994
402700812
419476102
436252550
453029090
469805698
486581381
503356293
520129883
536904684
553678908
570453655
587229104
604004456
620779552
637554978
654330582
671106046
687881538
704657431
721433537
738209779
754986382
771763037
788539899
805316880
822093899
838871014
855648149
872425320
889202499
905979709
922756912
939534118
956311323
973088535
989865751
1006642972
1023420188
1040197405
1056974630
1073751856
1090529095
1107306321
1124083556
1140860832
1157638084
1174415357
1191192666
1207970006
1224747359
1241524731
1258302115
1275079482
1291856889
1308634316
1325411613
1342188986
1358966240
1375743548
1392520773
1409297887
1426075005
1442852056
1459629086
1476406150
1493183225
1509960263
1526737349
1543514415
1560291560
1577068741
1593845982
1610623206
1627400551
1644177813
1660955217
1677732583
1694510023
1711287378
1728064717
1744842023
1761619245
1778396390
1795173513
1811950613
1828727642
1845504696
1862281664
1879058736
1895835826
1912612915
1929390068
1946167187
1962944355
1979721535
1996498730
2013275935
2030053155
2046830356
2063607571
2080384786
2097162000
2113939217
2130716432
-2147473648
-2130696432
-2113919216
-2097142000
-2080364784
-2063587568
-2046810352
-2030033136
-2013255920
-1996478704
-1979701488
-1962924272
-1946147056
-1929369840
-1912592624
-1895815408
-1879038192
-1862260976
-1845483760
-1828706544
-1811929328
-1795152112
-1778374896
-1761597680
-1744820464
-1728043248
-1711266027
-1694488816
-1677711600
-1660934384
-1644157168
-1627379952
-1610602736
-1593825520
-1577048304
-1560271088
-1543493872
-1526716656
-1509939440
-1493162220
-1476385008
-1459607792
-1442830576
-1426053360
-1409276144
-1392498928
-1375721712
-1358944496
-1342167280
-1325390064
-1308612848
-1291835632
-1275058416
-1258281200
-1241503984
-1224726768
-1207949552
-1191172336
-1174395120
-1157617900
-1140840688
-1124063468
-1107286256
-1090509039
-1073731817
-1056954606
-1040177391
-1023400199
-1006623114
-989846476
-973070996
-956297364
-939523504
-922746820
-905969664
-889192448
-872415232
-855638016
-838860800
-822083584
-805306368
-788529152
-771751936
-754974720
-738197504
-721420288
-704643072
-687865856
-671088640
-654311424
-637534208
-620756992
-603979776
-587202560
-570425344
-553648128
-536870912
-520093696
-503316480
-486539264
-469762048
-452984832
-436207616
-419430400
-402653184
-385875968
-369098752
-352321536
-335544320
-318767104
-301989888
-285212672
-268435456
-251658240
-234881024
-218103808
-201326592
-184549376
-167772160
-150994944
-134217728
-117440512
-100663296
-83886080
-67108864
-50331648
-33554432
