Type	threshold
OptoHybrid	0
VFAT2	19
min	0
max	255
step	1
n	10000
----
slot	19
ctrl0	55
ctrl1	0
ctrl2	48
ctrl3	0
iPreampIn	168
iPremapFeed	80
iPreampOut	150
iShaper	150
iShaperFeed	100
iComp	75
chipId0	148
chipId1	254
latency	0
vthreshold1	25
vthreshold2	0
vcal	0
calphase	0
----
9935
16787170
33564392
50341334
67117881
83893369
100667932
117443954
134220436
150997202
167774123
184551041
201328119
218105201
234882291
251659282
268436361
285213542
301990705
318767868
335544991
352322187
369099378
385876531
402653685
419430871
436208028
452985228
469762414
486539593
503316788
520093988
536871203
553648402
570425621
587202819
603980019
620757237
637534433
654311648
671088828
687866029
704643249
721420444
738197651
754974866
771752048
788529275
805306477
822083689
838860907
855638124
872415332
889192548
905969764
922746980
939524196
956301412
973078628
989855844
1006633060
1023410276
1040187492
1056964708
1073741924
1090519140
1107296357
1124073572
1140850788
1157628004
1174405221
1191182438
1207959654
1224736869
1241514090
1258291310
1275068525
1291845749
1308622962
1325400177
1342177395
1358954612
1375731831
1392509044
1409286262
1426063478
1442840689
1459617909
1476395122
1493172333
1509949546
1526726761
1543503974
1560281193
1577058404
1593835622
1610612839
1627390054
1644167271
1660944485
1677721705
1694498924
1711276145
1728053361
1744830576
1761607791
1778385016
1795162226
1811939441
1828716655
1845493872
1862271084
1879048302
1895825514
1912602726
1929379941
1946157156
1962934373
1979711588
1996488804
2013266021
2030043237
2046820452
2063597668
2080374884
2097152100
2113929316
2130706532
-2147483548
-2130706332
-2113929116
-2097151900
-2080374684
-2063597468
-2046820252
-2030043036
-2013265820
-1996488604
-1979711388
-1962934172
-1946156956
-1929379740
-1912602524
-1895825308
-1879048092
-1862270876
-1845493660
-1828716444
-1811939228
-1795162012
-1778384796
-1761607580
-1744830364
-1728053148
-1711275932
-1694498716
-1677721500
-1660944284
-1644167068
-1627389852
-1610612636
-1593835420
-1577058204
-1560280988
-1543503772
-1526726556
-1509949340
-1493172124
-1476394908
-1459617692
-1442840476
-1426063260
-1409286044
-1392508828
-1375731612
-1358954396
-1342177180
-1325399964
-1308622748
-1291845532
-1275068316
-1258291100
-1241513884
-1224736668
-1207959452
-1191182236
-1174405020
-1157627804
-1140850588
-1124073372
-1107296156
-1090518940
-1073741724
-1056964508
-1040187292
-1023410076
-1006632864
-989855644
-973078444
-956301256
-939524092
-922746880
-905969664
-889192448
-872415232
-855638016
-838860800
-822083584
-805306368
-788529152
-771751936
-754974720
-738197504
-721420288
-704643072
-687865856
-671088640
-654311424
-637534208
-620756992
-603979776
-587202560
-570425344
-553648128
-536870912
-520093696
-503316480
-486539264
-469762048
-452984832
-436207616
-419430400
-402653184
-385875968
-369098752
-352321536
-335544320
-318767104
-301989888
-285212672
-268435456
-251658240
-234881024
-218103808
-201326592
-184549376
-167772160
-150994944
-134217728
-117440512
-100663296
-83886080
-67108864
-50331648
-33554432
