Type	threshold
OptoHybrid	0
VFAT2	12
min	0
max	255
step	1
n	10000
----
slot	12
ctrl0	55
ctrl1	0
ctrl2	48
ctrl3	0
iPreampIn	168
iPremapFeed	80
iPreampOut	150
iShaper	150
iShaperFeed	100
iComp	75
chipId0	152
chipId1	254
latency	0
vthreshold1	25
vthreshold2	0
vcal	0
calphase	0
----
9616
16787042
33564352
50341586
67118799
83896006
100673119
117449228
134224702
150999236
167775037
184551736
201328329
218105221
234882227
251659256
268436354
285213517
301990632
318767829
335545007
352322173
369099361
385876539
402653714
419430928
436208138
452985304
469762475
486539688
503316906
520094090
536871279
553648490
570425714
587202914
603980113
620757312
637534522
654311702
671088943
687866114
704643297
721420508
738197691
754974907
771752113
788529308
805306505
822083717
838860928
855638150
872415361
889192577
905969788
922747005
939524221
956301437
973078653
989855869
1006633082
1023410300
1040187512
1056964731
1073741941
1090519155
1107296369
1124073591
1140850802
1157628019
1174405227
1191182446
1207959657
1224736872
1241514087
1258291303
1275068516
1291845732
1308622948
1325400164
1342177380
1358954596
1375731812
1392509028
1409286244
1426063460
1442840676
1459617892
1476395108
1493172324
1509949540
1526726756
1543503972
1560281188
1577058404
1593835620
1610612836
1627390052
1644167268
1660944484
1677721700
1694498916
1711276132
1728053348
1744830564
1761607780
1778384996
1795162212
1811939428
1828716644
1845493860
1862271076
1879048292
1895825508
1912602724
1929379940
1946157156
1962934372
1979711588
1996488804
2013266020
2030043236
2046820452
2063597668
2080374884
2097152100
2113929316
2130706532
-2147483548
-2130706332
-2113929116
-2097151900
-2080374684
-2063597468
-2046820252
-2030043036
-2013265820
-1996488604
-1979711388
-1962934172
-1946156956
-1929379740
-1912602524
-1895825308
-1879048092
-1862270876
-1845493660
-1828716444
-1811939228
-1795162012
-1778384796
-1761607580
-1744830364
-1728053148
-1711275932
-1694498716
-1677721500
-1660944284
-1644167068
-1627389852
-1610612636
-1593835420
-1577058204
-1560280988
-1543503772
-1526726556
-1509949340
-1493172124
-1476394908
-1459617692
-1442840476
-1426063258
-1409286042
-1392508825
-1375731606
-1358954391
-1342177170
-1325399949
-1308622729
-1291845518
-1275068297
-1258291088
-1241513872
-1224736663
-1207959452
-1191182235
-1174405020
-1157627804
-1140850588
-1124073372
-1107296156
-1090518940
-1073741724
-1056964508
-1040187292
-1023410076
-1006632860
-989855644
-973078428
-956301220
-939524036
-922746868
-905969664
-889192448
-872415232
-855638016
-838860800
-822083584
-805306368
-788529152
-771751936
-754974720
-738197504
-721420288
-704643072
-687865856
-671088640
-654311424
-637534208
-620756992
-603979776
-587202560
-570425344
-553648128
-536870912
-520093696
-503316480
-486539264
-469762048
-452984832
-436207616
-419430400
-402653184
-385875968
-369098752
-352321536
-335544320
-318767104
-301989888
-285212672
-268435456
-251658240
-234881024
-218103808
-201326592
-184549376
-167772160
-150994944
-134217728
-117440512
-100663296
-83886080
-67108864
-50331648
-33554432
