Type	threshold
OptoHybrid	0
VFAT2	10
min	0
max	255
step	1
n	10000
----
slot	10
ctrl0	55
ctrl1	0
ctrl2	48
ctrl3	0
iPreampIn	168
iPremapFeed	80
iPreampOut	150
iShaper	150
iShaperFeed	100
iComp	75
chipId0	139
chipId1	254
latency	0
vthreshold1	25
vthreshold2	0
vcal	0
calphase	0
----
9999
16787211
33564430
50341092
67116606
83891744
100667386
117443444
134220266
150997005
167773819
184550937
201327898
218105107
234882282
251659328
268436464
285213645
301990772
318767924
335545112
352322217
369099349
385876545
402653700
419430898
436208120
452985282
469762481
486539665
503316901
520094067
536871306
553648471
570425684
587202887
603980051
620757292
637534482
654311680
671088892
687866105
704643311
721420543
738197747
754974965
771752171
788529389
805306600
822083814
838861032
855638247
872415460
889192654
905969829
922747028
939524231
956301442
973078629
989855869
1006633091
1023410305
1040187520
1056964737
1073741950
1090519156
1107296371
1124073578
1140850797
1157628017
1174405227
1191182441
1207959665
1224736878
1241514091
1258291305
1275068526
1291845732
1308622948
1325400168
1342177380
1358954596
1375731812
1392509036
1409286244
1426063460
1442840676
1459617892
1476395108
1493172328
1509949540
1526726756
1543503976
1560281188
1577058405
1593835625
1610612836
1627390055
1644167270
1660944485
1677721704
1694498918
1711276134
1728053358
1744830571
1761607787
1778385003
1795162215
1811939433
1828716646
1845493866
1862271076
1879048294
1895825509
1912602725
1929379941
1946157158
1962934373
1979711588
1996488804
2013266020
2030043236
2046820452
2063597668
2080374884
2097152100
2113929316
2130706532
-2147483548
-2130706332
-2113929116
-2097151900
-2080374684
-2063597468
-2046820252
-2030043036
-2013265820
-1996488604
-1979711388
-1962934172
-1946156956
-1929379740
-1912602524
-1895825308
-1879048092
-1862270876
-1845493660
-1828716444
-1811939228
-1795162012
-1778384796
-1761607580
-1744830364
-1728053148
-1711275932
-1694498716
-1677721500
-1660944284
-1644167068
-1627389852
-1610612636
-1593835420
-1577058204
-1560280988
-1543503772
-1526726556
-1509949340
-1493172124
-1476394908
-1459617692
-1442840476
-1426063260
-1409286048
-1392508828
-1375731612
-1358954404
-1342177192
-1325399984
-1308622808
-1291845588
-1275068388
-1258291192
-1241513976
-1224736768
-1207959552
-1191182336
-1174405120
-1157627904
-1140850688
-1124073472
-1107296256
-1090519040
-1073741824
-1056964608
-1040187392
-1023410176
-1006632960
-989855744
-973078528
-956301312
-939524096
-922746880
-905969664
-889192448
-872415232
-855638016
-838860800
-822083584
-805306368
-788529152
-771751936
-754974720
-738197504
-721420288
-704643072
-687865856
-671088640
-654311424
-637534208
-620756992
-603979776
-587202560
-570425344
-553648128
-536870912
-520093696
-503316480
-486539264
-469762048
-452984832
-436207616
-419430400
-402653184
-385875968
-369098752
-352321536
-335544320
-318767104
-301989888
-285212672
-268435456
-251658240
-234881024
-218103808
-201326592
-184549376
-167772160
-150994944
-134217728
-117440512
-100663296
-83886080
-67108864
-50331648
-33554432
