Type	threshold
OptoHybrid	0
VFAT2	18
min	0
max	255
step	1
n	10000
----
slot	18
ctrl0	55
ctrl1	0
ctrl2	48
ctrl3	0
iPreampIn	168
iPremapFeed	80
iPreampOut	150
iShaper	150
iShaperFeed	100
iComp	75
chipId0	120
chipId1	254
latency	0
vthreshold1	25
vthreshold2	0
vcal	0
calphase	0
----
9985
16787200
33564332
50340931
67116873
83892795
100668959
117445273
134221820
150998487
167775188
184551755
201328287
218105267
234882324
251659324
268436463
285213564
301990707
318767853
335545011
352322195
369099430
385876576
402653790
419430965
436208132
452985362
469762551
486539733
503316949
520094136
536871325
553648558
570425756
587202975
603980226
620757427
637534617
654311798
671089014
687866192
704643324
721420512
738197718
754974926
771752136
788529360
805306568
822083784
838861000
855638218
872415432
889192656
905969864
922747080
939524297
956301488
973078724
989855911
1006633114
1023410325
1040187544
1056964740
1073741949
1090519164
1107296372
1124073576
1140850788
1157628004
1174405220
1191182436
1207959652
1224736868
1241514084
1258291300
1275068516
1291845732
1308622948
1325400164
1342177381
1358954596
1375731812
1392509028
1409286244
1426063460
1442840677
1459617892
1476395109
1493172325
1509949540
1526726757
1543503974
1560281190
1577058408
1593835623
1610612846
1627390062
1644167283
1660944492
1677721707
1694498928
1711276143
1728053357
1744830574
1761607791
1778385003
1795162218
1811939434
1828716648
1845493864
1862271078
1879048294
1895825510
1912602724
1929379940
1946157156
1962934373
1979711588
1996488804
2013266020
2030043236
2046820452
2063597668
2080374884
2097152100
2113929316
2130706532
-2147483548
-2130706332
-2113929115
-2097151900
-2080374683
-2063597468
-2046820252
-2030043036
-2013265819
-1996488600
-1979711387
-1962934168
-1946156947
-1929379731
-1912602514
-1895825296
-1879048080
-1862270868
-1845493651
-1828716436
-1811939222
-1795162006
-1778384788
-1761607575
-1744830363
-1728053147
-1711275931
-1694498716
-1677721499
-1660944283
-1644167068
-1627389852
-1610612636
-1593835420
-1577058204
-1560280988
-1543503772
-1526726556
-1509949340
-1493172124
-1476394908
-1459617692
-1442840476
-1426063260
-1409286044
-1392508828
-1375731612
-1358954396
-1342177180
-1325399964
-1308622748
-1291845532
-1275068316
-1258291100
-1241513884
-1224736668
-1207959452
-1191182236
-1174405020
-1157627804
-1140850588
-1124073372
-1107296156
-1090518940
-1073741724
-1056964508
-1040187292
-1023410076
-1006632860
-989855644
-973078428
-956301212
-939523996
-922746780
-905969564
-889192348
-872415132
-855637916
-838860700
-822083484
-805306268
-788529092
-771751900
-754974720
-738197504
-721420288
-704643072
-687865856
-671088640
-654311424
-637534208
-620756992
-603979776
-587202560
-570425344
-553648128
-536870912
-520093696
-503316480
-486539264
-469762048
-452984832
-436207616
-419430400
-402653184
-385875968
-369098752
-352321536
-335544320
-318767104
-301989888
-285212672
-268435456
-251658240
-234881024
-218103808
-201326592
-184549376
-167772160
-150994944
-134217728
-117440512
-100663296
-83886080
-67108864
-50331648
-33554432
