Type	threshold
OptoHybrid	0
VFAT2	3
min	0
max	255
step	1
n	1000000
----
slot	3
ctrl0	55
ctrl1	0
ctrl2	48
ctrl3	0
iPreampIn	168
iPremapFeed	80
iPreampOut	150
iShaper	150
iShaperFeed	100
iComp	75
chipId0	123
chipId1	254
latency	0
vthreshold1	1
vthreshold2	0
vcal	0
calphase	0
----
963527
17767002
34550423
51328860
68105982
84882910
101653205
118376952
134980944
151440345
168052260
184759967
201485218
218231232
234987067
251748796
268517713
285290427
302062946
318835350
335607424
352379773
369152711
385927150
402702952
419479009
436255052
453030467
469805440
486580814
503355464
520131269
536907051
553683013
570459401
587235342
604011516
620787406
637563444
654339523
671115749
687892017
704668189
721444441
738220521
754995350
771769411
788543489
805318320
822094245
838871088
855648190
872425410
889202632
905979939
922757216
939534545
956311899
973089259
989866683
1006644021
1023421387
1040198689
1056976006
1073753236
1090530387
1107307505
1124084526
1140861582
1157638557
1174415613
1191192698
1207969779
1224746897
1241524076
1258301242
1275078440
1291855651
1308632853
1325410066
1342187281
1358964500
1375741712
1392518928
1409296145
1426073360
1442850576
1459627794
1476405012
1493182224
1509959440
1526736656
1543513872
1560291088
1577068304
1593845521
1610622738
1627399953
1644177168
1660954384
1677731600
1694508820
1711286032
1728063248
1744840466
1761617682
1778394899
1795172114
1811949332
1828726547
1845503762
1862280979
1879058202
1895835412
1912612629
1929389851
1946167071
1962944282
1979721499
1996498718
2013275936
2030053152
2046830368
2063607585
2080384806
2097162027
2113939255
2130716471
-2147473610
-2130696371
-2113919143
-2097141929
-2080364695
-2063587464
-2046810221
-2030032972
-2013255743
-1996478513
-1979701279
-1962924026
-1946146777
-1929369531
-1912592296
-1895815022
-1879037791
-1862260538
-1845483345
-1828706133
-1811928983
-1795151799
-1778374680
-1761597507
-1744820320
-1728043161
-1711265977
-1694488784
-1677711590
-1660934383
-1644157167
-1627379952
-1610602735
-1593825520
-1577048304
-1560271088
-1543493872
-1526716656
-1509939440
-1493162224
-1476385008
-1459607792
-1442830576
-1426053360
-1409276144
-1392498928
-1375721712
-1358944496
-1342167276
-1325390064
-1308612848
-1291835632
-1275058416
-1258281200
-1241503984
-1224726768
-1207949547
-1191172336
-1174395120
-1157617904
-1140840688
-1124063472
-1107286256
-1090509040
-1073731824
-1056954608
-1040177392
-1023400184
-1006623030
-989846019
-973069486
-956294248
-939521019
-922746268
-905969636
-889192448
-872415232
-855638016
-838860800
-822083584
-805306368
-788529152
-771751936
-754974720
-738197504
-721420288
-704643072
-687865856
-671088640
-654311424
-637534208
-620756992
-603979776
-587202560
-570425344
-553648128
-536870912
-520093696
-503316480
-486539264
-469762048
-452984832
-436207616
-419430400
-402653184
-385875968
-369098752
-352321536
-335544320
-318767104
-301989888
-285212672
-268435456
-251658240
-234881024
-218103808
-201326592
-184549376
-167772160
-150994944
-134217728
-117440512
-100663296
-83886080
-67108864
-50331648
-33554432
