Type	threshold
OptoHybrid	0
VFAT2	18
min	0
max	255
step	1
n	10000
----
slot	18
ctrl0	55
ctrl1	0
ctrl2	48
ctrl3	0
iPreampIn	168
iPremapFeed	80
iPreampOut	150
iShaper	150
iShaperFeed	100
iComp	75
chipId0	120
chipId1	254
latency	0
vthreshold1	25
vthreshold2	0
vcal	0
calphase	0
----
9974
16787189
33564397
50341614
67118536
83894267
100670317
117447005
134222936
150999526
167776342
184552938
201329712
218105940
234882542
251659533
268436557
285213604
301990745
318767894
335545033
352322180
369099390
385876537
402653730
419430928
436208151
452985338
469762547
486539736
503316957
520094154
536871339
553648509
570425763
587202951
603980180
620757411
637534636
654311863
671089036
687866218
704643375
721420539
738197727
754974947
771752154
788529356
805306572
822083784
838861000
855638220
872415433
889192649
905969869
922747080
939524297
956301505
973078745
989855950
1006633146
1023410371
1040187568
1056964760
1073741972
1090519186
1107296372
1124073602
1140850804
1157628008
1174405220
1191182436
1207959656
1224736868
1241514084
1258291300
1275068516
1291845732
1308622948
1325400164
1342177380
1358954596
1375731812
1392509028
1409286244
1426063460
1442840676
1459617892
1476395108
1493172324
1509949540
1526726757
1543503972
1560281190
1577058410
1593835623
1610612840
1627390061
1644167275
1660944494
1677721707
1694498930
1711276142
1728053362
1744830580
1761607793
1778385007
1795162218
1811939438
1828716653
1845493865
1862271079
1879048296
1895825510
1912602726
1929379940
1946157156
1962934372
1979711588
1996488804
2013266020
2030043236
2046820452
2063597668
2080374884
2097152100
2113929316
2130706532
-2147483548
-2130706332
-2113929116
-2097151900
-2080374684
-2063597468
-2046820251
-2030043035
-2013265820
-1996488604
-1979711386
-1962934172
-1946156954
-1929379734
-1912602517
-1895825303
-1879048081
-1862270863
-1845493645
-1828716435
-1811939217
-1795161998
-1778384784
-1761607572
-1744830360
-1728053143
-1711275929
-1694498716
-1677721498
-1660944284
-1644167068
-1627389852
-1610612636
-1593835420
-1577058204
-1560280988
-1543503772
-1526726556
-1509949340
-1493172124
-1476394908
-1459617692
-1442840476
-1426063260
-1409286044
-1392508828
-1375731612
-1358954396
-1342177180
-1325399964
-1308622748
-1291845532
-1275068316
-1258291100
-1241513884
-1224736668
-1207959452
-1191182236
-1174405020
-1157627804
-1140850588
-1124073372
-1107296156
-1090518940
-1073741724
-1056964508
-1040187292
-1023410076
-1006632860
-989855644
-973078428
-956301212
-939523996
-922746780
-905969564
-889192348
-872415132
-855637916
-838860700
-822083484
-805306268
-788529056
-771751896
-754974708
-738197504
-721420288
-704643072
-687865856
-671088640
-654311424
-637534208
-620756992
-603979776
-587202560
-570425344
-553648128
-536870912
-520093696
-503316480
-486539264
-469762048
-452984832
-436207616
-419430400
-402653184
-385875968
-369098752
-352321536
-335544320
-318767104
-301989888
-285212672
-268435456
-251658240
-234881024
-218103808
-201326592
-184549376
-167772160
-150994944
-134217728
-117440512
-100663296
-83886080
-67108864
-50331648
-33554432
