Type	threshold
OptoHybrid	0
VFAT2	12
min	0
max	255
step	1
n	1000000
----
slot	12
ctrl0	55
ctrl1	0
ctrl2	48
ctrl3	0
iPreampIn	168
iPremapFeed	80
iPreampOut	150
iShaper	150
iShaperFeed	100
iComp	75
chipId0	152
chipId1	254
latency	0
vthreshold1	1
vthreshold2	0
vcal	0
calphase	0
----
967173
17762005
34548104
51328163
68105595
84880601
101628283
118295184
134869437
151451089
168099602
184798071
201524792
218269131
235017859
251774468
268537134
285302215
302069644
318839977
335613127
352386742
369160734
385933594
402707012
419481275
436256206
453032194
469808056
486584839
503360717
520136552
536912259
553687966
570463342
587238585
604014381
620789521
637564540
654339142
671113939
687888428
704663363
721438280
738213864
754990051
771766270
788542711
805319424
822096421
838873461
855650592
872427777
889204940
905982117
922759279
939536465
956313647
973090762
989867900
1006644943
1023422031
1040199045
1056976090
1073753193
1090530175
1107307194
1124084260
1140861317
1157638378
1174415472
1191192595
1207969724
1224746889
1241524063
1258301239
1275078442
1291855647
1308632858
1325410073
1342187283
1358964497
1375741716
1392518929
1409296145
1426073365
1442850576
1459627797
1476405009
1493182224
1509959440
1526736656
1543513872
1560291088
1577068304
1593845520
1610622736
1627399952
1644177168
1660954384
1677731600
1694508816
1711286032
1728063248
1744840464
1761617680
1778394896
1795172112
1811949328
1828726544
1845503760
1862280980
1879058192
1895835408
1912612624
1929389840
1946167056
1962944272
1979721488
1996498704
2013275920
2030053136
2046830352
2063607568
2080384784
2097162000
2113939216
2130716432
-2147473648
-2130696432
-2113919216
-2097142000
-2080364780
-2063587564
-2046810352
-2030033136
-2013255920
-1996478704
-1979701488
-1962924272
-1946147056
-1929369840
-1912592624
-1895815408
-1879038192
-1862260976
-1845483760
-1828706544
-1811929328
-1795152112
-1778374896
-1761597680
-1744820464
-1728043248
-1711266032
-1694488816
-1677711600
-1660934383
-1644157168
-1627379951
-1610602734
-1593825513
-1577048293
-1560271060
-1543493798
-1526716525
-1509939226
-1493161861
-1476384380
-1459606977
-1442829492
-1426052016
-1409274753
-1392497581
-1375720544
-1358943547
-1342166600
-1325389626
-1308612613
-1291835509
-1275058355
-1258281183
-1241503982
-1224726767
-1207949552
-1191172336
-1174395120
-1157617904
-1140840688
-1124063472
-1107286256
-1090509041
-1073731832
-1056954664
-1040177848
-1023401936
-1006627432
-989853480
-973078048
-956301280
-939524092
-922746880
-905969664
-889192448
-872415232
-855638016
-838860800
-822083580
-805306368
-788529152
-771751936
-754974720
-738197504
-721420288
-704643072
-687865851
-671088640
-654311424
-637534208
-620756992
-603979776
-587202560
-570425344
-553648128
-536870912
-520093696
-503316480
-486539264
-469762048
-452984832
-436207616
-419430400
-402653184
-385875968
-369098752
-352321536
-335544320
-318767104
-301989888
-285212672
-268435456
-251658240
-234881024
-218103808
-201326592
-184549376
-167772160
-150994944
-134217728
-117440512
-100663296
-83886080
-67108864
-50331648
-33554432
