Type	threshold
OptoHybrid	0
VFAT2	4
min	0
max	255
step	1
n	10000
----
slot	4
ctrl0	55
ctrl1	0
ctrl2	48
ctrl3	0
iPreampIn	168
iPremapFeed	80
iPreampOut	150
iShaper	150
iShaperFeed	100
iComp	75
chipId0	91
chipId1	254
latency	0
vthreshold1	25
vthreshold2	0
vcal	0
calphase	0
----
9844
16787140
33564413
50341628
67118804
83895373
100671828
117447257
134222434
150998102
167774330
184551062
201327973
218104875
234881934
251659179
268436247
285213413
301990598
318767810
335544962
352322135
369099374
385876535
402653716
419430943
436208104
452985270
469762468
486539652
503316874
520094073
536871271
553648451
570425640
587202866
603980067
620757291
637534491
654311695
671088886
687866072
704643243
721420445
738197623
754974825
771752045
788529252
805306475
822083685
838860903
855638118
872415333
889192548
905969765
922746980
939524196
956301412
973078629
989855844
1006633060
1023410276
1040187492
1056964708
1073741925
1090519140
1107296356
1124073572
1140850788
1157628004
1174405220
1191182436
1207959652
1224736868
1241514084
1258291301
1275068516
1291845732
1308622948
1325400164
1342177380
1358954596
1375731813
1392509029
1409286246
1426063464
1442840681
1459617894
1476395111
1493172331
1509949546
1526726762
1543503980
1560281197
1577058417
1593835631
1610612847
1627390062
1644167280
1660944492
1677721705
1694498923
1711276142
1728053356
1744830565
1761607784
1778384997
1795162213
1811939430
1828716645
1845493860
1862271060
1879048268
1895825496
1912602700
1929379924
1946157140
1962934316
1979711512
1996488732
2013265952
2030043172
2046820360
2063597584
2080374796
2097152004
2113929216
2130706436
-2147483648
-2130706432
-2113929216
-2097152000
-2080374784
-2063597568
-2046820352
-2030043136
-2013265920
-1996488704
-1979711488
-1962934272
-1946157056
-1929379840
-1912602624
-1895825408
-1879048192
-1862270976
-1845493760
-1828716544
-1811939328
-1795162112
-1778384896
-1761607680
-1744830464
-1728053248
-1711276032
-1694498816
-1677721600
-1660944384
-1644167168
-1627389952
-1610612736
-1593835520
-1577058304
-1560281088
-1543503872
-1526726656
-1509949440
-1493172224
-1476395008
-1459617792
-1442840576
-1426063360
-1409286144
-1392508928
-1375731712
-1358954496
-1342177280
-1325400064
-1308622848
-1291845632
-1275068416
-1258291200
-1241513984
-1224736768
-1207959552
-1191182336
-1174405120
-1157627904
-1140850688
-1124073472
-1107296256
-1090519040
-1073741824
-1056964608
-1040187392
-1023410176
-1006632960
-989855744
-973078528
-956301312
-939524096
-922746880
-905969664
-889192448
-872415232
-855638016
-838860800
-822083584
-805306368
-788529152
-771751936
-754974720
-738197504
-721420288
-704643072
-687865856
-671088640
-654311424
-637534208
-620756992
-603979776
-587202560
-570425344
-553648128
-536870912
-520093696
-503316480
-486539264
-469762048
-452984832
-436207616
-419430400
-402653184
-385875968
-369098752
-352321536
-335544320
-318767104
-301989888
-285212672
-268435456
-251658240
-234881024
-218103808
-201326592
-184549376
-167772160
-150994944
-134217728
-117440512
-100663296
-83886080
-67108864
-50331648
-33554432
