Type	threshold
OptoHybrid	0
VFAT2	4
min	0
max	255
step	1
n	1000000
----
slot	4
ctrl0	55
ctrl1	0
ctrl2	48
ctrl3	0
iPreampIn	168
iPremapFeed	80
iPreampOut	150
iShaper	150
iShaperFeed	100
iComp	75
chipId0	91
chipId1	254
latency	0
vthreshold1	1
vthreshold2	0
vcal	0
calphase	0
----
949345
17748340
34536948
51324113
68106240
84885218
101662629
118439045
135201552
151919373
168550620
185127511
201731897
218399906
235109520
251841427
268585382
285337320
302095935
318859909
335626358
352395092
369166844
385939046
402711563
419484956
436258139
453032163
469805668
486579437
503354011
520128454
536903581
553678601
570453842
587230657
604006914
620783224
637559636
654335467
671110242
687884431
704658036
721432706
738208645
754985386
771762411
788539486
805316655
822093799
838870975
855648131
872425340
889202519
905979720
922756926
939534162
956311337
973088547
989865761
1006642969
1023420180
1040197399
1056974611
1073751827
1090529040
1107306258
1124083473
1140860690
1157637910
1174415122
1191192342
1207969559
1224746791
1241524007
1258301219
1275078455
1291855667
1308632896
1325410132
1342187380
1358964619
1375741846
1392519115
1409296377
1426073656
1442850900
1459628214
1476405537
1493182820
1509960096
1526737404
1543514742
1560292019
1577069303
1593846551
1610623836
1627401043
1644178221
1660955445
1677732572
1694509736
1711286852
1728063979
1744841023
1761618159
1778395307
1795172377
1811949459
1828726536
1845503604
1862280610
1879057524
1895834557
1912611253
1929387911
1946164569
1962941045
1979717551
1996494268
2013270488
2030047219
2046823617
2063600285
2080376660
2097153516
2113930308
2130707324
-2147483080
-2130705972
-2113928912
-2097151796
-2080374636
-2063597476
-2046820276
-2030043076
-2013265872
-1996488668
-1979711468
-1962934268
-1946157044
-1929379828
-1912602624
-1895825404
-1879048192
-1862270976
-1845493760
-1828716544
-1811939324
-1795162112
-1778384896
-1761607680
-1744830464
-1728053248
-1711276032
-1694498816
-1677721600
-1660944384
-1644167168
-1627389952
-1610612736
-1593835515
-1577058304
-1560281088
-1543503872
-1526726656
-1509949440
-1493172224
-1476395008
-1459617792
-1442840576
-1426063356
-1409286144
-1392508928
-1375731712
-1358954496
-1342177280
-1325400064
-1308622848
-1291845632
-1275068416
-1258291200
-1241513984
-1224736768
-1207959552
-1191182336
-1174405120
-1157627904
-1140850688
-1124073472
-1107296256
-1090519040
-1073741824
-1056964608
-1040187392
-1023410176
-1006632960
-989855744
-973078528
-956301312
-939524096
-922746876
-905969664
-889192448
-872415232
-855638016
-838860800
-822083584
-805306368
-788529152
-771751936
-754974720
-738197504
-721420288
-704643072
-687865856
-671088640
-654311424
-637534208
-620756992
-603979776
-587202560
-570425344
-553648128
-536870912
-520093696
-503316480
-486539264
-469762048
-452984832
-436207616
-419430400
-402653184
-385875968
-369098752
-352321536
-335544320
-318767104
-301989888
-285212672
-268435456
-251658240
-234881024
-218103808
-201326592
-184549376
-167772160
-150994944
-134217728
-117440512
-100663296
-83886080
-67108864
-50331648
-33554432
