Type	threshold
OptoHybrid	0
VFAT2	11
min	0
max	255
step	1
n	10000
----
slot	11
ctrl0	55
ctrl1	0
ctrl2	48
ctrl3	0
iPreampIn	168
iPremapFeed	80
iPreampOut	150
iShaper	150
iShaperFeed	100
iComp	75
chipId0	175
chipId1	250
latency	0
vthreshold1	25
vthreshold2	0
vcal	0
calphase	0
----
9951
16787190
33564405
50341608
67118678
83895026
100669799
117444308
134220284
150996730
167773521
184550510
201327454
218104644
234881733
251658942
268436171
285213347
301990520
318767696
335544888
352322084
369099320
385876490
402653660
419430870
436208045
452985246
469762432
486539641
503316847
520094062
536871276
553648467
570425678
587202886
603980098
620757310
637534521
654311736
671088948
687866164
704643375
721420596
738197797
754975014
771752216
788529410
805306594
822083808
838861021
855638208
872415424
889192632
905969840
922747056
939524252
956301488
973078672
989855884
1006633104
1023410284
1040187512
1056964728
1073741924
1090519144
1107296356
1124073572
1140850788
1157628004
1174405220
1191182436
1207959652
1224736868
1241514084
1258291300
1275068516
1291845732
1308622948
1325400166
1342177380
1358954599
1375731814
1392509032
1409286250
1426063464
1442840678
1459617898
1476395113
1493172327
1509949542
1526726763
1543503974
1560281189
1577058406
1593835621
1610612837
1627390052
1644167268
1660944484
1677721700
1694498916
1711276132
1728053348
1744830564
1761607780
1778384996
1795162212
1811939428
1828716644
1845493860
1862271076
1879048292
1895825508
1912602724
1929379940
1946157156
1962934372
1979711588
1996488804
2013266021
2030043236
2046820452
2063597669
2080374884
2097152103
2113929317
2130706536
-2147483545
-2130706326
-2113929110
-2097151896
-2080374682
-2063597464
-2046820247
-2030043032
-2013265817
-1996488603
-1979711385
-1962934171
-1946156954
-1929379740
-1912602524
-1895825307
-1879048092
-1862270876
-1845493660
-1828716444
-1811939228
-1795162012
-1778384796
-1761607580
-1744830364
-1728053148
-1711275932
-1694498716
-1677721500
-1660944284
-1644167068
-1627389852
-1610612636
-1593835420
-1577058204
-1560280988
-1543503772
-1526726556
-1509949340
-1493172124
-1476394908
-1459617692
-1442840476
-1426063260
-1409286044
-1392508828
-1375731612
-1358954396
-1342177180
-1325399964
-1308622748
-1291845532
-1275068316
-1258291100
-1241513884
-1224736668
-1207959452
-1191182236
-1174405020
-1157627804
-1140850588
-1124073372
-1107296156
-1090518940
-1073741724
-1056964508
-1040187292
-1023410076
-1006632860
-989855644
-973078428
-956301212
-939523996
-922746780
-905969564
-889192348
-872415132
-855637916
-838860700
-822083484
-805306268
-788529064
-771751908
-754974716
-738197504
-721420288
-704643072
-687865856
-671088640
-654311424
-637534208
-620756992
-603979776
-587202560
-570425344
-553648128
-536870912
-520093696
-503316480
-486539264
-469762048
-452984832
-436207616
-419430400
-402653184
-385875968
-369098752
-352321536
-335544320
-318767104
-301989888
-285212672
-268435456
-251658240
-234881024
-218103808
-201326592
-184549376
-167772160
-150994944
-134217728
-117440512
-100663296
-83886080
-67108864
-50331648
-33554432
