Type	threshold
OptoHybrid	1
VFAT2	20
min	0
max	255
step	1
n	10000
----
slot	20
ctrl0	55
ctrl1	0
ctrl2	48
ctrl3	0
iPreampIn	168
iPremapFeed	80
iPreampOut	150
iShaper	150
iShaperFeed	100
iComp	75
chipId0	132
chipId1	250
latency	0
vthreshold1	1
vthreshold2	0
vcal	0
calphase	0
----
9995
16787215
33564429
50341645
67118792
83895684
100671937
117448450
134224820
151001431
167778225
184555002
201331684
218108844
234885775
251662809
268439980
285216873
301993947
318771103
335548084
352325146
369102323
385879065
402656357
419433673
436210692
452987735
469764695
486541877
503318927
520095943
536873266
553650268
570427491
587204728
603981623
620758867
637535793
654313061
671090169
687867284
704644476
721421661
738198762
754975828
771753176
788530232
805307364
822084525
838861703
855638835
872416067
889193264
905970389
922747564
939524715
956301915
973079014
989856316
1006633560
1023410663
1040187843
1056965038
1073742230
1090519350
1107296595
1124073772
1140850959
1157628174
1174405341
1191182575
1207959719
1224736975
1241514175
1258291341
1275068553
1291845761
1308622983
1325400222
1342177402
1358954581
1375731797
1392508994
1409286224
1426063422
1442840633
1459617839
1476395077
1493172301
1509949476
1526726688
1543503918
1560281108
1577058356
1593835536
1610612778
1627389960
1644167188
1660944404
1677721614
1694498828
1711276064
1728053256
1744830476
1761607680
1778384900
1795162116
1811939332
1828716548
1845493760
1862270976
1879048196
1895825412
1912602624
1929379840
1946157056
1962934272
1979711492
1996488704
2013265924
2030043146
2046820352
2063597568
2080374784
2097152004
2113929216
2130706432
-2147483648
-2130706432
-2113929216
-2097152000
-2080374784
-2063597568
-2046820352
-2030043136
-2013265920
-1996488704
-1979711488
-1962934268
-1946157056
-1929379840
-1912602624
-1895825408
-1879048192
-1862270976
-1845493760
-1828716544
-1811939328
-1795162112
-1778384896
-1761607680
-1744830464
-1728053248
-1711276032
-1694498816
-1677721600
-1660944384
-1644167168
-1627389952
-1610612736
-1593835520
-1577058304
-1560281088
-1543503872
-1526726656
-1509949440
-1493172224
-1476395008
-1459617792
-1442840576
-1426063360
-1409286144
-1392508928
-1375731712
-1358954496
-1342177280
-1325400064
-1308622848
-1291845632
-1275068416
-1258291200
-1241513984
-1224736768
-1207959552
-1191182336
-1174405120
-1157627904
-1140850688
-1124073472
-1107296256
-1090519040
-1073741824
-1056964608
-1040187392
-1023410176
-1006632960
-989855744
-973078528
-956301312
-939524096
-922746880
-905969664
-889192448
-872415232
-855638016
-838860800
-822083584
-805306368
-788529152
-771751936
-754974720
-738197504
-721420288
-704643072
-687865856
-671088640
-654311424
-637534208
-620756992
-603979776
-587202560
-570425344
-553648128
-536870912
-520093696
-503316480
-486539264
-469762048
-452984832
-436207616
-419430400
-402653184
-385875968
-369098752
-352321536
-335544320
-318767104
-301989888
-285212672
-268435456
-251658240
-234881024
-218103808
-201326592
-184549376
-167772160
-150994944
-134217728
-117440512
-100663296
-83886080
-67108864
-50331648
-33554432
