Type	threshold
OptoHybrid	1
VFAT2	13
min	0
max	255
step	1
n	10000
----
slot	13
ctrl0	55
ctrl1	0
ctrl2	48
ctrl3	0
iPreampIn	168
iPremapFeed	80
iPreampOut	150
iShaper	150
iShaperFeed	100
iComp	75
chipId0	116
chipId1	254
latency	0
vthreshold1	50
vthreshold2	0
vcal	0
calphase	0
----
9878
16787143
33564412
50341637
67118849
83896062
100673230
117450281
134226650
151002083
167777759
184553663
201330050
218106763
234883584
251660187
268437359
285214218
301991252
318768321
335545364
352322494
369099583
385876715
402653917
419431057
436208199
452985379
469762603
486539772
503316992
520094149
536871371
553648568
570425749
587202944
603980177
620757346
637534550
654311750
671088959
687866152
704643336
721420538
738197739
754974937
771752161
788529346
805306542
822083741
838860943
855638178
872415375
889192574
905969819
922747014
939524245
956301441
973078675
989855867
1006633088
1023410300
1040187511
1056964730
1073741942
1090519157
1107296375
1124073587
1140850803
1157628024
1174405239
1191182455
1207959670
1224736889
1241514102
1258291322
1275068536
1291845753
1308622972
1325400187
1342177403
1358954618
1375731836
1392509052
1409286269
1426063484
1442840700
1459617917
1476395134
1493172349
1509949563
1526726781
1543503996
1560281211
1577058428
1593835643
1610612859
1627390078
1644167288
1660944510
1677721695
1694498962
1711276165
1728053373
1744830590
1761607800
1778385017
1795162232
1811939448
1828716661
1845493878
1862271091
1879048310
1895825515
1912602735
1929379948
1946157160
1962934381
1979711589
1996488806
2013266020
2030043237
2046820453
2063597668
2080374884
2097152100
2113929316
2130706532
-2147483548
-2130706332
-2113929116
-2097151900
-2080374684
-2063597468
-2046820252
-2030043036
-2013265820
-1996488604
-1979711388
-1962934172
-1946156956
-1929379740
-1912602524
-1895825308
-1879048092
-1862270876
-1845493660
-1828716444
-1811939228
-1795162012
-1778384796
-1761607580
-1744830364
-1728053148
-1711275932
-1694498716
-1677721500
-1660944284
-1644167068
-1627389852
-1610612636
-1593835420
-1577058204
-1560280988
-1543503772
-1526726556
-1509949340
-1493172124
-1476394908
-1459617692
-1442840476
-1426063260
-1409286044
-1392508828
-1375731612
-1358954396
-1342177180
-1325399964
-1308622748
-1291845532
-1275068316
-1258291100
-1241513884
-1224736668
-1207959452
-1191182236
-1174405028
-1157627824
-1140850600
-1124073396
-1107296208
-1090519004
-1073741824
-1056964604
-1040187384
-1023410172
-1006632960
-989855744
-973078528
-956301312
-939524096
-922746880
-905969664
-889192448
-872415232
-855638016
-838860800
-822083584
-805306368
-788529152
-771751936
-754974720
-738197504
-721420288
-704643072
-687865856
-671088640
-654311424
-637534208
-620756992
-603979776
-587202560
-570425344
-553648128
-536870912
-520093696
-503316480
-486539264
-469762048
-452984832
-436207616
-419430400
-402653184
-385875968
-369098752
-352321536
-335544320
-318767104
-301989888
-285212672
-268435456
-251658240
-234881024
-218103808
-201326592
-184549376
-167772160
-150994944
-134217728
-117440512
-100663296
-83886080
-67108864
-50331648
-33554432
