Type	threshold
OptoHybrid	1
VFAT2	18
min	0
max	255
step	1
n	10000
----
slot	18
ctrl0	55
ctrl1	0
ctrl2	48
ctrl3	0
iPreampIn	168
iPremapFeed	80
iPreampOut	150
iShaper	150
iShaperFeed	100
iComp	75
chipId0	128
chipId1	254
latency	0
vthreshold1	1
vthreshold2	0
vcal	0
calphase	0
----
9961
16787188
33564417
50341622
67118836
83896013
100672760
117448974
134225116
151001158
167777297
184553635
201330019
218106651
234883350
251660255
268437166
285214194
301991335
318768332
335545400
352322616
369099764
385876952
402654001
419431123
436208282
452985405
469762634
486539807
503316984
520094220
536871401
553648581
570425791
587202994
603980197
620757405
637534589
654311826
671089043
687866237
704643433
721420644
738197860
754975039
771752227
788529413
805306630
822083833
838861035
855638244
872415441
889192648
905969866
922747089
939524300
956301532
973078742
989855975
1006633200
1023410436
1040187660
1056964853
1073742111
1090519337
1107296549
1124073769
1140850962
1157628189
1174405394
1191182568
1207959789
1224736999
1241514213
1258291412
1275068628
1291845833
1308623045
1325400272
1342177476
1358954689
1375731888
1392509092
1409286315
1426063511
1442840730
1459617942
1476395145
1493172364
1509949550
1526726782
1543503983
1560281196
1577058409
1593835620
1610612836
1627390052
1644167268
1660944484
1677721700
1694498916
1711276132
1728053348
1744830564
1761607780
1778384996
1795162212
1811939428
1828716644
1845493860
1862271076
1879048292
1895825508
1912602724
1929379940
1946157156
1962934372
1979711588
1996488804
2013266020
2030043236
2046820452
2063597668
2080374884
2097152100
2113929316
2130706532
-2147483548
-2130706332
-2113929116
-2097151900
-2080374684
-2063597468
-2046820252
-2030043036
-2013265820
-1996488604
-1979711388
-1962934172
-1946156956
-1929379740
-1912602524
-1895825308
-1879048092
-1862270876
-1845493660
-1828716444
-1811939228
-1795162012
-1778384796
-1761607580
-1744830364
-1728053148
-1711275932
-1694498716
-1677721500
-1660944284
-1644167068
-1627389852
-1610612636
-1593835420
-1577058204
-1560280988
-1543503772
-1526726556
-1509949340
-1493172124
-1476394908
-1459617692
-1442840476
-1426063260
-1409286044
-1392508828
-1375731612
-1358954396
-1342177180
-1325399964
-1308622748
-1291845532
-1275068316
-1258291100
-1241513883
-1224736668
-1207959452
-1191182236
-1174405019
-1157627801
-1140850584
-1124073367
-1107296148
-1090518933
-1073741712
-1056964506
-1040187286
-1023410072
-1006632860
-989855644
-973078428
-956301212
-939523996
-922746780
-905969564
-889192348
-872415132
-855637916
-838860700
-822083484
-805306268
-788529052
-771751836
-754974620
-738197404
-721420188
-704642972
-687865756
-671088584
-654311424
-637534208
-620756992
-603979776
-587202560
-570425344
-553648128
-536870912
-520093696
-503316480
-486539264
-469762048
-452984832
-436207616
-419430400
-402653184
-385875968
-369098752
-352321536
-335544320
-318767104
-301989888
-285212672
-268435456
-251658240
-234881024
-218103808
-201326592
-184549376
-167772160
-150994944
-134217728
-117440512
-100663296
-83886080
-67108864
-50331648
-33554432
