Type	threshold
OptoHybrid	1
VFAT2	13
min	0
max	255
step	1
n	10000
----
slot	13
ctrl0	55
ctrl1	0
ctrl2	48
ctrl3	0
iPreampIn	168
iPremapFeed	80
iPreampOut	150
iShaper	150
iShaperFeed	100
iComp	75
chipId0	116
chipId1	254
latency	0
vthreshold1	50
vthreshold2	0
vcal	0
calphase	0
----
9903
16787179
33564417
50341638
67118850
83895981
100672844
117448575
134224571
151000367
167776653
184553073
201329661
218106099
234883185
251660143
268437034
285214150
301991135
318768251
335545239
352322427
369099599
385876718
402653841
419430997
436208195
452985377
469762545
486539755
503316956
520094130
536871362
553648568
570425772
587202944
603980146
620757339
637534561
654311772
671088986
687866167
704643391
721420561
738197767
754974971
771752146
788529343
805306568
822083819
838861008
855638219
872415377
889192599
905969816
922747024
939524241
956301449
973078672
989855880
1006633089
1023410305
1040187510
1056964735
1073741941
1090519156
1107296374
1124073588
1140850803
1157628020
1174405234
1191182447
1207959661
1224736885
1241514099
1258291317
1275068536
1291845749
1308622973
1325400185
1342177402
1358954615
1375731837
1392509051
1409286267
1426063486
1442840702
1459617916
1476395132
1493172347
1509949563
1526726780
1543503997
1560281210
1577058427
1593835643
1610612856
1627390074
1644167291
1660944509
1677721726
1694498943
1711276147
1728053372
1744830583
1761607798
1778385015
1795162230
1811939444
1828716656
1845493872
1862271084
1879048300
1895825511
1912602730
1929379943
1946157157
1962934374
1979711588
1996488804
2013266020
2030043236
2046820452
2063597668
2080374884
2097152100
2113929316
2130706532
-2147483548
-2130706332
-2113929116
-2097151900
-2080374684
-2063597468
-2046820252
-2030043036
-2013265820
-1996488604
-1979711388
-1962934172
-1946156956
-1929379740
-1912602524
-1895825308
-1879048092
-1862270876
-1845493660
-1828716444
-1811939228
-1795162012
-1778384796
-1761607580
-1744830364
-1728053148
-1711275932
-1694498716
-1677721500
-1660944284
-1644167068
-1627389852
-1610612636
-1593835420
-1577058204
-1560280988
-1543503772
-1526726556
-1509949340
-1493172124
-1476394908
-1459617692
-1442840476
-1426063260
-1409286044
-1392508828
-1375731612
-1358954396
-1342177180
-1325399964
-1308622748
-1291845532
-1275068316
-1258291104
-1241513888
-1224736676
-1207959460
-1191182244
-1174405048
-1157627828
-1140850656
-1124073432
-1107296248
-1090519024
-1073741820
-1056964608
-1040187392
-1023410176
-1006632960
-989855744
-973078528
-956301312
-939524096
-922746880
-905969664
-889192448
-872415232
-855638016
-838860800
-822083584
-805306368
-788529152
-771751936
-754974720
-738197504
-721420288
-704643072
-687865856
-671088640
-654311424
-637534208
-620756992
-603979776
-587202560
-570425344
-553648128
-536870912
-520093696
-503316480
-486539264
-469762048
-452984832
-436207616
-419430400
-402653184
-385875968
-369098752
-352321536
-335544320
-318767104
-301989888
-285212672
-268435456
-251658240
-234881024
-218103808
-201326592
-184549376
-167772160
-150994944
-134217728
-117440512
-100663296
-83886080
-67108864
-50331648
-33554432
