Type	threshold
OptoHybrid	1
VFAT2	3
min	0
max	255
step	1
n	10000
----
slot	3
ctrl0	55
ctrl1	0
ctrl2	48
ctrl3	0
iPreampIn	168
iPremapFeed	80
iPreampOut	150
iShaper	150
iShaperFeed	100
iComp	75
chipId0	120
chipId1	250
latency	0
vthreshold1	1
vthreshold2	0
vcal	0
calphase	0
----
9828
16787156
33564393
50341591
67118764
83895863
100672584
117448357
134223839
150999589
167775460
184551917
201328546
218105455
234882405
251659306
268436375
285213466
301990613
318767836
335544949
352322118
369099285
385876483
402653690
419430866
436208082
452985298
469762509
486539701
503316957
520094150
536871356
553648548
570425754
587202922
603980135
620757312
637534525
654311713
671088926
687866071
704643303
721420481
738197689
754974894
771752083
788529271
805306491
822083703
838860923
855638135
872415348
889192560
905969781
922746993
939524215
956301425
973078645
989855856
1006633074
1023410284
1040187501
1056964718
1073741929
1090519146
1107296356
1124073572
1140850790
1157628004
1174405220
1191182436
1207959652
1224736868
1241514084
1258291300
1275068516
1291845732
1308622948
1325400164
1342177380
1358954596
1375731812
1392509028
1409286244
1426063460
1442840676
1459617892
1476395108
1493172324
1509949540
1526726756
1543503972
1560281188
1577058404
1593835620
1610612836
1627390052
1644167268
1660944484
1677721700
1694498916
1711276132
1728053348
1744830564
1761607780
1778384996
1795162212
1811939428
1828716644
1845493860
1862271076
1879048292
1895825508
1912602724
1929379940
1946157156
1962934372
1979711588
1996488804
2013266020
2030043236
2046820453
2063597668
2080374884
2097152100
2113929316
2130706533
-2147483548
-2130706331
-2113929116
-2097151899
-2080374683
-2063597468
-2046820252
-2030043036
-2013265820
-1996488604
-1979711388
-1962934171
-1946156956
-1929379738
-1912602523
-1895825307
-1879048091
-1862270875
-1845493658
-1828716440
-1811939226
-1795162008
-1778384791
-1761607576
-1744830360
-1728053146
-1711275929
-1694498713
-1677721495
-1660944284
-1644167066
-1627389852
-1610612636
-1593835418
-1577058201
-1560280987
-1543503772
-1526726555
-1509949339
-1493172124
-1476394908
-1459617692
-1442840476
-1426063260
-1409286044
-1392508828
-1375731612
-1358954396
-1342177180
-1325399964
-1308622748
-1291845532
-1275068316
-1258291100
-1241513884
-1224736668
-1207959452
-1191182236
-1174405020
-1157627804
-1140850588
-1124073372
-1107296156
-1090518940
-1073741724
-1056964508
-1040187292
-1023410076
-1006632860
-989855644
-973078428
-956301212
-939523996
-922746780
-905969564
-889192348
-872415132
-855637924
-838860712
-822083536
-805306364
-788529152
-771751936
-754974720
-738197504
-721420288
-704643072
-687865856
-671088640
-654311424
-637534208
-620756992
-603979776
-587202560
-570425344
-553648128
-536870912
-520093696
-503316480
-486539264
-469762048
-452984832
-436207616
-419430400
-402653184
-385875968
-369098752
-352321536
-335544320
-318767104
-301989888
-285212672
-268435456
-251658240
-234881024
-218103808
-201326592
-184549376
-167772160
-150994944
-134217728
-117440512
-100663296
-83886080
-67108864
-50331648
-33554432
