Type	threshold
OptoHybrid	1
VFAT2	12
min	0
max	255
step	1
n	10000
----
slot	12
ctrl0	55
ctrl1	0
ctrl2	48
ctrl3	0
iPreampIn	168
iPremapFeed	80
iPreampOut	150
iShaper	150
iShaperFeed	100
iComp	75
chipId0	99
chipId1	254
latency	0
vthreshold1	1
vthreshold2	0
vcal	0
calphase	0
----
9947
16787178
33564399
50341611
67118811
83895975
100672748
117448516
134224307
151000283
167776731
184552941
201329620
218106225
234883188
251659987
268437009
285213896
301990976
318768067
335545169
352322261
369099442
385876600
402653748
419430887
436208093
452985276
469762428
486539667
503316845
520094048
536871266
553648440
570425629
587202868
603980098
620757281
637534484
654311674
671088888
687866080
704643295
721420517
738197718
754974920
771752128
788529336
805306549
822083749
838860954
855638165
872415390
889192584
905969789
922747023
939524236
956301442
973078650
989855869
1006633086
1023410294
1040187511
1056964732
1073741940
1090519159
1107296378
1124073594
1140850803
1157628017
1174405240
1191182453
1207959672
1224736883
1241514100
1258291309
1275068528
1291845746
1308622961
1325400177
1342177388
1358954605
1375731821
1392509038
1409286249
1426063466
1442840682
1459617898
1476395115
1493172327
1509949541
1526726757
1543503973
1560281191
1577058404
1593835624
1610612837
1627390056
1644167269
1660944489
1677721704
1694498918
1711276139
1728053354
1744830561
1761607787
1778384993
1795162207
1811939422
1828716634
1845493845
1862271056
1879048266
1895825469
1912602668
1929379880
1946157092
1962934304
1979711536
1996488732
2013265936
2030043140
2046820356
2063597572
2080374784
2097152004
2113929224
2130706432
-2147483644
-2130706432
-2113929216
-2097152000
-2080374784
-2063597568
-2046820352
-2030043136
-2013265920
-1996488704
-1979711488
-1962934272
-1946157056
-1929379840
-1912602624
-1895825408
-1879048192
-1862270976
-1845493760
-1828716544
-1811939328
-1795162112
-1778384896
-1761607680
-1744830464
-1728053248
-1711276032
-1694498816
-1677721600
-1660944384
-1644167168
-1627389952
-1610612736
-1593835520
-1577058304
-1560281088
-1543503872
-1526726656
-1509949440
-1493172224
-1476395008
-1459617792
-1442840576
-1426063360
-1409286144
-1392508928
-1375731712
-1358954496
-1342177280
-1325400064
-1308622848
-1291845632
-1275068416
-1258291200
-1241513984
-1224736768
-1207959552
-1191182336
-1174405120
-1157627904
-1140850688
-1124073472
-1107296256
-1090519040
-1073741824
-1056964608
-1040187392
-1023410176
-1006632960
-989855744
-973078528
-956301312
-939524096
-922746880
-905969664
-889192448
-872415232
-855638016
-838860800
-822083584
-805306368
-788529152
-771751936
-754974720
-738197504
-721420288
-704643072
-687865856
-671088640
-654311424
-637534208
-620756992
-603979776
-587202560
-570425344
-553648128
-536870912
-520093696
-503316480
-486539264
-469762048
-452984832
-436207616
-419430400
-402653184
-385875968
-369098752
-352321536
-335544320
-318767104
-301989888
-285212672
-268435456
-251658240
-234881024
-218103808
-201326592
-184549376
-167772160
-150994944
-134217728
-117440512
-100663296
-83886080
-67108864
-50331648
-33554432
