Type	threshold
OptoHybrid	1
VFAT2	3
min	0
max	255
step	1
n	10000
----
slot	3
ctrl0	55
ctrl1	0
ctrl2	48
ctrl3	0
iPreampIn	168
iPremapFeed	80
iPreampOut	150
iShaper	150
iShaperFeed	100
iComp	75
chipId0	120
chipId1	250
latency	0
vthreshold1	1
vthreshold2	0
vcal	0
calphase	0
----
9909
16787165
33564374
50341557
67118653
83895232
100670737
117446398
134222019
150998075
167774776
184551407
201328245
218105090
234882096
251659154
268436290
285213445
301990582
318767744
335544895
352322085
369099271
385876436
402653649
419430843
436208055
452985300
469762530
486539723
503316935
520094130
536871335
553648535
570425740
587202927
603980150
620757329
637534532
654311729
671088947
687866116
704643294
721420496
738197669
754974876
771752106
788529273
805306502
822083745
838860918
855638138
872415352
889192566
905969778
922746991
939524213
956301423
973078634
989855853
1006633069
1023410278
1040187498
1056964712
1073741926
1090519143
1107296358
1124073572
1140850788
1157628004
1174405220
1191182436
1207959652
1224736868
1241514084
1258291300
1275068516
1291845732
1308622948
1325400164
1342177380
1358954596
1375731812
1392509028
1409286244
1426063460
1442840676
1459617892
1476395108
1493172324
1509949540
1526726756
1543503973
1560281188
1577058404
1593835620
1610612836
1627390052
1644167268
1660944484
1677721700
1694498916
1711276132
1728053348
1744830564
1761607780
1778384996
1795162213
1811939428
1828716644
1845493860
1862271076
1879048292
1895825508
1912602724
1929379940
1946157156
1962934372
1979711588
1996488804
2013266020
2030043236
2046820452
2063597668
2080374884
2097152100
2113929316
2130706533
-2147483547
-2130706332
-2113929116
-2097151900
-2080374684
-2063597468
-2046820252
-2030043036
-2013265820
-1996488604
-1979711386
-1962934172
-1946156954
-1929379739
-1912602524
-1895825306
-1879048092
-1862270876
-1845493659
-1828716444
-1811939226
-1795162012
-1778384796
-1761607577
-1744830364
-1728053145
-1711275928
-1694498715
-1677721498
-1660944280
-1644167065
-1627389850
-1610612636
-1593835418
-1577058202
-1560280986
-1543503772
-1526726554
-1509949338
-1493172124
-1476394908
-1459617692
-1442840476
-1426063260
-1409286044
-1392508828
-1375731612
-1358954396
-1342177180
-1325399964
-1308622748
-1291845532
-1275068316
-1258291100
-1241513884
-1224736668
-1207959452
-1191182236
-1174405020
-1157627804
-1140850588
-1124073372
-1107296156
-1090518940
-1073741724
-1056964508
-1040187292
-1023410076
-1006632860
-989855644
-973078428
-956301212
-939523996
-922746780
-905969564
-889192348
-872415132
-855637916
-838860700
-822083496
-805306352
-788529152
-771751936
-754974720
-738197504
-721420288
-704643072
-687865856
-671088640
-654311424
-637534208
-620756992
-603979776
-587202560
-570425344
-553648128
-536870912
-520093696
-503316480
-486539264
-469762048
-452984832
-436207616
-419430400
-402653184
-385875968
-369098752
-352321536
-335544320
-318767104
-301989888
-285212672
-268435456
-251658240
-234881024
-218103808
-201326592
-184549376
-167772160
-150994944
-134217728
-117440512
-100663296
-83886080
-67108864
-50331648
-33554432
