Type	threshold
OptoHybrid	1
VFAT2	20
min	0
max	255
step	1
n	10000
----
slot	20
ctrl0	55
ctrl1	0
ctrl2	48
ctrl3	0
iPreampIn	168
iPremapFeed	80
iPreampOut	150
iShaper	150
iShaperFeed	100
iComp	75
chipId0	132
chipId1	250
latency	0
vthreshold1	1
vthreshold2	0
vcal	0
calphase	0
----
9739
16787215
33564431
50341602
67118652
83895293
100671646
117447995
134224277
151001052
167777947
184554642
201331528
218108633
234885509
251662552
268439789
285216904
301993891
318770958
335547871
352324901
369101943
385879107
402655940
419433123
436210381
452987631
469764544
486541714
503318662
520095927
536873037
553650067
570427177
587204320
603981470
620758699
637535705
654312813
671090005
687867130
704644281
721421399
738198664
754975767
771752994
788530215
805307219
822084491
838861719
855638826
872416021
889193284
905970447
922747530
939524797
956301885
973079044
989856247
1006633413
1023410694
1040187825
1056964971
1073742108
1090519406
1107296576
1124073787
1140850956
1157628217
1174405339
1191182628
1207959772
1224736944
1241514199
1258291380
1275068564
1291845807
1308623031
1325400194
1342177402
1358954628
1375731808
1392509026
1409286194
1426063458
1442840672
1459617860
1476395068
1493172287
1509949477
1526726704
1543503921
1560281120
1577058332
1593835545
1610612764
1627389977
1644167182
1660944408
1677721612
1694498833
1711276048
1728053260
1744830491
1761607706
1778384904
1795162124
1811939336
1828716548
1845493772
1862270980
1879048200
1895825408
1912602624
1929379845
1946157056
1962934272
1979711498
1996488712
2013265920
2030043136
2046820352
2063597568
2080374784
2097152000
2113929216
2130706432
-2147483648
-2130706432
-2113929216
-2097152000
-2080374784
-2063597568
-2046820352
-2030043136
-2013265920
-1996488704
-1979711488
-1962934272
-1946157056
-1929379840
-1912602624
-1895825408
-1879048192
-1862270976
-1845493760
-1828716544
-1811939328
-1795162112
-1778384896
-1761607680
-1744830464
-1728053248
-1711276032
-1694498816
-1677721600
-1660944384
-1644167168
-1627389952
-1610612736
-1593835520
-1577058304
-1560281088
-1543503872
-1526726656
-1509949440
-1493172224
-1476395008
-1459617792
-1442840576
-1426063360
-1409286144
-1392508928
-1375731712
-1358954496
-1342177280
-1325400064
-1308622848
-1291845632
-1275068416
-1258291200
-1241513984
-1224736768
-1207959552
-1191182336
-1174405120
-1157627904
-1140850688
-1124073472
-1107296256
-1090519040
-1073741824
-1056964608
-1040187392
-1023410176
-1006632960
-989855744
-973078528
-956301312
-939524096
-922746880
-905969664
-889192448
-872415232
-855638016
-838860800
-822083584
-805306368
-788529152
-771751936
-754974720
-738197504
-721420288
-704643072
-687865856
-671088640
-654311424
-637534208
-620756992
-603979776
-587202560
-570425344
-553648128
-536870912
-520093696
-503316480
-486539264
-469762048
-452984832
-436207616
-419430400
-402653184
-385875968
-369098752
-352321536
-335544320
-318767104
-301989888
-285212672
-268435456
-251658240
-234881024
-218103808
-201326592
-184549376
-167772160
-150994944
-134217728
-117440512
-100663296
-83886080
-67108864
-50331648
-33554432
