Type	threshold
OptoHybrid	1
VFAT2	11
min	0
max	255
step	1
n	10000
----
slot	11
ctrl0	55
ctrl1	0
ctrl2	48
ctrl3	0
iPreampIn	168
iPremapFeed	80
iPreampOut	150
iShaper	150
iShaperFeed	100
iComp	75
chipId0	175
chipId1	254
latency	0
vthreshold1	1
vthreshold2	0
vcal	0
calphase	0
----
9988
16787189
33564406
50341605
67118747
83895595
100672190
117448261
134224458
151000494
167776595
184552952
201329366
218105971
234882539
251659555
268436631
285213752
301990735
318767812
335544954
352322105
369099296
385876485
402653660
419430828
436208037
452985241
469762455
486539635
503316852
520094033
536871245
553648466
570425651
587202843
603980080
620757275
637534487
654311699
671088893
687866103
704643293
721420497
738197717
754974918
771752116
788529320
805306539
822083764
838860960
855638171
872415377
889192587
905969804
922747017
939524234
956301446
973078652
989855871
1006633076
1023410299
1040187510
1056964723
1073741936
1090519156
1107296377
1124073588
1140850805
1157628018
1174405235
1191182451
1207959666
1224736882
1241514101
1258291319
1275068523
1291845745
1308622957
1325400172
1342177390
1358954600
1375731820
1392509031
1409286248
1426063462
1442840679
1459617896
1476395113
1493172325
1509949542
1526726758
1543503974
1560281189
1577058407
1593835620
1610612837
1627390053
1644167268
1660944484
1677721701
1694498916
1711276132
1728053344
1744830564
1761607776
1778384992
1795162212
1811939428
1828716632
1845493856
1862271076
1879048276
1895825500
1912602712
1929379920
1946157136
1962934352
1979711576
1996488772
2013265996
2030043180
2046820412
2063597592
2080374836
2097152056
2113929248
2130706460
-2147483632
-2130706420
-2113929212
-2097151992
-2080374780
-2063597568
-2046820344
-2030043136
-2013265920
-1996488704
-1979711488
-1962934272
-1946157056
-1929379840
-1912602624
-1895825408
-1879048192
-1862270976
-1845493760
-1828716544
-1811939328
-1795162112
-1778384896
-1761607680
-1744830464
-1728053248
-1711276032
-1694498816
-1677721600
-1660944384
-1644167168
-1627389952
-1610612736
-1593835520
-1577058304
-1560281088
-1543503872
-1526726656
-1509949440
-1493172224
-1476395008
-1459617792
-1442840576
-1426063360
-1409286144
-1392508928
-1375731712
-1358954496
-1342177280
-1325400064
-1308622848
-1291845632
-1275068416
-1258291200
-1241513984
-1224736768
-1207959552
-1191182336
-1174405120
-1157627904
-1140850688
-1124073472
-1107296256
-1090519040
-1073741824
-1056964608
-1040187392
-1023410176
-1006632960
-989855744
-973078528
-956301312
-939524096
-922746880
-905969664
-889192448
-872415232
-855638016
-838860800
-822083584
-805306368
-788529152
-771751936
-754974720
-738197504
-721420288
-704643072
-687865856
-671088640
-654311424
-637534208
-620756992
-603979776
-587202560
-570425344
-553648128
-536870912
-520093696
-503316480
-486539264
-469762048
-452984832
-436207616
-419430400
-402653184
-385875968
-369098752
-352321536
-335544320
-318767104
-301989888
-285212672
-268435456
-251658240
-234881024
-218103808
-201326592
-184549376
-167772160
-150994944
-134217728
-117440512
-100663296
-83886080
-67108864
-50331648
-33554432
