Type	threshold
OptoHybrid	1
VFAT2	5
min	0
max	255
step	1
n	10000
----
slot	5
ctrl0	55
ctrl1	0
ctrl2	48
ctrl3	0
iPreampIn	168
iPremapFeed	80
iPreampOut	150
iShaper	150
iShaperFeed	100
iComp	75
chipId0	151
chipId1	254
latency	0
vthreshold1	1
vthreshold2	0
vcal	0
calphase	0
----
9681
16787043
33564362
50341596
67118808
83896032
100673243
117450418
134227320
151003527
167778472
184553745
201330018
218106224
234882833
251659794
268436739
285213797
301990772
318767991
335545106
352322249
369099447
385876613
402653789
419430999
436208158
452985334
469762573
486539771
503316979
520094159
536871384
553648563
570425784
587202973
603980171
620757382
637534556
654311795
671088946
687866165
704643377
721420556
738197723
754974933
771752139
788529323
805306512
822083732
838860942
855638135
872415338
889192562
905969780
922746992
939524202
956301420
973078632
989855848
1006633060
1023410276
1040187493
1056964708
1073741924
1090519140
1107296356
1124073572
1140850788
1157628004
1174405220
1191182436
1207959652
1224736868
1241514084
1258291300
1275068516
1291845732
1308622948
1325400164
1342177380
1358954596
1375731812
1392509028
1409286244
1426063460
1442840676
1459617892
1476395108
1493172324
1509949540
1526726756
1543503972
1560281188
1577058404
1593835620
1610612836
1627390052
1644167268
1660944484
1677721700
1694498916
1711276132
1728053348
1744830564
1761607780
1778384996
1795162212
1811939428
1828716644
1845493860
1862271076
1879048292
1895825508
1912602724
1929379940
1946157156
1962934372
1979711588
1996488804
2013266020
2030043236
2046820452
2063597668
2080374884
2097152100
2113929316
2130706532
-2147483548
-2130706332
-2113929116
-2097151900
-2080374684
-2063597468
-2046820252
-2030043036
-2013265820
-1996488604
-1979711388
-1962934172
-1946156956
-1929379740
-1912602524
-1895825308
-1879048092
-1862270876
-1845493660
-1828716444
-1811939228
-1795162012
-1778384796
-1761607580
-1744830364
-1728053148
-1711275932
-1694498716
-1677721500
-1660944284
-1644167068
-1627389852
-1610612636
-1593835420
-1577058204
-1560280988
-1543503772
-1526726556
-1509949340
-1493172124
-1476394908
-1459617692
-1442840476
-1426063260
-1409286044
-1392508828
-1375731612
-1358954396
-1342177180
-1325399964
-1308622748
-1291845532
-1275068316
-1258291100
-1241513884
-1224736668
-1207959452
-1191182236
-1174405020
-1157627804
-1140850588
-1124073372
-1107296156
-1090518940
-1073741724
-1056964508
-1040187296
-1023410080
-1006632880
-989855684
-973078504
-956301300
-939524084
-922746880
-905969664
-889192448
-872415232
-855638016
-838860800
-822083584
-805306368
-788529152
-771751936
-754974720
-738197504
-721420288
-704643072
-687865856
-671088640
-654311424
-637534208
-620756992
-603979776
-587202560
-570425344
-553648128
-536870912
-520093696
-503316480
-486539264
-469762048
-452984832
-436207616
-419430400
-402653184
-385875968
-369098752
-352321536
-335544320
-318767104
-301989888
-285212672
-268435456
-251658240
-234881024
-218103808
-201326592
-184549376
-167772160
-150994944
-134217728
-117440512
-100663296
-83886080
-67108864
-50331648
-33554432
