Type	threshold
OptoHybrid	1
VFAT2	19
min	0
max	255
step	1
n	10000
----
slot	19
ctrl0	55
ctrl1	0
ctrl2	48
ctrl3	0
iPreampIn	168
iPremapFeed	80
iPreampOut	150
iShaper	150
iShaperFeed	100
iComp	75
chipId0	163
chipId1	254
latency	0
vthreshold1	1
vthreshold2	0
vcal	0
calphase	0
----
9981
16787186
33564401
50341597
67118335
83894493
100669878
117445826
134221830
150998133
167774606
184551314
201328322
218105255
234882193
251659347
268436479
285213498
301990662
318767732
335544865
352322037
369099216
385876389
402653535
419430736
436207937
452985141
469762400
486539562
503316763
520093966
536871187
553648395
570425605
587202808
603980039
620757227
637534436
654311639
671088864
687866033
704643253
721420465
738197665
754974861
771752069
788529269
805306484
822083698
838860911
855638144
872415342
889192558
905969776
922746984
939524201
956301419
973078633
989855849
1006633073
1023410288
1040187505
1056964724
1073741938
1090519158
1107296368
1124073590
1140850797
1157628020
1174405236
1191182448
1207959663
1224736878
1241514095
1258291309
1275068525
1291845738
1308622952
1325400167
1342177382
1358954598
1375731812
1392509028
1409286244
1426063460
1442840676
1459617893
1476395108
1493172324
1509949540
1526726756
1543503972
1560281188
1577058404
1593835620
1610612836
1627390052
1644167268
1660944484
1677721700
1694498916
1711276132
1728053348
1744830564
1761607780
1778384996
1795162212
1811939428
1828716644
1845493860
1862271076
1879048292
1895825508
1912602724
1929379940
1946157156
1962934372
1979711588
1996488804
2013266016
2030043232
2046820448
2063597668
2080374884
2097152084
2113929284
2130706508
-2147483576
-2130706368
-2113929164
-2097151952
-2080374760
-2063597552
-2046820344
-2030043120
-2013265916
-1996488704
-1979711488
-1962934272
-1946157056
-1929379840
-1912602624
-1895825408
-1879048192
-1862270976
-1845493760
-1828716544
-1811939328
-1795162112
-1778384896
-1761607680
-1744830464
-1728053248
-1711276032
-1694498816
-1677721600
-1660944384
-1644167168
-1627389952
-1610612736
-1593835520
-1577058304
-1560281088
-1543503872
-1526726656
-1509949440
-1493172224
-1476395008
-1459617792
-1442840576
-1426063360
-1409286144
-1392508928
-1375731712
-1358954496
-1342177280
-1325400064
-1308622848
-1291845632
-1275068416
-1258291200
-1241513984
-1224736768
-1207959552
-1191182336
-1174405120
-1157627904
-1140850688
-1124073472
-1107296256
-1090519040
-1073741824
-1056964608
-1040187392
-1023410176
-1006632960
-989855744
-973078528
-956301312
-939524096
-922746880
-905969664
-889192448
-872415232
-855638016
-838860800
-822083584
-805306368
-788529152
-771751936
-754974720
-738197504
-721420288
-704643072
-687865856
-671088640
-654311424
-637534208
-620756992
-603979776
-587202560
-570425344
-553648128
-536870912
-520093696
-503316480
-486539264
-469762048
-452984832
-436207616
-419430400
-402653184
-385875968
-369098752
-352321536
-335544320
-318767104
-301989888
-285212672
-268435456
-251658240
-234881024
-218103808
-201326592
-184549376
-167772160
-150994944
-134217728
-117440512
-100663296
-83886080
-67108864
-50331648
-33554432
