Type	threshold
OptoHybrid	1
VFAT2	11
min	0
max	255
step	1
n	10000
----
slot	11
ctrl0	55
ctrl1	0
ctrl2	48
ctrl3	0
iPreampIn	168
iPremapFeed	80
iPreampOut	150
iShaper	150
iShaperFeed	100
iComp	75
chipId0	175
chipId1	254
latency	0
vthreshold1	1
vthreshold2	0
vcal	0
calphase	0
----
9967
16787189
33564405
50341603
67118807
83895896
100672509
117448818
134224673
151000423
167776485
184552868
201329361
218105892
234882620
251659637
268436529
285213618
301990686
318767791
335545024
352322120
369099290
385876514
402653647
419430852
436208049
452985238
469762455
486539675
503316812
520094047
536871269
553648435
570425666
587202854
603980043
620757290
637534470
654311676
671088897
687866120
704643304
721420538
738197714
754974926
771752138
788529346
805306546
822083744
838860971
855638177
872415389
889192593
905969801
922747019
939524226
956301439
973078658
989855873
1006633080
1023410300
1040187507
1056964728
1073741938
1090519156
1107296376
1124073593
1140850806
1157628023
1174405241
1191182451
1207959669
1224736880
1241514098
1258291317
1275068529
1291845741
1308622959
1325400178
1342177388
1358954601
1375731820
1392509031
1409286249
1426063468
1442840683
1459617895
1476395111
1493172326
1509949537
1526726756
1543503972
1560281188
1577058404
1593835621
1610612839
1627390052
1644167268
1660944480
1677721702
1694498908
1711276132
1728053348
1744830560
1761607780
1778384996
1795162200
1811939420
1828716636
1845493840
1862271060
1879048280
1895825496
1912602716
1929379920
1946157124
1962934352
1979711544
1996488752
2013265956
2030043168
2046820400
2063597600
2080374816
2097152028
2113929236
2130706444
-2147483640
-2130706424
-2113929208
-2097151996
-2080374784
-2063597568
-2046820352
-2030043136
-2013265920
-1996488704
-1979711488
-1962934272
-1946157056
-1929379840
-1912602624
-1895825408
-1879048192
-1862270976
-1845493760
-1828716544
-1811939328
-1795162112
-1778384896
-1761607680
-1744830464
-1728053248
-1711276032
-1694498816
-1677721600
-1660944384
-1644167168
-1627389952
-1610612736
-1593835520
-1577058304
-1560281088
-1543503872
-1526726656
-1509949440
-1493172224
-1476395008
-1459617792
-1442840576
-1426063360
-1409286144
-1392508928
-1375731712
-1358954496
-1342177280
-1325400064
-1308622848
-1291845632
-1275068416
-1258291200
-1241513984
-1224736768
-1207959552
-1191182336
-1174405120
-1157627904
-1140850688
-1124073472
-1107296256
-1090519040
-1073741824
-1056964608
-1040187392
-1023410176
-1006632960
-989855744
-973078528
-956301312
-939524096
-922746880
-905969664
-889192448
-872415232
-855638016
-838860800
-822083584
-805306368
-788529152
-771751936
-754974720
-738197504
-721420288
-704643072
-687865856
-671088640
-654311424
-637534208
-620756992
-603979776
-587202560
-570425344
-553648128
-536870912
-520093696
-503316480
-486539264
-469762048
-452984832
-436207616
-419430400
-402653184
-385875968
-369098752
-352321536
-335544320
-318767104
-301989888
-285212672
-268435456
-251658240
-234881024
-218103808
-201326592
-184549376
-167772160
-150994944
-134217728
-117440512
-100663296
-83886080
-67108864
-50331648
-33554432
