Type	threshold
OptoHybrid	1
VFAT2	18
min	0
max	255
step	1
n	10000
----
slot	18
ctrl0	55
ctrl1	0
ctrl2	48
ctrl3	0
iPreampIn	168
iPremapFeed	80
iPreampOut	150
iShaper	150
iShaperFeed	100
iComp	75
chipId0	128
chipId1	254
latency	0
vthreshold1	1
vthreshold2	0
vcal	0
calphase	0
----
9968
16787198
33564412
50341610
67118832
83895998
100672646
117448464
134224982
151001147
167777190
184553449
201329905
218106660
234883397
251660175
268437060
285214142
301991285
318768426
335545549
352322700
369099798
385876881
402654006
419431142
436208293
452985426
469762592
486539789
503317022
520094228
536871430
553648638
570425804
587202980
603980200
620757424
637534600
654311848
671089024
687866216
704643450
721420649
738197852
754975068
771752255
788529468
805306643
822083861
838861046
855638253
872415445
889192657
905969877
922747088
939524309
956301529
973078737
989855966
1006633199
1023410437
1040187651
1056964885
1073742114
1090519324
1107296546
1124073764
1140850967
1157628180
1174405372
1191182564
1207959792
1224736998
1241514196
1258291421
1275068632
1291845837
1308623049
1325400270
1342177477
1358954692
1375731890
1392509099
1409286310
1426063508
1442840725
1459617936
1476395158
1493172341
1509949561
1526726769
1543503980
1560281199
1577058404
1593835624
1610612836
1627390052
1644167269
1660944484
1677721700
1694498916
1711276132
1728053348
1744830564
1761607780
1778384996
1795162212
1811939428
1828716644
1845493860
1862271076
1879048292
1895825508
1912602724
1929379940
1946157156
1962934372
1979711588
1996488804
2013266020
2030043236
2046820452
2063597668
2080374884
2097152100
2113929316
2130706532
-2147483548
-2130706332
-2113929116
-2097151900
-2080374684
-2063597468
-2046820252
-2030043036
-2013265820
-1996488604
-1979711388
-1962934172
-1946156956
-1929379740
-1912602524
-1895825308
-1879048092
-1862270876
-1845493660
-1828716444
-1811939228
-1795162012
-1778384796
-1761607580
-1744830364
-1728053148
-1711275932
-1694498716
-1677721500
-1660944284
-1644167068
-1627389852
-1610612636
-1593835420
-1577058204
-1560280988
-1543503772
-1526726556
-1509949340
-1493172124
-1476394908
-1459617692
-1442840476
-1426063260
-1409286044
-1392508828
-1375731612
-1358954396
-1342177180
-1325399964
-1308622748
-1291845532
-1275068316
-1258291100
-1241513884
-1224736668
-1207959451
-1191182236
-1174405016
-1157627802
-1140850582
-1124073365
-1107296147
-1090518932
-1073741718
-1056964500
-1040187286
-1023410074
-1006632860
-989855643
-973078428
-956301212
-939523996
-922746780
-905969564
-889192348
-872415132
-855637916
-838860700
-822083484
-805306268
-788529052
-771751836
-754974620
-738197404
-721420188
-704642972
-687865756
-671088592
-654311420
-637534208
-620756992
-603979776
-587202560
-570425344
-553648128
-536870912
-520093696
-503316480
-486539264
-469762048
-452984832
-436207616
-419430400
-402653184
-385875968
-369098752
-352321536
-335544320
-318767104
-301989888
-285212672
-268435456
-251658240
-234881024
-218103808
-201326592
-184549376
-167772160
-150994944
-134217728
-117440512
-100663296
-83886080
-67108864
-50331648
-33554432
