Type	threshold
OptoHybrid	1
VFAT2	4
min	0
max	255
step	1
n	10000
----
slot	4
ctrl0	55
ctrl1	0
ctrl2	48
ctrl3	0
iPreampIn	168
iPremapFeed	80
iPreampOut	150
iShaper	150
iShaperFeed	100
iComp	75
chipId0	180
chipId1	254
latency	0
vthreshold1	1
vthreshold2	0
vcal	0
calphase	0
----
9773
16787084
33564337
50341599
67118821
83895943
100672913
117449413
134224260
150999445
167775057
184551746
201328422
218105549
234882322
251659336
268436468
285213542
301990767
318767911
335545120
352322245
369099392
385876570
402653896
419431003
436208239
452985396
469762638
486539857
503317054
520094186
536871397
553648548
570425625
587203007
603980221
620757277
637534572
654311849
671088927
687866192
704643406
721420608
738197857
754975083
771752265
788529521
805306605
822083868
838861137
855638349
872415604
889192758
905969981
922747158
939524418
956301505
973078757
989856002
1006633287
1023410356
1040187684
1056964911
1073742126
1090519327
1107296542
1124073731
1140850892
1157628140
1174405346
1191182567
1207959737
1224736906
1241514170
1258291368
1275068598
1291845801
1308623014
1325400220
1342177405
1358954583
1375731844
1392509053
1409286282
1426063464
1442840684
1459617896
1476395118
1493172268
1509949541
1526726698
1543503975
1560281192
1577058407
1593835631
1610612840
1627390056
1644167269
1660944488
1677721700
1694498918
1711276132
1728053348
1744830564
1761607778
1778384998
1795162216
1811939424
1828716644
1845493859
1862271016
1879048296
1895825512
1912602725
1929379941
1946157156
1962934374
1979711588
1996488804
2013266020
2030043232
2046820463
2063597660
2080374884
2097152076
2113929324
2130706477
-2147483548
-2130706332
-2113929111
-2097151896
-2080374684
-2063597468
-2046820252
-2030043036
-2013265820
-1996488600
-1979711387
-1962934172
-1946156948
-1929379728
-1912602515
-1895825304
-1879048088
-1862270874
-1845493660
-1828716444
-1811939228
-1795162012
-1778384795
-1761607580
-1744830364
-1728053148
-1711275936
-1694498713
-1677721486
-1660944280
-1644167068
-1627389876
-1610612632
-1593835419
-1577058203
-1560280987
-1543503771
-1526726556
-1509949338
-1493172120
-1476394907
-1459617688
-1442840474
-1426063253
-1409286043
-1392508832
-1375731619
-1358954400
-1342177179
-1325399960
-1308622748
-1291845531
-1275068316
-1258291100
-1241513884
-1224736657
-1207959440
-1191182259
-1174405013
-1157627838
-1140850572
-1124073357
-1107296156
-1090518940
-1073741780
-1056964506
-1040187296
-1023410076
-1006632859
-989855648
-973078428
-956301212
-939524060
-922746775
-905969623
-889192339
-872415136
-855637924
-838860700
-822083480
-805306264
-788529036
-771751833
-754974611
-738197395
-721420148
-704642955
-687865729
-671088540
-654311324
-637534108
-620756892
-603979720
-587202552
-570425344
-553648128
-536870912
-520093696
-503316480
-486539264
-469762048
-452984832
-436207616
-419430400
-402653184
-385875968
-369098752
-352321536
-335544320
-318767104
-301989888
-285212672
-268435456
-251658240
-234881024
-218103808
-201326592
-184549376
-167772160
-150994944
-134217728
-117440512
-100663296
-83886080
-67108864
-50331648
-33554432
