Type	threshold
OptoHybrid	1
VFAT2	5
min	0
max	255
step	1
n	10000
----
slot	5
ctrl0	55
ctrl1	0
ctrl2	48
ctrl3	0
iPreampIn	168
iPremapFeed	80
iPreampOut	150
iShaper	150
iShaperFeed	100
iComp	75
chipId0	151
chipId1	254
latency	0
vthreshold1	1
vthreshold2	0
vcal	0
calphase	0
----
9592
16786999
33564318
50341575
67118800
83896022
100673240
117450406
134227587
151004684
167781338
184556970
201332724
218108495
234883865
251660405
268437245
285214113
301991243
318768209
335545247
352322347
369099460
385876612
402653859
419431021
436208160
452985429
469762597
486539806
503316980
520094201
536871410
553648602
570425792
587202961
603980207
620757387
637534587
654311798
671088967
687866204
704643371
721420563
738197745
754974995
771752134
788529322
805306559
822083768
838860961
855638167
872415364
889192574
905969773
922746990
939524207
956301423
973078630
989855850
1006633061
1023410276
1040187492
1056964709
1073741925
1090519140
1107296357
1124073572
1140850788
1157628004
1174405220
1191182436
1207959652
1224736868
1241514084
1258291300
1275068516
1291845732
1308622948
1325400164
1342177380
1358954596
1375731812
1392509028
1409286244
1426063460
1442840676
1459617892
1476395108
1493172324
1509949540
1526726756
1543503972
1560281188
1577058404
1593835620
1610612836
1627390052
1644167268
1660944484
1677721700
1694498916
1711276132
1728053348
1744830564
1761607780
1778384996
1795162212
1811939428
1828716644
1845493860
1862271076
1879048292
1895825508
1912602724
1929379940
1946157156
1962934372
1979711588
1996488804
2013266020
2030043236
2046820452
2063597668
2080374884
2097152100
2113929316
2130706532
-2147483548
-2130706332
-2113929116
-2097151900
-2080374684
-2063597468
-2046820252
-2030043036
-2013265820
-1996488604
-1979711388
-1962934172
-1946156956
-1929379740
-1912602524
-1895825308
-1879048092
-1862270876
-1845493660
-1828716444
-1811939228
-1795162012
-1778384796
-1761607580
-1744830364
-1728053148
-1711275932
-1694498716
-1677721500
-1660944284
-1644167068
-1627389852
-1610612636
-1593835420
-1577058204
-1560280988
-1543503772
-1526726556
-1509949340
-1493172124
-1476394908
-1459617692
-1442840476
-1426063260
-1409286044
-1392508828
-1375731612
-1358954396
-1342177180
-1325399964
-1308622748
-1291845532
-1275068316
-1258291100
-1241513884
-1224736668
-1207959452
-1191182236
-1174405020
-1157627804
-1140850588
-1124073372
-1107296156
-1090518944
-1073741724
-1056964512
-1040187292
-1023410092
-1006632904
-989855708
-973078500
-956301292
-939524096
-922746880
-905969664
-889192448
-872415232
-855638016
-838860800
-822083584
-805306368
-788529152
-771751936
-754974720
-738197504
-721420288
-704643072
-687865856
-671088640
-654311424
-637534208
-620756992
-603979776
-587202560
-570425344
-553648128
-536870912
-520093696
-503316480
-486539264
-469762048
-452984832
-436207616
-419430400
-402653184
-385875968
-369098752
-352321536
-335544320
-318767104
-301989888
-285212672
-268435456
-251658240
-234881024
-218103808
-201326592
-184549376
-167772160
-150994944
-134217728
-117440512
-100663296
-83886080
-67108864
-50331648
-33554432
