Type	threshold
OptoHybrid	1
VFAT2	4
min	0
max	255
step	1
n	10000
----
slot	4
ctrl0	55
ctrl1	0
ctrl2	48
ctrl3	0
iPreampIn	168
iPremapFeed	80
iPreampOut	150
iShaper	150
iShaperFeed	100
iComp	75
chipId0	180
chipId1	254
latency	0
vthreshold1	1
vthreshold2	0
vcal	0
calphase	0
----
9865
16787174
33564348
50341346
67117435
83892205
100668433
117444183
134220607
150997246
167773808
184550870
201327909
218105088
234882127
251659192
268436425
285213498
301990717
318767851
335545055
352322252
369099455
385876660
402653883
419431005
436208184
452985428
469762665
486539853
503317003
520094216
536871427
553648626
570425877
587203057
603980306
620757490
637534673
654311883
671089104
687866309
704643586
721420734
738197975
754975134
771752342
788529561
805306818
822083969
838861187
855638381
872415632
889192824
905970016
922747202
939524451
956301657
973078894
989856083
1006633242
1023410520
1040187704
1056964958
1073742150
1090519357
1107296467
1124073754
1140850954
1157628167
1174405329
1191182574
1207959754
1224736986
1241514168
1258291395
1275068589
1291845814
1308623006
1325400202
1342177442
1358954643
1375731865
1392509037
1409286273
1426063489
1442840701
1459617901
1476395133
1493172349
1509949585
1526726781
1543503997
1560281213
1577058429
1593835645
1610612861
1627390077
1644167293
1660944493
1677721725
1694498941
1711276157
1728053373
1744830589
1761607805
1778385005
1795162221
1811939453
1828716669
1845493885
1862271101
1879048317
1895825533
1912602749
1929379965
1946157165
1962934397
1979711613
1996488829
2013266029
2030043245
2046820477
2063597693
2080374893
2097152125
2113929341
2130706557
-2147483523
-2130706307
-2113929091
-2097151875
-2080374659
-2063597459
-2046820227
-2030043011
-2013265795
-1996488595
-1979711379
-1962934163
-1946156931
-1929379715
-1912602499
-1895825283
-1879048067
-1862270851
-1845493635
-1828716419
-1811939203
-1795161987
-1778384771
-1761607555
-1744830339
-1728053139
-1711275923
-1694498691
-1677721491
-1660944275
-1644167043
-1627389827
-1610612611
-1593835395
-1577058179
-1560280963
-1543503747
-1526726531
-1509949315
-1493172099
-1476394883
-1459617683
-1442840451
-1426063251
-1409286035
-1392508819
-1375731587
-1358954371
-1342177155
-1325399955
-1308622723
-1291845507
-1275068291
-1258291075
-1241513859
-1224736643
-1207959427
-1191182211
-1174404995
-1157627795
-1140850579
-1124073347
-1107296131
-1090518931
-1073741699
-1056964499
-1040187267
-1023410051
-1006632835
-989855619
-973078403
-956301187
-939523971
-922746771
-905969555
-889192323
-872415107
-855637907
-838860675
-822083459
-805306211
-788529043
-771751811
-754974579
-738197363
-721420186
-704642960
-687865755
-671088540
-654311324
-637534108
-620756900
-603979748
-587202560
-570425344
-553648128
-536870912
-520093696
-503316480
-486539264
-469762048
-452984832
-436207616
-419430400
-402653184
-385875968
-369098752
-352321536
-335544320
-318767104
-301989888
-285212672
-268435456
-251658240
-234881024
-218103808
-201326592
-184549376
-167772160
-150994944
-134217728
-117440512
-100663296
-83886080
-67108864
-50331648
-33554432
