Type	threshold
OptoHybrid	1
VFAT2	12
min	0
max	255
step	1
n	10000
----
slot	12
ctrl0	55
ctrl1	0
ctrl2	48
ctrl3	0
iPreampIn	168
iPremapFeed	80
iPreampOut	150
iShaper	150
iShaperFeed	100
iComp	75
chipId0	99
chipId1	254
latency	0
vthreshold1	1
vthreshold2	0
vcal	0
calphase	0
----
9971
16787191
33564400
50341605
67118688
83895289
100671446
117447522
134223918
151000334
167776569
184552938
201329484
218106631
234883217
251660088
268437087
285213966
301991140
318768055
335545262
352322346
369099440
385876557
402653720
419430938
436208059
452985281
469762402
486539618
503316836
520094006
536871233
553648424
570425653
587202864
603980066
620757241
637534469
654311690
671088893
687866107
704643310
721420510
738197723
754974923
771752138
788529338
805306563
822083770
838860971
855638165
872415384
889192585
905969792
922747018
939524218
956301448
973078664
989855869
1006633081
1023410301
1040187512
1056964727
1073741939
1090519157
1107296374
1124073590
1140850801
1157628019
1174405231
1191182449
1207959670
1224736884
1241514098
1258291314
1275068526
1291845742
1308622954
1325400175
1342177386
1358954606
1375731817
1392509034
1409286252
1426063464
1442840682
1459617894
1476395115
1493172328
1509949542
1526726761
1543503972
1560281188
1577058406
1593835623
1610612837
1627390058
1644167271
1660944485
1677721705
1694498920
1711276134
1728053350
1744830570
1761607773
1778384990
1795162193
1811939413
1828716624
1845493834
1862271033
1879048266
1895825456
1912602664
1929379884
1946157108
1962934304
1979711516
1996488724
2013265928
2030043164
2046820356
2063597576
2080374792
2097152016
2113929216
2130706432
-2147483648
-2130706432
-2113929216
-2097152000
-2080374784
-2063597568
-2046820352
-2030043136
-2013265920
-1996488704
-1979711488
-1962934272
-1946157056
-1929379840
-1912602624
-1895825408
-1879048192
-1862270976
-1845493760
-1828716544
-1811939328
-1795162112
-1778384896
-1761607680
-1744830464
-1728053248
-1711276032
-1694498816
-1677721600
-1660944384
-1644167168
-1627389952
-1610612736
-1593835520
-1577058304
-1560281088
-1543503872
-1526726656
-1509949440
-1493172224
-1476395008
-1459617792
-1442840576
-1426063360
-1409286144
-1392508928
-1375731712
-1358954496
-1342177280
-1325400064
-1308622848
-1291845632
-1275068416
-1258291200
-1241513984
-1224736768
-1207959552
-1191182336
-1174405120
-1157627904
-1140850688
-1124073472
-1107296256
-1090519040
-1073741824
-1056964608
-1040187392
-1023410176
-1006632960
-989855744
-973078528
-956301312
-939524096
-922746880
-905969664
-889192448
-872415232
-855638016
-838860800
-822083584
-805306368
-788529152
-771751936
-754974720
-738197504
-721420288
-704643072
-687865856
-671088640
-654311424
-637534208
-620756992
-603979776
-587202560
-570425344
-553648128
-536870912
-520093696
-503316480
-486539264
-469762048
-452984832
-436207616
-419430400
-402653184
-385875968
-369098752
-352321536
-335544320
-318767104
-301989888
-285212672
-268435456
-251658240
-234881024
-218103808
-201326592
-184549376
-167772160
-150994944
-134217728
-117440512
-100663296
-83886080
-67108864
-50331648
-33554432
