Type	threshold
OptoHybrid	1
VFAT2	19
min	0
max	255
step	1
n	10000
----
slot	19
ctrl0	55
ctrl1	0
ctrl2	48
ctrl3	0
iPreampIn	168
iPremapFeed	80
iPreampOut	150
iShaper	150
iShaperFeed	100
iComp	75
chipId0	163
chipId1	254
latency	0
vthreshold1	1
vthreshold2	0
vcal	0
calphase	0
----
9976
16787184
33564396
50341577
67118107
83894294
100669867
117445423
134221461
150997733
167774673
184551421
201328348
218105246
234882240
251659254
268436360
285213451
301990603
318767764
335544837
352322081
369099198
385876364
402653529
419430734
436207940
452985150
469762359
486539578
503316758
520093966
536871177
553648399
570425600
587202815
603980034
620757244
637534450
654311640
671088821
687866053
704643255
721420465
738197676
754974876
771752061
788529281
805306485
822083692
838860927
855638131
872415338
889192554
905969769
922746990
939524201
956301416
973078635
989855855
1006633068
1023410292
1040187507
1056964719
1073741937
1090519153
1107296367
1124073591
1140850803
1157628016
1174405234
1191182446
1207959661
1224736875
1241514094
1258291314
1275068521
1291845734
1308622949
1325400167
1342177383
1358954597
1375731814
1392509028
1409286244
1426063460
1442840676
1459617892
1476395108
1493172324
1509949540
1526726756
1543503972
1560281188
1577058404
1593835620
1610612836
1627390052
1644167268
1660944484
1677721700
1694498916
1711276132
1728053348
1744830564
1761607780
1778384996
1795162212
1811939428
1828716644
1845493860
1862271072
1879048292
1895825508
1912602724
1929379940
1946157156
1962934372
1979711588
1996488800
2013266020
2030043232
2046820440
2063597664
2080374868
2097152080
2113929292
2130706484
-2147483596
-2130706404
-2113929172
-2097151980
-2080374756
-2063597540
-2046820348
-2030043132
-2013265916
-1996488704
-1979711488
-1962934272
-1946157056
-1929379840
-1912602624
-1895825408
-1879048192
-1862270976
-1845493760
-1828716544
-1811939328
-1795162112
-1778384896
-1761607680
-1744830464
-1728053248
-1711276032
-1694498816
-1677721600
-1660944384
-1644167168
-1627389952
-1610612736
-1593835520
-1577058304
-1560281088
-1543503872
-1526726656
-1509949440
-1493172224
-1476395008
-1459617792
-1442840576
-1426063360
-1409286144
-1392508928
-1375731712
-1358954496
-1342177280
-1325400064
-1308622848
-1291845632
-1275068416
-1258291200
-1241513984
-1224736768
-1207959552
-1191182336
-1174405120
-1157627904
-1140850688
-1124073472
-1107296256
-1090519040
-1073741824
-1056964608
-1040187392
-1023410176
-1006632960
-989855744
-973078528
-956301312
-939524096
-922746880
-905969664
-889192448
-872415232
-855638016
-838860800
-822083584
-805306368
-788529152
-771751936
-754974720
-738197504
-721420288
-704643072
-687865856
-671088640
-654311424
-637534208
-620756992
-603979776
-587202560
-570425344
-553648128
-536870912
-520093696
-503316480
-486539264
-469762048
-452984832
-436207616
-419430400
-402653184
-385875968
-369098752
-352321536
-335544320
-318767104
-301989888
-285212672
-268435456
-251658240
-234881024
-218103808
-201326592
-184549376
-167772160
-150994944
-134217728
-117440512
-100663296
-83886080
-67108864
-50331648
-33554432
