Type	threshold
OptoHybrid	1
VFAT2	4
min	0
max	255
step	1
n	10000
----
slot	4
ctrl0	55
ctrl1	0
ctrl2	48
ctrl3	0
iPreampIn	168
iPremapFeed	80
iPreampOut	150
iShaper	150
iShaperFeed	100
iComp	75
chipId0	180
chipId1	254
latency	0
vthreshold1	1
vthreshold2	0
vcal	0
calphase	0
----
9735
16787130
33564369
50341586
67118845
83895953
100671788
117446759
134221704
150998328
167774573
184551192
201328325
218105206
234882100
251659250
268436404
285213506
301990654
318767817
335545035
352322210
369099373
385876652
402653753
419431004
436208198
452985392
469762614
486539810
503316953
520094187
536871376
553648619
570425784
587202929
603980162
620757397
637534643
654311807
671088979
687866050
704643452
721420602
738197861
754974928
771752284
788529532
805306674
822083965
838860990
855638335
872415560
889192755
905969973
922747189
939524348
956301490
973078819
989855770
1006633276
1023410472
1040187559
1056964942
1073742097
1090519348
1107296504
1124073549
1140850927
1157628130
1174405352
1191182552
1207959768
1224736964
1241514148
1258291392
1275068609
1291845812
1308623005
1325400236
1342177380
1358954624
1375731836
1392509043
1409286258
1426063470
1442840682
1459617898
1476395116
1493172325
1509949538
1526726765
1543503980
1560281200
1577058400
1593835620
1610612844
1627390057
1644167241
1660944424
1677721701
1694498916
1711276133
1728053348
1744830564
1761607780
1778385004
1795162186
1811939372
1828716624
1845493861
1862271049
1879048297
1895825508
1912602728
1929379940
1946157156
1962934372
1979711588
1996488802
2013266023
2030043237
2046820460
2063597684
2080374828
2097152113
2113929297
2130706536
-2147483542
-2130706334
-2113929114
-2097151900
-2080374712
-2063597468
-2046820256
-2030043035
-2013265816
-1996488600
-1979711378
-1962934161
-1946156954
-1929379789
-1912602517
-1895825307
-1879048089
-1862270875
-1845493660
-1828716448
-1811939255
-1795162008
-1778384825
-1761607568
-1744830353
-1728053138
-1711275922
-1694498704
-1677721503
-1660944279
-1644167064
-1627389851
-1610612635
-1593835420
-1577058231
-1560280988
-1543503769
-1526726550
-1509949339
-1493172117
-1476394896
-1459617682
-1442840472
-1426063252
-1409286040
-1392508827
-1375731612
-1358954396
-1342177180
-1325399962
-1308622744
-1291845524
-1275068310
-1258291128
-1241513867
-1224736713
-1207959444
-1191182221
-1174405008
-1157627824
-1140850584
-1124073367
-1107296156
-1090518939
-1073741723
-1056964508
-1040187284
-1023410067
-1006632852
-989855628
-973078409
-956301198
-939524002
-922746770
-905969564
-889192348
-872415132
-855637915
-838860700
-822083484
-805306296
-788529044
-771751795
-754974563
-738197347
-721420149
-704642938
-687865778
-671088540
-654311324
-637534108
-620756892
-603979720
-587202552
-570425344
-553648128
-536870912
-520093696
-503316480
-486539264
-469762048
-452984832
-436207616
-419430400
-402653184
-385875968
-369098752
-352321536
-335544320
-318767104
-301989888
-285212672
-268435456
-251658240
-234881024
-218103808
-201326592
-184549376
-167772160
-150994944
-134217728
-117440512
-100663296
-83886080
-67108864
-50331648
-33554432
