Type	threshold
OptoHybrid	1
VFAT2	18
min	0
max	255
step	1
n	10000
----
slot	18
ctrl0	55
ctrl1	0
ctrl2	48
ctrl3	0
iPreampIn	168
iPremapFeed	80
iPreampOut	150
iShaper	150
iShaperFeed	100
iComp	75
chipId0	128
chipId1	254
latency	0
vthreshold1	1
vthreshold2	0
vcal	0
calphase	0
----
9984
16787204
33564418
50341618
67118786
83895553
100671855
117447662
134223601
150999697
167776009
184552493
201329030
218105906
234882910
251659825
268436975
285214040
301991003
318768157
335545245
352322369
369099474
385876640
402653820
419431003
436208176
452985366
469762568
486539759
503317014
520094188
536871408
553648565
570425774
587202954
603980224
620757412
637534599
654311807
671089024
687866230
704643425
721420600
738197800
754975005
771752224
788529421
805306627
822083808
838861029
855638224
872415449
889192664
905969891
922747120
939524338
956301562
973078802
989856023
1006633225
1023410475
1040187684
1056964889
1073742102
1090519286
1107296510
1124073724
1140850909
1157628124
1174405343
1191182554
1207959766
1224736976
1241514195
1258291406
1275068617
1291845826
1308623042
1325400253
1342177458
1358954650
1375731872
1392509080
1409286275
1426063496
1442840696
1459617910
1476395123
1493172327
1509949540
1526726760
1543503973
1560281192
1577058404
1593835620
1610612837
1627390052
1644167268
1660944484
1677721700
1694498916
1711276132
1728053348
1744830564
1761607780
1778384996
1795162212
1811939428
1828716644
1845493860
1862271076
1879048292
1895825508
1912602724
1929379940
1946157156
1962934372
1979711588
1996488809
2013266020
2030043236
2046820452
2063597668
2080374884
2097152100
2113929316
2130706532
-2147483548
-2130706332
-2113929116
-2097151900
-2080374684
-2063597468
-2046820252
-2030043036
-2013265820
-1996488604
-1979711388
-1962934172
-1946156956
-1929379740
-1912602524
-1895825308
-1879048092
-1862270876
-1845493660
-1828716444
-1811939228
-1795162012
-1778384796
-1761607580
-1744830364
-1728053148
-1711275932
-1694498716
-1677721500
-1660944284
-1644167068
-1627389852
-1610612636
-1593835420
-1577058204
-1560280988
-1543503772
-1526726556
-1509949340
-1493172124
-1476394908
-1459617692
-1442840476
-1426063260
-1409286044
-1392508828
-1375731612
-1358954396
-1342177180
-1325399964
-1308622748
-1291845532
-1275068316
-1258291100
-1241513884
-1224736668
-1207959452
-1191182236
-1174405018
-1157627803
-1140850584
-1124073370
-1107296154
-1090518929
-1073741719
-1056964498
-1040187284
-1023410068
-1006632858
-989855642
-973078428
-956301212
-939523996
-922746780
-905969564
-889192348
-872415132
-855637916
-838860700
-822083484
-805306268
-788529052
-771751836
-754974620
-738197404
-721420188
-704642972
-687865756
-671088596
-654311424
-637534208
-620756992
-603979776
-587202560
-570425344
-553648128
-536870912
-520093696
-503316480
-486539264
-469762048
-452984832
-436207616
-419430400
-402653184
-385875968
-369098752
-352321536
-335544320
-318767104
-301989888
-285212672
-268435456
-251658240
-234881024
-218103808
-201326592
-184549376
-167772160
-150994944
-134217728
-117440512
-100663296
-83886080
-67108864
-50331648
-33554432
