Type	threshold
OptoHybrid	1
VFAT2	11
min	0
max	255
step	1
n	10000
----
slot	11
ctrl0	55
ctrl1	0
ctrl2	48
ctrl3	0
iPreampIn	168
iPremapFeed	80
iPreampOut	150
iShaper	150
iShaperFeed	100
iComp	75
chipId0	175
chipId1	254
latency	0
vthreshold1	1
vthreshold2	0
vcal	0
calphase	0
----
9977
16787199
33564396
50341585
67118740
83895684
100672306
117448469
134224641
151000422
167776482
184552977
201329255
218105889
234882652
251659498
268436568
285213590
301990707
318767802
335544978
352322177
369099261
385876453
402653634
419430843
436208039
452985226
469762483
486539627
503316812
520094048
536871246
553648453
570425627
587202833
603980079
620757284
637534485
654311678
671088894
687866102
704643310
721420510
738197722
754974918
771752113
788529331
805306536
822083758
838860958
855638171
872415367
889192587
905969800
922747016
939524233
956301440
973078656
989855874
1006633086
1023410297
1040187506
1056964723
1073741940
1090519157
1107296367
1124073584
1140850806
1157628020
1174405236
1191182451
1207959664
1224736880
1241514098
1258291311
1275068525
1291845741
1308622960
1325400170
1342177388
1358954604
1375731818
1392509032
1409286251
1426063460
1442840683
1459617894
1476395112
1493172329
1509949541
1526726757
1543503975
1560281189
1577058404
1593835621
1610612836
1627390052
1644167269
1660944484
1677721700
1694498912
1711276124
1728053344
1744830564
1761607780
1778384992
1795162208
1811939424
1828716640
1845493852
1862271068
1879048276
1895825488
1912602700
1929379924
1946157132
1962934340
1979711556
1996488764
2013265972
2030043180
2046820400
2063597596
2080374816
2097152012
2113929216
2130706436
-2147483628
-2130706420
-2113929212
-2097152000
-2080374780
-2063597568
-2046820348
-2030043136
-2013265920
-1996488700
-1979711488
-1962934272
-1946157056
-1929379840
-1912602624
-1895825408
-1879048192
-1862270976
-1845493760
-1828716544
-1811939328
-1795162112
-1778384896
-1761607680
-1744830464
-1728053248
-1711276032
-1694498816
-1677721600
-1660944384
-1644167168
-1627389952
-1610612736
-1593835520
-1577058304
-1560281088
-1543503872
-1526726656
-1509949440
-1493172224
-1476395008
-1459617792
-1442840576
-1426063360
-1409286144
-1392508928
-1375731712
-1358954496
-1342177280
-1325400064
-1308622848
-1291845632
-1275068416
-1258291200
-1241513984
-1224736768
-1207959552
-1191182336
-1174405120
-1157627904
-1140850688
-1124073472
-1107296256
-1090519040
-1073741824
-1056964608
-1040187392
-1023410176
-1006632960
-989855744
-973078528
-956301312
-939524096
-922746880
-905969664
-889192448
-872415232
-855638016
-838860800
-822083584
-805306368
-788529152
-771751936
-754974720
-738197504
-721420288
-704643072
-687865856
-671088640
-654311424
-637534208
-620756992
-603979776
-587202560
-570425344
-553648128
-536870912
-520093696
-503316480
-486539264
-469762048
-452984832
-436207616
-419430400
-402653184
-385875968
-369098752
-352321536
-335544320
-318767104
-301989888
-285212672
-268435456
-251658240
-234881024
-218103808
-201326592
-184549376
-167772160
-150994944
-134217728
-117440512
-100663296
-83886080
-67108864
-50331648
-33554432
