Type	threshold
OptoHybrid	1
VFAT2	18
min	0
max	255
step	1
n	10000
----
slot	18
ctrl0	55
ctrl1	0
ctrl2	48
ctrl3	0
iPreampIn	168
iPremapFeed	80
iPreampOut	150
iShaper	150
iShaperFeed	100
iComp	75
chipId0	128
chipId1	254
latency	0
vthreshold1	1
vthreshold2	0
vcal	0
calphase	0
----
9960
16787191
33564408
50341615
67118829
83896007
100672692
117448698
134224854
151001267
167777333
184553581
201330070
218106646
234883373
251660197
268437084
285214256
301991291
318768345
335545506
352322659
369099783
385876852
402653997
419431106
436208314
452985448
469762606
486539801
503317018
520094231
536871421
553648616
570425820
587203020
603980177
620757390
637534574
654311811
671089014
687866234
704643443
721420659
738197860
754975043
771752256
788529412
805306665
822083835
838861066
855638242
872415450
889192668
905969872
922747088
939524310
956301527
973078733
989855961
1006633199
1023410402
1040187660
1056964864
1073742114
1090519349
1107296549
1124073779
1140850980
1157628190
1174405379
1191182576
1207959770
1224736998
1241514202
1258291413
1275068629
1291845846
1308623067
1325400259
1342177492
1358954690
1375731901
1392509107
1409286318
1426063529
1442840729
1459617930
1476395154
1493172361
1509949555
1526726768
1543503979
1560281196
1577058414
1593835620
1610612837
1627390056
1644167268
1660944484
1677721700
1694498916
1711276132
1728053348
1744830564
1761607780
1778384996
1795162212
1811939428
1828716644
1845493860
1862271076
1879048292
1895825508
1912602724
1929379940
1946157156
1962934372
1979711588
1996488804
2013266020
2030043236
2046820452
2063597668
2080374884
2097152100
2113929316
2130706532
-2147483548
-2130706332
-2113929116
-2097151900
-2080374684
-2063597468
-2046820252
-2030043036
-2013265820
-1996488604
-1979711388
-1962934172
-1946156956
-1929379740
-1912602524
-1895825308
-1879048092
-1862270876
-1845493660
-1828716444
-1811939228
-1795162012
-1778384796
-1761607580
-1744830364
-1728053148
-1711275932
-1694498716
-1677721500
-1660944284
-1644167068
-1627389852
-1610612636
-1593835420
-1577058204
-1560280988
-1543503772
-1526726556
-1509949340
-1493172124
-1476394908
-1459617692
-1442840476
-1426063260
-1409286044
-1392508828
-1375731612
-1358954396
-1342177180
-1325399964
-1308622748
-1291845532
-1275068316
-1258291100
-1241513884
-1224736668
-1207959452
-1191182235
-1174405020
-1157627803
-1140850584
-1124073366
-1107296146
-1090518925
-1073741709
-1056964498
-1040187288
-1023410075
-1006632858
-989855644
-973078428
-956301212
-939523996
-922746780
-905969564
-889192348
-872415132
-855637916
-838860700
-822083484
-805306268
-788529052
-771751836
-754974620
-738197404
-721420188
-704642972
-687865756
-671088584
-654311424
-637534208
-620756992
-603979776
-587202560
-570425344
-553648128
-536870912
-520093696
-503316480
-486539264
-469762048
-452984832
-436207616
-419430400
-402653184
-385875968
-369098752
-352321536
-335544320
-318767104
-301989888
-285212672
-268435456
-251658240
-234881024
-218103808
-201326592
-184549376
-167772160
-150994944
-134217728
-117440512
-100663296
-83886080
-67108864
-50331648
-33554432
