Type	threshold
OptoHybrid	1
VFAT2	18
min	0
max	255
step	1
n	10000
----
slot	18
ctrl0	55
ctrl1	0
ctrl2	48
ctrl3	0
iPreampIn	168
iPremapFeed	80
iPreampOut	150
iShaper	150
iShaperFeed	100
iComp	75
chipId0	128
chipId1	254
latency	0
vthreshold1	1
vthreshold2	0
vcal	0
calphase	0
----
9984
16787199
33564416
50341617
67118831
83895611
100672069
117447929
134224219
150999997
167776079
184552798
201329318
218106152
234882949
251660023
268437010
285214081
301991163
318768281
335545396
352322389
369099484
385876674
402653860
419431003
436208175
452985356
469762604
486539786
503316986
520094228
536871392
553648608
570425774
587202976
603980159
620757376
637534549
654311825
671089024
687866224
704643446
721420651
738197855
754975070
771752242
788529438
805306642
822083855
838861024
855638259
872415453
889192654
905969885
922747092
939524313
956301544
973078758
989855975
1006633219
1023410446
1040187685
1056964885
1073742117
1090519329
1107296522
1124073751
1140850932
1157628150
1174405358
1191182565
1207959767
1224736982
1241514200
1258291415
1275068630
1291845837
1308623045
1325400270
1342177474
1358954677
1375731894
1392509087
1409286292
1426063524
1442840725
1459617929
1476395140
1493172338
1509949555
1526726766
1543503973
1560281190
1577058404
1593835620
1610612836
1627390053
1644167268
1660944484
1677721700
1694498916
1711276132
1728053348
1744830564
1761607780
1778384996
1795162212
1811939428
1828716644
1845493860
1862271076
1879048292
1895825508
1912602724
1929379940
1946157156
1962934372
1979711588
1996488804
2013266020
2030043236
2046820452
2063597668
2080374884
2097152100
2113929316
2130706532
-2147483548
-2130706332
-2113929116
-2097151900
-2080374684
-2063597468
-2046820252
-2030043036
-2013265820
-1996488604
-1979711388
-1962934172
-1946156956
-1929379740
-1912602524
-1895825308
-1879048092
-1862270876
-1845493660
-1828716444
-1811939228
-1795162012
-1778384796
-1761607580
-1744830364
-1728053148
-1711275932
-1694498716
-1677721500
-1660944284
-1644167068
-1627389852
-1610612636
-1593835420
-1577058204
-1560280988
-1543503772
-1526726556
-1509949340
-1493172124
-1476394908
-1459617692
-1442840476
-1426063260
-1409286044
-1392508828
-1375731612
-1358954396
-1342177180
-1325399964
-1308622748
-1291845532
-1275068316
-1258291100
-1241513884
-1224736668
-1207959452
-1191182236
-1174405020
-1157627803
-1140850585
-1124073370
-1107296155
-1090518935
-1073741719
-1056964497
-1040187284
-1023410070
-1006632855
-989855641
-973078425
-956301212
-939523996
-922746780
-905969564
-889192348
-872415132
-855637916
-838860700
-822083484
-805306268
-788529052
-771751836
-754974620
-738197404
-721420188
-704642972
-687865756
-671088576
-654311420
-637534208
-620756992
-603979776
-587202560
-570425344
-553648128
-536870912
-520093696
-503316480
-486539264
-469762048
-452984832
-436207616
-419430400
-402653184
-385875968
-369098752
-352321536
-335544320
-318767104
-301989888
-285212672
-268435456
-251658240
-234881024
-218103808
-201326592
-184549376
-167772160
-150994944
-134217728
-117440512
-100663296
-83886080
-67108864
-50331648
-33554432
