Type	threshold
OptoHybrid	1
VFAT2	3
min	0
max	255
step	1
n	10000
----
slot	3
ctrl0	55
ctrl1	0
ctrl2	48
ctrl3	0
iPreampIn	168
iPremapFeed	80
iPreampOut	150
iShaper	150
iShaperFeed	100
iComp	75
chipId0	120
chipId1	250
latency	0
vthreshold1	1
vthreshold2	0
vcal	0
calphase	0
----
9837
16787141
33564383
50341570
67118737
83895853
100672628
117448158
134223694
150999464
167775492
184551647
201328340
218105316
234882279
251659300
268436285
285213390
301990567
318767753
335544931
352322051
369099263
385876465
402653647
419430868
436208087
452985282
469762487
486539713
503316950
520094149
536871340
553648540
570425745
587202919
603980121
620757370
637534528
654311749
671088898
687866097
704643301
721420509
738197705
754974880
771752085
788529284
805306500
822083707
838860929
855638128
872415338
889192563
905969781
922746997
939524213
956301431
973078644
989855860
1006633067
1023410284
1040187501
1056964713
1073741934
1090519147
1107296357
1124073573
1140850789
1157628004
1174405221
1191182436
1207959652
1224736868
1241514084
1258291300
1275068516
1291845732
1308622948
1325400164
1342177380
1358954596
1375731812
1392509028
1409286244
1426063460
1442840676
1459617892
1476395108
1493172324
1509949540
1526726756
1543503972
1560281188
1577058404
1593835620
1610612836
1627390052
1644167268
1660944484
1677721700
1694498916
1711276132
1728053348
1744830564
1761607780
1778384996
1795162212
1811939428
1828716644
1845493860
1862271076
1879048292
1895825508
1912602724
1929379940
1946157156
1962934372
1979711588
1996488804
2013266020
2030043236
2046820452
2063597668
2080374884
2097152100
2113929316
2130706533
-2147483548
-2130706332
-2113929116
-2097151900
-2080374684
-2063597468
-2046820252
-2030043036
-2013265820
-1996488604
-1979711387
-1962934171
-1946156954
-1929379740
-1912602523
-1895825307
-1879048092
-1862270874
-1845493659
-1828716442
-1811939227
-1795162010
-1778384793
-1761607576
-1744830362
-1728053145
-1711275927
-1694498715
-1677721495
-1660944282
-1644167065
-1627389850
-1610612633
-1593835420
-1577058203
-1560280987
-1543503772
-1526726556
-1509949340
-1493172124
-1476394908
-1459617692
-1442840476
-1426063260
-1409286044
-1392508828
-1375731612
-1358954396
-1342177180
-1325399964
-1308622748
-1291845532
-1275068316
-1258291100
-1241513884
-1224736668
-1207959452
-1191182236
-1174405020
-1157627804
-1140850588
-1124073372
-1107296156
-1090518940
-1073741724
-1056964508
-1040187292
-1023410076
-1006632860
-989855644
-973078428
-956301212
-939523996
-922746780
-905969564
-889192348
-872415132
-855637924
-838860708
-822083568
-805306360
-788529152
-771751936
-754974720
-738197504
-721420288
-704643072
-687865856
-671088640
-654311424
-637534208
-620756992
-603979776
-587202560
-570425344
-553648128
-536870912
-520093696
-503316480
-486539264
-469762048
-452984832
-436207616
-419430400
-402653184
-385875968
-369098752
-352321536
-335544320
-318767104
-301989888
-285212672
-268435456
-251658240
-234881024
-218103808
-201326592
-184549376
-167772160
-150994944
-134217728
-117440512
-100663296
-83886080
-67108864
-50331648
-33554432
