VFAT2	11
MIN	0
MAX	255
STEP	1
N	1000000
999178
17776428
34552998
51327436
68084751
84827092
101551126
118178272
134830119
151513646
168059828
184696950
201442428
218197709
234961067
251732628
268507414
285282052
302057218
318831708
335604671
352376764
369148667
385920784
402694608
419469687
436245760
453022193
469798660
486575117
503351743
520128244
536904716
553680825
570456490
587231993
604007257
620782948
637557704
654332752
671107341
687882301
704657474
721432867
738208933
754985429
771762333
788539516
805316757
822094145
838871537
855648990
872426540
889204046
905981485
922758934
939536264
956313618
973090900
989868113
1006645336
1023422508
1040199590
1056976660
1073753601
1090530600
1107307569
1124084445
1140861393
1157638373
1174415416
1191192546
1207969712
1224746945
1241524222
1258301475
1275078779
1291855991
1308633249
1325410477
1342187620
1358964761
1375741912
1392519084
1409296247
1426073418
1442850607
1459627810
1476405016
1493182230
1509959442
1526736656
1543513872
1560291088
1577068311
1593845524
1610622743
1627399973
1644177213
1660954475
1677731739
1694509084
1711286408
1728063880
1744841330
1761618843
1778396294
1795173707
1811951061
1828728245
1845505311
1862282292
1879059237
1895836164
1912613118
1929390136
1946167257
1962944379
1979721540
1996498729
2013275928
2030053139
2046830353
2063607569
2080384784
2097162000
2113939216
2130716432
-2147473648
-2130696432
-2113919216
-2097142000
-2080364784
-2063587568
-2046810352
-2030033136
-2013255920
-1996478704
-1979701488
-1962924272
-1946147056
-1929369840
-1912592624
-1895815408
-1879038192
-1862260976
-1845483760
-1828706544
-1811929328
-1795152112
-1778374896
-1761597680
-1744820464
-1728043248
-1711266032
-1694488816
-1677711600
-1660934384
-1644157168
-1627379952
-1610602736
-1593825520
-1577048304
-1560271088
-1543493872
-1526716656
-1509939440
-1493162224
-1476385008
-1459607792
-1442830576
-1426053360
-1409276144
-1392498928
-1375721712
-1358944496
-1342167280
-1325390064
-1308612848
-1291835632
-1275058416
-1258281200
-1241503984
-1224726768
-1207949552
-1191172336
-1174395120
-1157617904
-1140840688
-1124063472
-1107286256
-1090509044
-1073731824
-1056954608
-1040177396
-1023400212
-1006623063
-989846051
-973069302
-956293188
-939517390
-922741748
-905966159
-889191092
-872414988
-855638004
-838860800
-822083584
-805306368
-788529152
-771751936
-754974720
-738197504
-721420288
-704643072
-687865856
-671088640
-654311424
-637534208
-620756992
-603979776
-587202560
-570425344
-553648128
-536870912
-520093696
-503316480
-486539264
-469762048
-452984832
-436207616
-419430400
-402653184
-385875968
-369098752
-352321536
-335544320
-318767104
-301989888
-285212672
-268435456
-251658240
-234881024
-218103808
-201326592
-184549376
-167772160
-150994944
-134217728
-117440512
-100663296
-83886080
-67108864
-50331648
-33554432
