VFAT2	11
MIN	0
MAX	255
STEP	1
N	1000000
995416
17773233
34549194
51323288
68093986
84856672
101610256
118319948
134961050
151619851
168225646
184813101
201525132
218268491
235019747
251776747
268539178
285304611
302073960
318845197
335618024
352390045
369162427
385935034
402708845
419483454
436258338
453033183
469808073
486583039
503358346
520134122
536910269
553687048
570464001
587240994
604018186
620795224
637572190
654348898
671125343
687901632
704677682
721453699
738229679
755005743
771781928
788558201
805334459
822110221
838885430
855660810
872436040
889210490
905985627
922761049
939537022
956313209
973089897
989866892
1006644011
1023421342
1040198656
1056976141
1073753552
1090530991
1107308335
1124085591
1140862876
1157640000
1174417100
1191194119
1207971156
1224748157
1241525095
1258302102
1275079058
1291856135
1308633185
1325410310
1342187438
1358964611
1375741854
1392519095
1409296345
1426073700
1442851028
1459628352
1476405665
1493182985
1509960175
1526737455
1543514644
1560291714
1577068822
1593845889
1610622993
1627400142
1644177290
1660954454
1677731645
1694508840
1711286041
1728063253
1744840472
1761617680
1778394897
1795172112
1811949328
1828726544
1845503760
1862280976
1879058192
1895835408
1912612624
1929389844
1946167056
1962944272
1979721489
1996498705
2013275920
2030053141
2046830354
2063607572
2080384795
2097162013
2113939252
2130716501
-2147473524
-2130696201
-2113918830
-2097141436
-2080363954
-2063586481
-2046808932
-2030031423
-2013254087
-1996476865
-1979699638
-1962922632
-1946145636
-1929368749
-1912591805
-1895814832
-1879037831
-1862260774
-1845483652
-1828706492
-1811929215
-1795151620
-1778374872
-1761597678
-1744820464
-1728043248
-1711266032
-1694488816
-1677711600
-1660934384
-1644157168
-1627379952
-1610602736
-1593825520
-1577048304
-1560271088
-1543493868
-1526716656
-1509939440
-1493162224
-1476385008
-1459607792
-1442830576
-1426053360
-1409276144
-1392498928
-1375721712
-1358944496
-1342167280
-1325390064
-1308612848
-1291835632
-1275058416
-1258281200
-1241503984
-1224726768
-1207949552
-1191172336
-1174395120
-1157617904
-1140840688
-1124063472
-1107286256
-1090509040
-1073731824
-1056954608
-1040177392
-1023400176
-1006622960
-989845744
-973068528
-956291312
-939514096
-922736880
-905959664
-889182448
-872405232
-855628016
-838850800
-822073583
-805296367
-788519138
-771741966
-754965528
-738193572
-721420116
-704643072
-687865856
-671088640
-654311424
-637534208
-620756992
-603979776
-587202560
-570425344
-553648128
-536870912
-520093696
-503316480
-486539264
-469762048
-452984832
-436207616
-419430400
-402653184
-385875968
-369098752
-352321536
-335544320
-318767104
-301989888
-285212672
-268435456
-251658240
-234881024
-218103808
-201326592
-184549376
-167772160
-150994944
-134217728
-117440512
-100663296
-83886080
-67108864
-50331648
-33554432
