VFAT2	11
MIN	0
MAX	255
STEP	1
N	1000000
991772
17771157
34546688
51320331
68090881
84858743
101618119
118348181
135018555
151670023
168294004
184884060
201567795
218294916
235039412
251793866
268555073
285318217
302084162
318851660
335621952
352393474
369165494
385938749
402713561
419488529
436264158
453038812
469813624
486589314
503365581
520141595
536916971
553692403
570467791
587243289
604019128
620795384
637571572
654348069
671124749
687901517
704678169
721454913
738231665
755008404
771785167
788561769
805338471
822115136
838891903
855668432
872444885
889221049
905996517
922772220
939547560
956323078
973098128
989873760
1006649543
1023425331
1040201381
1056977562
1073754335
1090531196
1107308255
1124085389
1140862632
1157639967
1174417222
1191194449
1207971665
1224748721
1241525706
1258302708
1275079633
1291856705
1308633639
1325410621
1342187683
1358964764
1375741895
1392519087
1409296254
1426073460
1442850715
1459627984
1476405277
1493182567
1509959974
1526737348
1543514779
1560292172
1577069476
1593846856
1610624149
1627401367
1644178459
1660955469
1677732507
1694509526
1711286559
1728063615
1744840742
1761617850
1778395004
1795172189
1811949371
1828726562
1845503772
1862280980
1879058195
1895835408
1912612625
1929389840
1946167056
1962944272
1979721488
1996498704
2013275920
2030053136
2046830352
2063607568
2080384784
2097162096
2113939216
2130716909
-2147473596
-2130696432
-2113919216
-2097142000
-2080364784
-2063587568
-2046810350
-2030033136
-2013255913
-1996478678
-1979701436
-1962924160
-1946146863
-1929369489
-1912592125
-1895814659
-1879037132
-1862259620
-1845482080
-1828704663
-1811927367
-1795150115
-1778373022
-1761596022
-1744819076
-1728042157
-1711265292
-1694488336
-1677711318
-1660934213
-1644157081
-1627379913
-1610602720
-1593825513
-1577048304
-1560271088
-1543493872
-1526716656
-1509939440
-1493162224
-1476385008
-1459607792
-1442830576
-1426053360
-1409276144
-1392498928
-1375721712
-1358944496
-1342167280
-1325390064
-1308612848
-1291835632
-1275058416
-1258281200
-1241503984
-1224726768
-1207949552
-1191172336
-1174395120
-1157617904
-1140840688
-1124063468
-1107286256
-1090509040
-1073731824
-1056954608
-1040177392
-1023400176
-1006622960
-989845744
-973068528
-956291312
-939514096
-922736880
-905959664
-889182448
-872405232
-855628016
-838850800
-822073584
-805296368
-788519151
-771741932
-754964711
-738187519
-721411032
-704639664
-687865748
-671088640
-654311424
-637534208
-620756992
-603979776
-587202560
-570425344
-553648128
-536870912
-520093696
-503316480
-486539264
-469762048
-452984832
-436207616
-419430400
-402653184
-385875968
-369098752
-352321536
-335544320
-318767104
-301989888
-285212672
-268435456
-251658240
-234881024
-218103808
-201326592
-184549376
-167772160
-150994944
-134217728
-117440512
-100663296
-83886080
-67108864
-50331648
-33554432
