VFAT2	11
MIN	0
MAX	255
STEP	1
N	1000000
999367
17776822
34553692
51325862
68074234
84808547
101504992
118116794
134797705
151484562
168030297
184677986
201429759
218187574
234956233
251730359
268505180
285280021
302054729
318828163
335599884
352371280
369144124
385917954
402692777
419468750
436244840
453020755
469796598
486572574
503348325
520124075
536899371
553674736
570449844
587224323
603999357
620774231
637549100
654324615
671100426
687876857
704653530
721430582
738207814
754985086
771762484
788539955
805317474
822094929
838872427
855649907
872427329
889204676
905982023
922759273
939536520
956313688
973090875
989867985
1006645004
1023422027
1040198993
1056975888
1073752757
1090529727
1107306707
1124083795
1140860887
1157638097
1174415363
1191192632
1207969872
1224747143
1241524397
1258301577
1275078781
1291855928
1308633052
1325410201
1342187358
1358964552
1375741734
1392518936
1409296149
1426073362
1442850581
1459627799
1476405023
1493182255
1509959479
1526736758
1543514057
1560291429
1577068761
1593846260
1610623707
1627401267
1644178729
1660956029
1677733277
1694510434
1711287470
1728064369
1744841315
1761618265
1778395354
1795172609
1811949543
1828726610
1845503791
1862280989
1879058194
1895835411
1912612624
1929389840
1946167056
1962944272
1979721488
1996498704
2013275920
2030053136
2046830352
2063607568
2080384784
2097162000
2113939216
2130716432
-2147473648
-2130696432
-2113919216
-2097142000
-2080364784
-2063587568
-2046810352
-2030033136
-2013255920
-1996478704
-1979701488
-1962924272
-1946147056
-1929369840
-1912592624
-1895815408
-1879038192
-1862260976
-1845483760
-1828706544
-1811929328
-1795152112
-1778374896
-1761597680
-1744820464
-1728043248
-1711266032
-1694488816
-1677711600
-1660934384
-1644157168
-1627379952
-1610602736
-1593825520
-1577048304
-1560271088
-1543493872
-1526716656
-1509939440
-1493162224
-1476385008
-1459607792
-1442830576
-1426053360
-1409276144
-1392498928
-1375721712
-1358944496
-1342167280
-1325390064
-1308612848
-1291835632
-1275058416
-1258281200
-1241503984
-1224726772
-1207949564
-1191172376
-1174395163
-1157618091
-1140841123
-1124064363
-1107287966
-1090511511
-1073735539
-1056959276
-1040183190
-1023407167
-1006631520
-989855252
-973078440
-956301304
-939524092
-922746880
-905969664
-889192448
-872415232
-855638016
-838860800
-822083584
-805306368
-788529152
-771751936
-754974720
-738197504
-721420288
-704643072
-687865856
-671088640
-654311424
-637534208
-620756992
-603979776
-587202560
-570425344
-553648128
-536870912
-520093696
-503316480
-486539264
-469762048
-452984832
-436207616
-419430400
-402653184
-385875968
-369098752
-352321536
-335544320
-318767104
-301989888
-285212672
-268435456
-251658240
-234881024
-218103808
-201326592
-184549376
-167772160
-150994944
-134217728
-117440512
-100663296
-83886080
-67108864
-50331648
-33554432
