VFAT2	11
MIN	0
MAX	255
STEP	1
N	1000000
953662
17740279
34518475
51290859
68057388
84818995
101575940
118325728
135066939
151795337
168495463
185159309
201818049
218497890
235210898
251941091
268680365
285424799
302174570
318928914
335685696
352445935
369209979
385977302
402746518
419517616
436290763
453063932
469838454
486612014
503386250
520158517
536930950
553703836
570477485
587251967
604027161
620803064
637579494
654356333
671133395
687910476
704688224
721466020
738243531
755020913
771798247
788575111
805351811
822128536
838905298
855682450
872459983
889237531
906014712
922792234
939569461
956346208
973123187
989900279
1006676962
1023453615
1040230475
1057007650
1073785008
1090562514
1107339966
1124116939
1140893978
1157670645
1174447411
1191223880
1208000888
1224777304
1241553899
1258329078
1275103891
1291878207
1308652337
1325427106
1342202110
1358976937
1375752418
1392528456
1409304426
1426080605
1442856910
1459633507
1476410282
1493187170
1509963992
1526740895
1543517675
1560294630
1577071585
1593848729
1610625751
1627402820
1644179943
1660957102
1677734271
1694511431
1711288623
1728065809
1744843011
1761620213
1778397412
1795174630
1811951840
1828729048
1845506262
1862283477
1879060694
1895837909
1912615124
1929392341
1946169556
1962946772
1979723988
1996501204
2013278420
2030055636
2046832852
2063610068
2080387284
2097164509
2113941717
2130718932
-2147471148
-2130693931
-2113916710
-2097139499
-2080362284
-2063585065
-2046807854
-2030030639
-2013253426
-1996476219
-1979699004
-1962921807
-1946144620
-1929367442
-1912590285
-1895813162
-1879036077
-1862258981
-1845481947
-1828704989
-1811927999
-1795151035
-1778373955
-1761596968
-1744819974
-1728042893
-1711265752
-1694488595
-1677711445
-1660934304
-1644157117
-1627379929
-1610602725
-1593825509
-1577048297
-1560271086
-1543493872
-1526716656
-1509939440
-1493162224
-1476385008
-1459607788
-1442830576
-1426053360
-1409276139
-1392498928
-1375721712
-1358944496
-1342167280
-1325390064
-1308612844
-1291835621
-1275058389
-1258281122
-1241503841
-1224726450
-1207948954
-1191171279
-1174393659
-1157615986
-1140838425
-1124061050
-1107283783
-1090506548
-1073729338
-1056952142
-1040174979
-1023397868
-1006620833
-989843919
-973067089
-956290327
-939513488
-922736569
-905959512
-889182398
-872405212
-855628012
-838850797
-822073584
-805296368
-788519152
-771741932
-754964720
-738187503
-721410285
-704633061
-687855848
-671078640
-654301348
-637523912
-620746992
-603969776
-587192560
-570415344
-553638128
-536860916
-520086016
-503316244
-486539264
-469762048
-452984832
-436207616
-419430400
-402653184
-385875968
-369098752
-352321536
-335544320
-318767104
-301989888
-285212672
-268435456
-251658240
-234881024
-218103808
-201326592
-184549376
-167772160
-150994944
-134217728
-117440512
-100663296
-83886080
-67108864
-50331648
-33554432
