VFAT2	11
MIN	0
MAX	255
STEP	1
N	1000000
999442
17776869
34553808
51325661
68072791
84806159
101494240
118108943
134792418
151480681
168015344
184676304
201426611
218185846
234955386
251729472
268504376
285279449
302054049
318826938
335598121
352370215
369143537
385917139
402692558
419468715
436244148
453020059
469795829
486571396
503346964
520122501
536897588
553672388
570447256
587222132
603997044
620771969
637547357
654323220
671099469
687876247
704653432
721430557
738207916
754985332
771762765
788540263
805317781
822095223
838872716
855650128
872427486
889204793
905982080
922759302
939536514
956313655
973090773
989867818
1006644759
1023421740
1040198632
1056975573
1073752447
1090529466
1107306538
1124083683
1140860912
1157638146
1174415428
1191192704
1207969972
1224747197
1241524369
1258301539
1275078673
1291855827
1308632973
1325410148
1342187316
1358964519
1375741720
1392518929
1409296153
1426073367
1442850606
1459627843
1476405101
1493182421
1509959697
1526737079
1543514533
1560292095
1577069498
1593846999
1610624377
1627401661
1644178807
1660955803
1677732822
1694509805
1711286654
1728063656
1744840715
1761617801
1778394975
1795172148
1811949345
1828726548
1845503763
1862280976
1879058192
1895835408
1912612624
1929389840
1946167056
1962944272
1979721488
1996498704
2013275920
2030053136
2046830352
2063607568
2080384784
2097162000
2113939216
2130716432
-2147473648
-2130696432
-2113919216
-2097142000
-2080364784
-2063587568
-2046810352
-2030033136
-2013255920
-1996478704
-1979701488
-1962924272
-1946147056
-1929369840
-1912592624
-1895815408
-1879038192
-1862260976
-1845483760
-1828706544
-1811929328
-1795152112
-1778374896
-1761597680
-1744820464
-1728043248
-1711266032
-1694488816
-1677711600
-1660934384
-1644157168
-1627379952
-1610602736
-1593825520
-1577048304
-1560271088
-1543493872
-1526716656
-1509939440
-1493162224
-1476385008
-1459607792
-1442830576
-1426053360
-1409276144
-1392498928
-1375721712
-1358944496
-1342167280
-1325390068
-1308612848
-1291835632
-1275058416
-1258281224
-1241504032
-1224726868
-1207949763
-1191172868
-1174396055
-1157619552
-1140843258
-1124067312
-1107290872
-1090514404
-1073738319
-1056962680
-1040186559
-1023409928
-1006632892
-989855740
-973078524
-956301312
-939524096
-922746880
-905969664
-889192448
-872415232
-855638016
-838860800
-822083584
-805306368
-788529152
-771751936
-754974720
-738197492
-721420180
-704643072
-687865856
-671088640
-654311424
-637534208
-620756992
-603979776
-587202560
-570425344
-553648128
-536870912
-520093696
-503316480
-486539264
-469762048
-452984832
-436207616
-419430400
-402653184
-385875968
-369098752
-352321536
-335544320
-318767104
-301989888
-285212672
-268435456
-251658240
-234881024
-218103808
-201326592
-184549376
-167772160
-150994944
-134217728
-117440512
-100663296
-83886080
-67108864
-50331648
-33554432
