VFAT2	11
MIN	0
MAX	255
STEP	1
N	1000000
993901
17772252
34548090
51321880
68093124
84859415
101617411
118338342
134991383
151647537
168260943
184845500
201545170
218283985
235031499
251787691
268548150
285312068
302078512
318847136
335618528
352390875
369164672
385938160
402711383
419484969
436259863
453035228
469811127
486586897
503362162
520137380
536912498
553688452
570464666
587241405
604018223
620795114
637572087
654349035
671125791
687902333
704678823
721454880
738231056
755007344
771783693
788560224
805336753
822113061
838889395
855665380
872441179
889216158
905991031
922766435
939541572
956317122
973092875
989868983
1006645399
1023422104
1040198889
1056976150
1073753354
1090530819
1107308107
1124085464
1140862753
1157639989
1174417156
1191194322
1207971385
1224748409
1241525392
1258302375
1275079356
1291856328
1308633336
1325410394
1342187532
1358964635
1375741856
1392519038
1409296306
1426073538
1442850847
1459628186
1476405520
1493182889
1509960194
1526737570
1543514942
1560292163
1577069350
1593846429
1610623497
1627400602
1644177699
1660954730
1677731795
1694508971
1711286131
1728063310
1744840500
1761617699
1778394907
1795172115
1811949331
1828726545
1845503760
1862280976
1879058192
1895835408
1912612624
1929389840
1946167056
1962944272
1979721488
1996498704
2013275920
2030053136
2046830352
2063607568
2080384784
2097162000
2113939216
2130716432
-2147473646
-2130696425
-2113919204
-2097141964
-2080364732
-2063587459
-2046810153
-2030032843
-2013255417
-1996477953
-1979700445
-1962922956
-1946145449
-1929368047
-1912590721
-1895813527
-1879036427
-1862259385
-1845482497
-1828705594
-1811928652
-1795151663
-1778374662
-1761597543
-1744820408
-1728043215
-1711266016
-1694488806
-1677711596
-1660934384
-1644157168
-1627379947
-1610602736
-1593825520
-1577048304
-1560271088
-1543493872
-1526716656
-1509939440
-1493162224
-1476385008
-1459607792
-1442830576
-1426053360
-1409276144
-1392498928
-1375721712
-1358944496
-1342167280
-1325390064
-1308612848
-1291835632
-1275058416
-1258281200
-1241503984
-1224726768
-1207949552
-1191172336
-1174395120
-1157617900
-1140840688
-1124063472
-1107286256
-1090509040
-1073731824
-1056954608
-1040177392
-1023400176
-1006622960
-989845744
-973068528
-956291312
-939514096
-922736880
-905959664
-889182448
-872405232
-855628016
-838850800
-822073584
-805296368
-788519150
-771741927
-754964751
-738188272
-721416740
-704642928
-687865856
-671088640
-654311424
-637534208
-620756992
-603979776
-587202560
-570425344
-553648128
-536870912
-520093696
-503316480
-486539264
-469762048
-452984832
-436207616
-419430400
-402653184
-385875968
-369098752
-352321536
-335544320
-318767104
-301989888
-285212672
-268435456
-251658240
-234881024
-218103808
-201326592
-184549376
-167772160
-150994944
-134217728
-117440512
-100663296
-83886080
-67108864
-50331648
-33554432
