VFAT2	11
MIN	0
MAX	255
STEP	1
N	1000000
996431
17773878
34549939
51324228
68094450
84854189
101603409
118299783
134932743
151595918
168195508
184786426
201506310
218253302
235006742
251764906
268530687
285299870
302071607
318843386
335615763
352387848
369160977
385934534
402708212
419481896
436255721
453029857
469804538
486580157
503356028
520132621
536909245
553686184
570463176
587240383
604017421
620794426
637571083
654347708
671123957
687899933
704676040
721451891
738227838
755003603
771779639
788555450
805331044
822106282
838880760
855655649
872430625
889205840
905981670
922758122
939535126
956312196
973089335
989866712
1006644093
1023421575
1040199038
1056976498
1073753900
1090531208
1107308440
1124085674
1140862794
1157639912
1174416864
1191193869
1207970871
1224747899
1241524802
1258301791
1275078830
1291855925
1308633042
1325410217
1342187417
1358964676
1375741901
1392519169
1409296490
1426073799
1442851164
1459628369
1476405620
1493182845
1509960000
1526737113
1543514245
1560291360
1577068479
1593845630
1610622828
1627399992
1644177198
1660954397
1677731605
1694508818
1711286034
1728063249
1744840464
1761617680
1778394896
1795172112
1811949328
1828726544
1845503760
1862280976
1879058192
1895835408
1912612624
1929389840
1946167056
1962944272
1979721492
1996498714
2013275944
2030053166
2046830421
2063607711
2080385015
2097162403
2113939793
2130717320
-2147472466
-2130694994
-2113917604
-2097140216
-2080362974
-2063585764
-2046808443
-2030031926
-2013254904
-1996478029
-1979700982
-1962923967
-1946146886
-1929369744
-1912592580
-1895815396
-1879038188
-1862260974
-1845483755
-1828706543
-1811929328
-1795152112
-1778374896
-1761597680
-1744820464
-1728043248
-1711266032
-1694488816
-1677711600
-1660934384
-1644157168
-1627379952
-1610602736
-1593825520
-1577048304
-1560271088
-1543493872
-1526716656
-1509939440
-1493162224
-1476385008
-1459607792
-1442830576
-1426053360
-1409276144
-1392498928
-1375721712
-1358944496
-1342167276
-1325390064
-1308612848
-1291835632
-1275058416
-1258281200
-1241503984
-1224726768
-1207949552
-1191172336
-1174395120
-1157617904
-1140840688
-1124063472
-1107286256
-1090509040
-1073731824
-1056954608
-1040177392
-1023400176
-1006622960
-989845744
-973068528
-956291312
-939514088
-922736880
-905959664
-889182448
-872405232
-855628016
-838850797
-822073583
-805296367
-788519231
-771742951
-754970780
-738197372
-721420288
-704643072
-687865856
-671088640
-654311424
-637534208
-620756992
-603979776
-587202560
-570425344
-553648128
-536870912
-520093696
-503316480
-486539264
-469762048
-452984832
-436207616
-419430400
-402653184
-385875968
-369098752
-352321536
-335544320
-318767104
-301989888
-285212672
-268435456
-251658240
-234881024
-218103808
-201326592
-184549376
-167772160
-150994944
-134217728
-117440512
-100663296
-83886080
-67108864
-50331648
-33554432
