VFAT2	11
MIN	0
MAX	255
STEP	1
N	1000000
988939
17769046
34544827
51317875
68088689
84856014
101617479
118357559
135046381
151707523
168336507
184928977
201604484
218322040
235061076
251811088
268566474
285328134
302093856
318861360
335629030
352398857
369170207
385942372
402715062
419489051
436264148
453040576
469817477
486593977
503369969
520145498
536920897
553697286
570473606
587249734
604025816
620801579
637576707
654352381
671127742
687903520
704679752
721456298
738232988
755009639
771786500
788563376
805340311
822117200
838893964
855670693
872447342
889224118
906000626
922777156
939553374
956329174
973104916
989880334
1006655808
1023431049
1040206425
1056982090
1073757649
1090533626
1107309923
1124086568
1140863330
1157640310
1174417472
1191194593
1207971814
1224749053
1241526267
1258303387
1275080450
1291857439
1308634408
1325411301
1342188251
1358965193
1375742208
1392519247
1409296360
1426073539
1442850696
1459627908
1476405140
1493182417
1509959710
1526737019
1543514351
1560291635
1577069199
1593846602
1610623997
1627401366
1644178769
1660956096
1677733329
1694510483
1711287495
1728064574
1744841575
1761618571
1778395598
1795172624
1811949630
1828726785
1845503897
1862281077
1879058247
1895835436
1912612640
1929389851
1946167161
1962944802
1979721531
1996498704
2013275920
2030053136
2046830352
2063607568
2080384788
2097162000
2113939216
2130716432
-2147473648
-2130696432
-2113919216
-2097142000
-2080364784
-2063587568
-2046810352
-2030033132
-2013255920
-1996478704
-1979701488
-1962924268
-1946147055
-1929369838
-1912592612
-1895815389
-1879038169
-1862260913
-1845483644
-1828706297
-1811928935
-1795151523
-1778374024
-1761596473
-1744818951
-1728041441
-1711264079
-1694486742
-1677709519
-1660932495
-1644155475
-1627378551
-1610601664
-1593824763
-1577047806
-1560270830
-1543493715
-1526716586
-1509939408
-1493162215
-1476385007
-1459607789
-1442830574
-1426053360
-1409276140
-1392498928
-1375721712
-1358944496
-1342167280
-1325390064
-1308612848
-1291835632
-1275058416
-1258281200
-1241503984
-1224726768
-1207949552
-1191172336
-1174395120
-1157617904
-1140840688
-1124063472
-1107286256
-1090509040
-1073731824
-1056954608
-1040177392
-1023400176
-1006622960
-989845744
-973068528
-956291312
-939514096
-922736880
-905959664
-889182443
-872405232
-855628016
-838850800
-822073584
-805296368
-788519152
-771741934
-754964717
-738187491
-721410309
-704633604
-687862160
-671088504
-654311424
-637534208
-620756992
-603979776
-587202560
-570425344
-553648128
-536870912
-520093696
-503316480
-486539264
-469762048
-452984832
-436207616
-419430400
-402653184
-385875968
-369098752
-352321536
-335544320
-318767104
-301989888
-285212672
-268435456
-251658240
-234881024
-218103808
-201326592
-184549376
-167772160
-150994944
-134217728
-117440512
-100663296
-83886080
-67108864
-50331648
-33554432
