VFAT2	11
MIN	0
MAX	255
STEP	1
N	1000000
999526
17776982
34553981
51321709
68058903
84780096
101436803
118059846
134767053
151461347
168004851
184667961
201418200
218180723
234952517
251726687
268501558
285276511
302050095
318821701
335593496
352366962
369140984
385915729
402691357
419466453
436241823
453016932
469791790
486566802
503341466
520116032
536890726
553665611
570440591
587215788
603991703
620768016
637544739
654321717
671098867
687876185
704653572
721431056
738208529
754986079
771763515
788541042
805318427
822095823
838873141
855650406
872427658
889204873
905982031
922759147
939536200
956313219
973090167
989866998
1006643988
1023420967
1040197985
1056975265
1073752135
1090529316
1107306587
1124083798
1140861083
1157638313
1174415507
1191192722
1207969869
1224746997
1241524130
1258301297
1275078460
1291855659
1308632870
1325410093
1342187309
1358964570
1375741858
1392519158
1409296558
1426073948
1442851430
1459628865
1476406442
1493183858
1509961102
1526738296
1543515365
1560292345
1577069258
1593846173
1610623177
1627400201
1644177304
1660954461
1677731621
1694508832
1711286038
1728063250
1744840464
1761617680
1778394897
1795172112
1811949328
1828726544
1845503760
1862280976
1879058192
1895835408
1912612624
1929389840
1946167056
1962944272
1979721488
1996498704
2013275920
2030053136
2046830352
2063607568
2080384784
2097162000
2113939216
2130716432
-2147473648
-2130696432
-2113919216
-2097142000
-2080364784
-2063587568
-2046810352
-2030033128
-2013255920
-1996478700
-1979701488
-1962924272
-1946147056
-1929369840
-1912592624
-1895815408
-1879038192
-1862260976
-1845483760
-1828706544
-1811929328
-1795152112
-1778374896
-1761597680
-1744820464
-1728043248
-1711266032
-1694488816
-1677711600
-1660934384
-1644157168
-1627379952
-1610602732
-1593825520
-1577048304
-1560271088
-1543493872
-1526716656
-1509939440
-1493162224
-1476385016
-1459607800
-1442830576
-1426053372
-1409276184
-1392499048
-1375721904
-1358945084
-1342168252
-1325391696
-1308615248
-1291839076
-1275062720
-1258286204
-1241509779
-1224733571
-1207957728
-1191181579
-1174404840
-1157627816
-1140850672
-1124073472
-1107296256
-1090519040
-1073741824
-1056964608
-1040187392
-1023410176
-1006632960
-989855744
-973078528
-956301312
-939524096
-922746880
-905969664
-889192448
-872415232
-855638016
-838860800
-822083584
-805306368
-788529152
-771751936
-754974720
-738197504
-721420288
-704643072
-687865856
-671088640
-654311424
-637534208
-620756992
-603979776
-587202560
-570425344
-553648128
-536870912
-520093696
-503316480
-486539264
-469762048
-452984832
-436207616
-419430400
-402653184
-385875968
-369098752
-352321536
-335544320
-318767104
-301989888
-285212672
-268435456
-251658240
-234881024
-218103808
-201326592
-184549376
-167772160
-150994944
-134217728
-117440512
-100663296
-83886080
-67108864
-50331648
-33554432
