VFAT2	11
MIN	0
MAX	255
STEP	1
N	1000000
999068
17776256
34552695
51327472
68088407
84834527
101562920
118199673
134849132
151528164
168069469
184702183
201449322
218204115
234965568
251734904
268508569
285283018
302057990
318832745
335606351
352378807
369151100
385923022
402696155
419470475
436245973
453022451
469799158
486575879
503352512
520129205
536905702
553682201
570458430
587234338
604010166
620785653
637560906
654335953
671111055
687885836
704660803
721435755
738210840
754986704
771762960
788539688
805316739
822093990
838871287
855648730
872426186
889203757
905981218
922758651
939536078
956313496
973090813
989868089
1006645327
1023422518
1040199714
1056976826
1073753851
1090530793
1107307790
1124084722
1140861650
1157638583
1174415590
1191192633
1207969755
1224746946
1241524161
1258301411
1275078706
1291855938
1308633227
1325410434
1342187693
1358964858
1375742000
1392519185
1409296292
1426073480
1442850642
1459627837
1476405036
1493182231
1509959445
1526736658
1543513874
1560291088
1577068304
1593845524
1610622738
1627399954
1644177170
1660954393
1677731625
1694508855
1711286096
1728063389
1744840709
1761618050
1778395460
1795172962
1811950416
1828728017
1845505438
1862282700
1879059780
1895837020
1912614017
1929390970
1946167876
1962944811
1979721863
1996498901
2013276029
2030053182
2046830374
2063607579
2080384787
2097162001
2113939216
2130716432
-2147473648
-2130696432
-2113919216
-2097142000
-2080364784
-2063587568
-2046810352
-2030033136
-2013255920
-1996478704
-1979701488
-1962924268
-1946147056
-1929369840
-1912592624
-1895815408
-1879038192
-1862260976
-1845483760
-1828706544
-1811929328
-1795152112
-1778374896
-1761597680
-1744820464
-1728043248
-1711266032
-1694488816
-1677711600
-1660934384
-1644157168
-1627379952
-1610602736
-1593825520
-1577048304
-1560271088
-1543493872
-1526716656
-1509939440
-1493162224
-1476385008
-1459607792
-1442830576
-1426053360
-1409276144
-1392498928
-1375721712
-1358944496
-1342167280
-1325390064
-1308612848
-1291835632
-1275058416
-1258281200
-1241503984
-1224726768
-1207949552
-1191172336
-1174395120
-1157617904
-1140840688
-1124063472
-1107286256
-1090509040
-1073731824
-1056954608
-1040177392
-1023400176
-1006622960
-989845756
-973068572
-956291418
-939514451
-922737934
-905962204
-889186623
-872411308
-855636772
-838860696
-822083580
-805306368
-788529152
-771751936
-754974720
-738197504
-721420288
-704643072
-687865856
-671088640
-654311424
-637534208
-620756992
-603979776
-587202560
-570425344
-553648128
-536870912
-520093696
-503316480
-486539264
-469762048
-452984832
-436207616
-419430400
-402653184
-385875968
-369098752
-352321536
-335544320
-318767104
-301989888
-285212672
-268435456
-251658240
-234881024
-218103808
-201326592
-184549376
-167772160
-150994944
-134217728
-117440512
-100663296
-83886080
-67108864
-50331648
-33554432
