VFAT2	11
MIN	0
MAX	255
STEP	1
N	1000000
997319
17774423
34550523
51324983
68094124
84850788
101596983
118279671
134911537
151578812
168167981
184764073
201490766
218240856
234996687
251757275
268524738
285295239
302067788
318840555
335613152
352386316
369159764
385932893
402705899
419479146
436252614
453027076
469802282
486578398
503354744
520131736
536908687
553685729
570462556
587239537
604016400
620793263
637569763
654346057
671122169
687897965
704673979
721450061
738225753
755001030
771776262
788551352
805326221
822101317
838875824
855651192
872427036
889203647
905980402
922757517
939534847
956312152
973089629
989867048
1006644562
1023422020
1040199402
1056976755
1073754044
1090531306
1107308466
1124085596
1140862679
1157639750
1174416704
1191193607
1207970608
1224747558
1241524564
1258301598
1275078683
1291855822
1308632996
1325410199
1342187444
1358964699
1375742000
1392519325
1409296620
1426073884
1442851105
1459628272
1476405462
1493182640
1509959746
1526736873
1543514021
1560291192
1577068373
1593845560
1610622755
1627399960
1644177172
1660954385
1677731600
1694508816
1711286032
1728063249
1744840464
1761617680
1778394896
1795172112
1811949328
1828726544
1845503760
1862280977
1879058193
1895835414
1912612630
1929389863
1946167083
1962944317
1979721577
1996498878
2013276247
2030053639
2046831069
2063608552
2080386039
2097163553
2113940967
2130718231
-2147471910
-2130694758
-2113917856
-2097140908
-2080363985
-2063586989
-2046810037
-2030032926
-2013255815
-1996478648
-1979701463
-1962924257
-1946147049
-1929369840
-1912592624
-1895815408
-1879038192
-1862260972
-1845483760
-1828706544
-1811929328
-1795152112
-1778374896
-1761597680
-1744820464
-1728043248
-1711266032
-1694488816
-1677711600
-1660934384
-1644157168
-1627379952
-1610602736
-1593825520
-1577048304
-1560271088
-1543493872
-1526716656
-1509939440
-1493162224
-1476385008
-1459607792
-1442830576
-1426053360
-1409276144
-1392498928
-1375721712
-1358944496
-1342167280
-1325390064
-1308612848
-1291835632
-1275058416
-1258281200
-1241503984
-1224726768
-1207949552
-1191172336
-1174395120
-1157617904
-1140840688
-1124063472
-1107286256
-1090509040
-1073731824
-1056954608
-1040177392
-1023400176
-1006622960
-989845744
-973068528
-956291312
-939514096
-922736880
-905959664
-889182448
-872405232
-855628016
-838850798
-822073588
-805296549
-788520680
-771748224
-754974560
-738197500
-721420288
-704643072
-687865856
-671088640
-654311424
-637534208
-620756992
-603979776
-587202560
-570425344
-553648128
-536870912
-520093696
-503316480
-486539264
-469762048
-452984832
-436207616
-419430400
-402653184
-385875968
-369098752
-352321536
-335544320
-318767104
-301989888
-285212672
-268435456
-251658240
-234881024
-218103808
-201326592
-184549376
-167772160
-150994944
-134217728
-117440512
-100663296
-83886080
-67108864
-50331648
-33554432
