VFAT2	11
MIN	0
MAX	255
STEP	1
N	1000000
998777
17775919
34552296
51327120
68090451
84838200
101571595
118220532
134864536
151542259
168098250
184714829
201458211
218212848
234971624
251738275
268510388
285284827
302059349
318834027
335607951
352380669
369152936
385925031
402697801
419471492
436246749
453022899
469799736
486576382
503353142
520129943
536906629
553683425
570459759
587236078
604012302
620788117
637563714
654338894
671114245
687889264
704664384
721439222
738213831
754988686
771764515
788540598
805317167
822094010
838871184
855648513
872425809
889203335
905980831
922758309
939535787
956313272
973090628
989867987
1006645281
1023422535
1040199754
1056977289
1073753998
1090531066
1107308063
1124085030
1140861960
1157638906
1174415831
1191192860
1207969879
1224746986
1241524144
1258301352
1275078610
1291855863
1308633116
1325410439
1342187687
1358964930
1375742102
1392519287
1409296411
1426073558
1442850706
1459627885
1476405062
1493182264
1509959463
1526736668
1543513875
1560291091
1577068305
1593845521
1610622736
1627399952
1644177168
1660954384
1677731600
1694508817
1711286044
1728063257
1744840497
1761617736
1778394996
1795172283
1811949650
1828727044
1845504518
1862281990
1879059404
1895836889
1912614286
1929391618
1946168767
1962945800
1979722799
1996499706
2013276658
2030053593
2046830666
2063607733
2080384879
2097162037
2113939230
2130716439
-2147473641
-2130696432
-2113919216
-2097142000
-2080364784
-2063587568
-2046810352
-2030033132
-2013255920
-1996478704
-1979701488
-1962924268
-1946147056
-1929369840
-1912592624
-1895815408
-1879038192
-1862260976
-1845483760
-1828706544
-1811929328
-1795152112
-1778374896
-1761597680
-1744820464
-1728043248
-1711266032
-1694488816
-1677711600
-1660934384
-1644157168
-1627379952
-1610602736
-1593825520
-1577048304
-1560271088
-1543493868
-1526716656
-1509939440
-1493162224
-1476385008
-1459607792
-1442830576
-1426053360
-1409276144
-1392498928
-1375721712
-1358944496
-1342167280
-1325390064
-1308612848
-1291835632
-1275058416
-1258281200
-1241503984
-1224726768
-1207949552
-1191172336
-1174395120
-1157617904
-1140840688
-1124063472
-1107286256
-1090509040
-1073731824
-1056954608
-1040177392
-1023400176
-1006622960
-989845744
-973068528
-956291312
-939514108
-922736898
-905959815
-889183065
-872407037
-855632076
-838857508
-822083092
-805306360
-788529152
-771751936
-754974720
-738197504
-721420288
-704643072
-687865856
-671088640
-654311424
-637534208
-620756992
-603979776
-587202560
-570425344
-553648128
-536870912
-520093696
-503316480
-486539264
-469762048
-452984832
-436207616
-419430400
-402653184
-385875968
-369098752
-352321536
-335544320
-318767104
-301989888
-285212672
-268435456
-251658240
-234881024
-218103808
-201326592
-184549376
-167772160
-150994944
-134217728
-117440512
-100663296
-83886080
-67108864
-50331648
-33554432
