VFAT2	11
MIN	0
MAX	255
STEP	1
N	1000000
978443
17760902
34537315
51309634
68078154
84843662
101606454
118359053
135089248
151782730
168433858
185047225
201708295
218408552
235130051
251867828
268616399
285371510
302130184
318893895
335657535
352422140
369188643
385956928
402726852
419499455
436273098
453046946
469821398
486595537
503369900
520145464
536921722
553699088
570476632
587253849
604030795
620808409
637585710
654363619
671141491
687918710
704695481
721471557
738247625
755023921
771800129
788576489
805352991
822129511
838905734
855681256
872456684
889231978
906007483
922783491
939559900
956336456
973113013
989889574
1006665874
1023441927
1040217880
1056993074
1073768034
1090543052
1107318254
1124093098
1140868262
1157643476
1174419488
1191195928
1207972488
1224749218
1241526259
1258303576
1275080738
1291857947
1308635224
1325412507
1342189729
1358966961
1375744180
1392521416
1409298635
1426075842
1442853039
1459630241
1476407414
1493184595
1509961753
1526738918
1543516035
1560293064
1577070158
1593847192
1610624301
1627401418
1644178922
1660955676
1677732941
1694510220
1711287568
1728064874
1744842266
1761619727
1778397064
1795174337
1811951644
1828728890
1845506143
1862283363
1879060500
1895837598
1912614620
1929391653
1946168675
1962945642
1979722473
1996499477
2013276488
2030053542
2046830616
2063607766
2080384917
2097162079
2113939276
2130716472
-2147473632
-2130696422
-2113919209
-2097141994
-2080364783
-2063587568
-2046810352
-2030033136
-2013255920
-1996478704
-1979701488
-1962924268
-1946147056
-1929369840
-1912592624
-1895815408
-1879038192
-1862260976
-1845483760
-1828706544
-1811929328
-1795152112
-1778374896
-1761597680
-1744820464
-1728043248
-1711266032
-1694488815
-1677711598
-1660934379
-1644157165
-1627379933
-1610602703
-1593825457
-1577048169
-1560270850
-1543493468
-1526715979
-1509938469
-1493160954
-1476383362
-1459605908
-1442828478
-1426051180
-1409273989
-1392496950
-1375719976
-1358943092
-1342166242
-1325389354
-1308612430
-1291835415
-1275058317
-1258281158
-1241503970
-1224726766
-1207949550
-1191172336
-1174395120
-1157617904
-1140840688
-1124063472
-1107286256
-1090509040
-1073731824
-1056954608
-1040177392
-1023400176
-1006622960
-989845744
-973068528
-956291312
-939514096
-922736880
-905959664
-889182448
-872405232
-855628016
-838850800
-822073584
-805296368
-788519152
-771741936
-754964720
-738187502
-721410287
-704633058
-687855855
-671078640
-654301684
-637529680
-620756848
-603979776
-587202560
-570425344
-553648128
-536870912
-520093696
-503316480
-486539264
-469762048
-452984832
-436207616
-419430400
-402653184
-385875968
-369098752
-352321536
-335544320
-318767104
-301989888
-285212672
-268435456
-251658240
-234881024
-218103808
-201326592
-184549376
-167772160
-150994944
-134217728
-117440512
-100663296
-83886080
-67108864
-50331648
-33554432
