VFAT2	11
MIN	0
MAX	255
STEP	1
N	1000000
993544
17773116
34547677
51317982
68078546
84814447
101449856
118066099
134642576
151236921
167952528
184693867
201440530
218196271
234960951
251730030
268502238
285275562
302048712
318822693
335597351
352373003
369149549
385925654
402702146
419477331
436251749
453025673
469799281
486573472
503348635
520123792
536899663
553675646
570452217
587228619
604005242
620781857
637558399
654334988
671111743
687888681
704665634
721442493
738219148
754995585
771771643
788547334
805322890
822098494
838874769
855651520
872428165
889205144
905982257
922759424
939536622
956313813
973091002
989868209
1006645398
1023422550
1040199693
1056976801
1073753830
1090530820
1107307833
1124084740
1140861735
1157638670
1174415689
1191192696
1207969861
1224747025
1241524255
1258301594
1275078919
1291856321
1308633762
1325411218
1342188614
1358966032
1375743427
1392520916
1409297556
1426074563
1442851493
1459628511
1476405473
1493182520
1509959640
1526736767
1543513968
1560291191
1577068459
1593845701
1610623021
1627400317
1644177699
1660955037
1677732415
1694509736
1711287088
1728064447
1744841779
1761619129
1778396523
1795173899
1811951354
1828728766
1845506061
1862283375
1879060653
1895837875
1912615074
1929392241
1946169408
1962946534
1979723631
1996500744
2013277745
2030054873
2046831876
2063608899
2080385829
2097162795
2113939763
2130716764
-2147473485
-2130696345
-2113919180
-2097141988
-2080364779
-2063587567
-2046810352
-2030033136
-2013255920
-1996478704
-1979701488
-1962924272
-1946147056
-1929369840
-1912592624
-1895815408
-1879038192
-1862260976
-1845483760
-1828706544
-1811929328
-1795152112
-1778374896
-1761597680
-1744820464
-1728043248
-1711266032
-1694488816
-1677711604
-1660934408
-1644157284
-1627380416
-1610604444
-1593830388
-1577056560
-1560280732
-1543503844
-1526726644
-1509949440
-1493172224
-1476395008
-1459617792
-1442840576
-1426063360
-1409286144
-1392508928
-1375731712
-1358954496
-1342177280
-1325400064
-1308622848
-1291845632
-1275068416
-1258291200
-1241513984
-1224736768
-1207959552
-1191182336
-1174405120
-1157627904
-1140850688
-1124073472
-1107296256
-1090519040
-1073741824
-1056964608
-1040187392
-1023410176
-1006632960
-989855744
-973078528
-956301312
-939524096
-922746880
-905969664
-889192448
-872415232
-855638016
-838860800
-822083584
-805306368
-788529152
-771751936
-754974720
-738197504
-721420288
-704643072
-687865856
-671088640
-654311424
-637534208
-620756992
-603979776
-587202560
-570425344
-553648128
-536870912
-520093696
-503316480
-486539264
-469762048
-452984832
-436207616
-419430400
-402653184
-385875968
-369098752
-352321536
-335544320
-318767104
-301989888
-285212672
-268435456
-251658240
-234881024
-218103808
-201326592
-184549376
-167772160
-150994944
-134217728
-117440512
-100663296
-83886080
-67108864
-50331648
-33554432
