VFAT2	11
MIN	0
MAX	255
STEP	1
N	1000000
996016
17773521
34550535
51326874
68102170
84876295
101647058
118414122
135173387
151918322
168627548
185317132
201989112
218599176
235228281
251925495
268656219
285396479
302144718
318900894
335660577
352424644
369191205
385959180
402730069
419501027
436273954
453046581
469820418
486593509
503367385
520141038
536914949
553689264
570464624
587240583
604016761
620793371
637570102
654346880
671123823
687900812
704677745
721454706
738231652
755008536
771785235
788561661
805338136
822114331
838890573
855666684
872442901
889219203
905996194
922772571
939548976
956325555
973102270
989879165
1006656138
1023433089
1040210205
1056987239
1073764395
1090541583
1107318788
1124095975
1140873189
1157650410
1174427612
1191204826
1207982029
1224759245
1241536388
1258313543
1275090540
1291867282
1308643835
1325419775
1342196077
1358971388
1375747436
1392523437
1409299987
1426076556
1442853482
1459630543
1476407627
1493184768
1509961964
1526739160
1543516372
1560293588
1577070801
1593848020
1610625234
1627402450
1644179661
1660956869
1677734073
1694511248
1711288415
1728065512
1744842628
1761619603
1778396649
1795173588
1811950567
1828727530
1845504581
1862281808
1879058768
1895835663
1912612745
1929389899
1946167086
1962944290
1979721495
1996498707
2013275924
2030053136
2046830352
2063607568
2080384784
2097162000
2113939216
2130716432
-2147473648
-2130696432
-2113919216
-2097141998
-2080364781
-2063587563
-2046810341
-2030033110
-2013255851
-1996478612
-1979701320
-1962923976
-1946146630
-1929369199
-1912591722
-1895814258
-1879036729
-1862259285
-1845481859
-1828704451
-1811927096
-1795149791
-1778372603
-1761595450
-1744818336
-1728041333
-1711264440
-1694487566
-1677710690
-1660933781
-1644156818
-1627379737
-1610602622
-1593825468
-1577048280
-1560271079
-1543493870
-1526716656
-1509939438
-1493162224
-1476385008
-1459607792
-1442830576
-1426053360
-1409276140
-1392498928
-1375721712
-1358944496
-1342167280
-1325390064
-1308612848
-1291835632
-1275058416
-1258281200
-1241503984
-1224726768
-1207949552
-1191172336
-1174395120
-1157617904
-1140840688
-1124063472
-1107286256
-1090509040
-1073731824
-1056954608
-1040177392
-1023400176
-1006622960
-989845744
-973068528
-956291307
-939514096
-922736880
-905959664
-889182448
-872405232
-855628016
-838850800
-822073584
-805296368
-788519152
-771741936
-754964720
-738187504
-721410288
-704633072
-687855856
-671078640
-654301424
-637524208
-620746992
-603969776
-587192560
-570415344
-553638128
-536860912
-520083696
-503306480
-486529264
-469752048
-452974832
-436197612
-419420400
-402643184
-385865964
-369088752
-352311536
-335534320
-318757104
-301979888
-285202672
-268425456
-251648240
-234871024
-218093808
-201316592
-184539376
-167762160
-150984944
-134207728
-117430512
-100653296
-83876080
-67098864
-50321648
-33544432
