VFAT2	11
MIN	0
MAX	255
STEP	1
N	1000000
997146
17774566
34551519
51328568
68104758
84881094
101657093
118431678
135201601
151967620
168725755
185464100
202168179
218861085
235534654
252180794
268840542
285536006
302261830
318995851
335739294
352484694
369239374
386002073
402763394
419527271
436294519
453065990
469840059
486613652
503387349
520160867
536933998
553707627
570481242
587254989
604028698
620803376
637578312
654353967
671130037
687906346
704683015
721459708
738236183
755012682
771789208
788565713
805342493
822119154
838895960
855672902
872449789
889226514
906003093
922778726
939554344
956329645
973105383
989881268
1006657417
1023433931
1040210797
1056987662
1073764580
1090541693
1107318836
1124096036
1140873201
1157650408
1174427624
1191204840
1207982052
1224759268
1241536484
1258313700
1275090916
1291868132
1308645348
1325422564
1342199780
1358976996
1375754212
1392531428
1409308644
1426085860
1442863080
1459640296
1476417508
1493194720
1509971920
1526749116
1543526276
1560303408
1577080444
1593857336
1610633824
1627410200
1644186460
1660962476
1677738552
1694514540
1711290764
1728067172
1744844000
1761620664
1778397624
1795174720
1811951872
1828729080
1845506272
1862283488
1879060695
1895837907
1912615122
1929392339
1946169548
1962946737
1979723940
1996501134
2013278268
2030055399
2046832417
2063609471
2080386452
2097163434
2113940315
2130717346
-2147472912
-2130695950
-2113918919
-2097141788
-2080364684
-2063587497
-2046810321
-2030033119
-2013255915
-1996478697
-1979701484
-1962924270
-1946147056
-1929369838
-1912592623
-1895815403
-1879038180
-1862260955
-1845483717
-1828706449
-1811929115
-1795151818
-1778374415
-1761597018
-1744819448
-1728041944
-1711264441
-1694486876
-1677709261
-1660932199
-1644154881
-1627377655
-1610600490
-1593823475
-1577046469
-1560269609
-1543492710
-1526715796
-1509938884
-1493161896
-1476384845
-1459607706
-1442830528
-1426053341
-1409276133
-1392498924
-1375721712
-1358944496
-1342167280
-1325390064
-1308612848
-1291835632
-1275058416
-1258281200
-1241503984
-1224726768
-1207949552
-1191172336
-1174395120
-1157617904
-1140840688
-1124063472
-1107286256
-1090509040
-1073731824
-1056954608
-1040177392
-1023400176
-1006622960
-989845744
-973068528
-956291312
-939514096
-922736880
-905959664
-889182448
-872405232
-855628016
-838850800
-822073584
-805296368
-788519152
-771741936
-754964720
-738187504
-721410288
-704633072
-687855856
-671078640
-654301424
-637524208
-620746992
-603969776
-587192560
-570415344
-553638128
-536860908
-520083696
-503306480
-486529264
-469752048
-452974832
-436197616
-419420400
-402643184
-385865968
-369088752
-352311536
-335534320
-318757104
-301979888
-285202672
-268425456
-251648240
-234871024
-218093808
-201316592
-184539376
-167762160
-150984944
-134207736
-117430656
-100655152
-83882076
-67108608
-50331648
-33554432
