VFAT2	11
MIN	0
MAX	255
STEP	1
N	1000000
998326
17775680
34552943
51330232
68107426
84884568
101661665
118438688
135215873
151992881
168769526
185545214
202319121
219090446
235857703
252619739
269373556
286114524
302834634
319543280
336230616
352910978
369580086
386265893
402960493
419689613
436430582
453180688
469936190
486695782
503457899
520221104
536984532
553750319
570516394
587286693
604058587
620833052
637607832
654383077
671159132
687935331
704711783
721486718
738262575
755038520
771814431
788590308
805365929
822141812
838917603
855693156
872468499
889243730
906019509
922796194
939573020
956349811
973126777
989904075
1006681208
1023458381
1040235632
1057012917
1073790210
1090567619
1107344989
1124122053
1140899285
1157675788
1174452424
1191228323
1208003520
1224778384
1241553444
1258328587
1275103524
1291879307
1308655035
1325430757
1342206512
1358983006
1375759740
1392536574
1409313608
1426090665
1442867757
1459644877
1476421979
1493199056
1509976146
1526753255
1543530355
1560307461
1577084542
1593861656
1610638734
1627415838
1644192851
1660969886
1677746935
1694523949
1711300993
1728077979
1744854937
1761631868
1778408593
1795185072
1811961496
1828737512
1845513222
1862288705
1879064258
1895840031
1912616289
1929392789
1946169821
1962946829
1979724020
1996501208
2013278420
2030055635
2046832847
2063610052
2080387223
2097164310
2113941310
2130718183
-2147472365
-2130695667
-2113918872
-2097141872
-2080364754
-2063587564
-2046810351
-2030033128
-2013255873
-1996478498
-1979700939
-1962923072
-1946145496
-1929368815
-1912592259
-1895815356
-1879038191
-1862260976
-1845483760
-1828706544
-1811929328
-1795152112
-1778374896
-1761597676
-1744820464
-1728043248
-1711266032
-1694488816
-1677711600
-1660934384
-1644157168
-1627379952
-1610602736
-1593825596
-1577056752
-1560281088
-1543503872
-1526726656
-1509949440
-1493172224
-1476395008
-1459617792
-1442840576
-1426063360
-1409286144
-1392508928
-1375731712
-1358954496
-1342177280
-1325400064
-1308622848
-1291845632
-1275068416
-1258291200
-1241513984
-1224736768
-1207959552
-1191182336
-1174405120
-1157627904
-1140850688
-1124073472
-1107296256
-1090519040
-1073741824
-1056964608
-1040187392
-1023410176
-1006632960
-989855744
-973078528
-956301312
-939524096
-922746880
-905969664
-889192448
-872415232
-855638016
-838860800
-822083584
-805306368
-788529152
-771751936
-754974720
-738197504
-721420288
-704643072
-687865856
-671088640
-654311424
-637534208
-620756992
-603979776
-587202560
-570425344
-553648128
-536870912
-520093696
-503316480
-486539264
-469762048
-452984832
-436207616
-419430400
-402653184
-385875968
-369098752
-352321536
-335544320
-318767104
-301989888
-285212672
-268435456
-251658240
-234881024
-218103808
-201326592
-184549376
-167772160
-150994944
-134217728
-117440512
-100663296
-83886080
-67108864
-50331648
-33554432
