VFAT2	11
MIN	0
MAX	255
STEP	1
N	1000000
998315
17775596
34552725
51329898
68106885
84883986
101660964
118437866
135214808
151990622
168763918
185533097
202295866
219048338
235783739
252494886
269194218
285881474
302553373
319219267
335900839
352609693
369338821
386081270
402832358
419585062
436343628
453108471
469877943
486648350
503416173
520184814
536954683
553727293
570500255
587273172
604046386
620819718
637593804
654368212
671143688
687919167
704695369
721471900
738248770
755025722
771802569
788579692
805356731
822133753
838910801
855687833
872464620
889241413
906018235
922794867
939571237
956347713
973124290
989900431
1006676624
1023452647
1040228681
1057004667
1073780863
1090557023
1107333159
1124109150
1140885190
1157660736
1174436258
1191212188
1207988091
1224764307
1241540722
1258317182
1275093811
1291870492
1308647257
1325424128
1342201059
1358977934
1375754945
1392532006
1409309078
1426086160
1442863300
1459640455
1476417621
1493194802
1509971985
1526749180
1543526384
1560303603
1577080815
1593858027
1610635238
1627412456
1644189670
1660966887
1677744102
1694521316
1711298532
1728075732
1744852948
1761630144
1778407304
1795184508
1811961424
1828738352
1845515120
1862291512
1879067996
1895844092
1912620280
1929395944
1946172276
1962948652
1979725144
1996501996
2013278792
2030055860
2046832944
2063610104
2080387320
2097164516
2113941718
2130718931
-2147471150
-2130693939
-2113916735
-2097139545
-2080362368
-2063585255
-2046808157
-2030031181
-2013254240
-1996477249
-1979700396
-1962923456
-1946146497
-1929369466
-1912592393
-1895815286
-1879038106
-1862260934
-1845483742
-1828706538
-1811929320
-1795152104
-1778374879
-1761597654
-1744820393
-1728043089
-1711265741
-1694488288
-1677710750
-1660933179
-1644155634
-1627378141
-1610600634
-1593823459
-1577046321
-1560269420
-1543492609
-1526715811
-1509938942
-1493161989
-1476384910
-1459607750
-1442830566
-1426053358
-1409276144
-1392498928
-1375721712
-1358944496
-1342167280
-1325390064
-1308612848
-1291835632
-1275058416
-1258281200
-1241503984
-1224726768
-1207949552
-1191172336
-1174395116
-1157617812
-1140840266
-1124063396
-1107286256
-1090509040
-1073731824
-1056954608
-1040177392
-1023400176
-1006622960
-989845744
-973068528
-956291312
-939514096
-922736880
-905959664
-889182448
-872405232
-855628016
-838850800
-822073584
-805299184
-788528928
-771751936
-754974720
-738197504
-721420288
-704643072
-687865856
-671088640
-654311424
-637534208
-620756992
-603979776
-587202560
-570425344
-553648128
-536870912
-520093696
-503316480
-486539264
-469762048
-452984832
-436207616
-419430400
-402653184
-385875968
-369098752
-352321536
-335544320
-318767104
-301989888
-285212672
-268435456
-251658240
-234881024
-218103808
-201326592
-184549376
-167772160
-150994944
-134217728
-117440512
-100663296
-83886080
-67108864
-50331648
-33554432
