VFAT2	11
MIN	0
MAX	255
STEP	1
N	1000000
995780
17773271
34549532
51324504
68097241
84864760
101626953
118374532
135077215
151745200
168405946
184975703
201609727
218321646
235058784
251813345
268572249
285331696
302094932
318861848
335630193
352399356
369169000
385940362
402712742
419486397
436260353
453034946
469809832
486584443
503359792
520134709
536910524
553686512
570463234
587239984
604017098
620794141
637571326
654348500
671125517
687902607
704679577
721456504
738233118
755009756
771786322
788562716
805339232
822115561
838891949
855667986
872443524
889218891
905994067
922768724
939543977
956319318
973094502
989870057
1006646034
1023422520
1040199147
1056976046
1073753182
1090530402
1107307860
1124085339
1140862679
1157639969
1174417220
1191194396
1207971515
1224748545
1241525511
1258302388
1275079394
1291856386
1308633479
1325410549
1342187875
1358964683
1375741834
1392519064
1409296332
1426073560
1442850902
1459628150
1476405463
1493182837
1509960119
1526737345
1543514537
1560291704
1577068863
1593846001
1610623089
1627400185
1644177343
1660954490
1677731675
1694508844
1711286052
1728063254
1744840474
1761617681
1778394900
1795172115
1811949328
1828726544
1845503760
1862280976
1879058192
1895835408
1912612624
1929389840
1946167056
1962944272
1979721488
1996498704
2013275920
2030053136
2046830353
2063607569
2080384785
2097162001
2113939222
2130716450
-2147473609
-2130696389
-2113919117
-2097141856
-2080364498
-2063587170
-2046809749
-2030032292
-2013254845
-1996477390
-1979700013
-1962922677
-1946145472
-1929368384
-1912591328
-1895814368
-1879037442
-1862260494
-1845483413
-1828706332
-1811929218
-1795152064
-1778374872
-1761597671
-1744820458
-1728043246
-1711266032
-1694488816
-1677711600
-1660934384
-1644157168
-1627379952
-1610602736
-1593825520
-1577048304
-1560271088
-1543493872
-1526716656
-1509939440
-1493162224
-1476385008
-1459607792
-1442830576
-1426053360
-1409276144
-1392498928
-1375721712
-1358944491
-1342167280
-1325390064
-1308612848
-1291835632
-1275058416
-1258281200
-1241503984
-1224726768
-1207949552
-1191172336
-1174395120
-1157617904
-1140840688
-1124063472
-1107286256
-1090509040
-1073731824
-1056954608
-1040177392
-1023400176
-1006622960
-989845744
-973068528
-956291312
-939514096
-922736880
-905959664
-889182448
-872405232
-855628016
-838850800
-822073584
-805296368
-788519152
-771741936
-754964720
-738187504
-721410288
-704633072
-687855856
-671078640
-654301424
-637524208
-620746992
-603969776
-587192560
-570415346
-553638515
-536865028
-520093284
-503316480
-486539264
-469762048
-452984832
-436207616
-419430400
-402653184
-385875968
-369098752
-352321536
-335544320
-318767104
-301989888
-285212672
-268435456
-251658240
-234881024
-218103808
-201326592
-184549376
-167772160
-150994944
-134217728
-117440512
-100663296
-83886080
-67108864
-50331648
-33554432
