VFAT2	11
MIN	0
MAX	255
STEP	1
N	1000000
992792
17773393
34545563
51308136
68038034
84631764
101206273
117734637
134403952
151132147
167878734
184636152
201403362
218175559
234949823
251724787
268499307
285272090
302043584
318816796
335590280
352364003
369138386
385912039
402686373
419461583
436236220
453012201
469788198
486564554
503341272
520118149
536895046
553671856
570448557
587224980
604001524
620778070
637554690
654331067
671107197
687883024
704658252
721433862
738209958
754986098
771762619
788539507
805316550
822093666
838870849
855648020
872425232
889202448
905979664
922756880
939534096
956311312
973088528
989865744
1006642960
1023420176
1040197392
1056974608
1073751824
1090529040
1107306256
1124083472
1140860688
1157637904
1174415120
1191192336
1207969552
1224746768
1241523984
1258301200
1275078416
1291855632
1308632848
1325410064
1342187280
1358964496
1375741712
1392518928
1409296144
1426073360
1442850576
1459627792
1476405008
1493182224
1509959440
1526736656
1543513872
1560291088
1577068304
1593845520
1610622736
1627399952
1644177168
1660954384
1677731600
1694508816
1711286032
1728063248
1744840464
1761617680
1778394896
1795172108
1811949320
1828726484
1845503548
1862280160
1879056424
1895832056
1912607680
1929382924
1946158432
1962934764
1979711612
1996488728
2013265928
2030043136
2046820352
2063597568
2080374784
2097152000
2113929216
2130706432
-2147483648
-2130706432
-2113929216
-2097152000
-2080374784
-2063597568
-2046820352
-2030043136
-2013265920
-1996488704
-1979711488
-1962934272
-1946157056
-1929379840
-1912602624
-1895825408
-1879048192
-1862270976
-1845493760
-1828716544
-1811939328
-1795162112
-1778384896
-1761607636
-1744830248
-1728053200
-1711276032
-1694498816
-1677721600
-1660944384
-1644167168
-1627389952
-1610612736
-1593835520
-1577058304
-1560281088
-1543503872
-1526726656
-1509949440
-1493172224
-1476395008
-1459617792
-1442840576
-1426063360
-1409286144
-1392508928
-1375731712
-1358954496
-1342177280
-1325400064
-1308622848
-1291845632
-1275068416
-1258291200
-1241513984
-1224736768
-1207959552
-1191182336
-1174405120
-1157627904
-1140850688
-1124073472
-1107296256
-1090519040
-1073741824
-1056964608
-1040187392
-1023410176
-1006632960
-989855744
-973078528
-956301312
-939524096
-922746880
-905969664
-889192448
-872415232
-855638016
-838860800
-822083584
-805306368
-788529152
-771751936
-754974720
-738197504
-721420288
-704643072
-687865856
-671088640
-654311424
-637534208
-620756992
-603979776
-587202560
-570425344
-553648128
-536870912
-520093696
-503316480
-486539264
-469762048
-452984832
-436207616
-419430400
-402653184
-385875968
-369098752
-352321536
-335544320
-318767104
-301989888
-285212672
-268435456
-251658240
-234881024
-218103808
-201326592
-184549376
-167772160
-150994944
-134217728
-117440512
-100663296
-83886080
-67108864
-50331648
-33554432
