VFAT2	11
MIN	0
MAX	255
STEP	1
N	1000000
996242
17773740
34550795
51327641
68103777
84879288
101654084
118425334
135190298
151949322
168690428
185403951
202092896
218771956
235401560
252051446
268749549
285464656
302198360
318943423
335698714
352453856
369210305
385974868
402742862
419512845
436285176
453058007
469831465
486605145
503378254
520151526
536924074
553697010
570470842
587245919
604021238
620797309
637573302
654349637
671126400
687902913
704679557
721456246
738232891
755009842
771786846
788563775
805340669
822117359
838893827
855669774
872445286
889220612
905995828
922771861
939548149
956324950
973101824
989878662
1006655773
1023432914
1040210031
1056987170
1073764344
1090541568
1107318760
1124095976
1140873188
1157650408
1174427620
1191204836
1207982052
1224759268
1241536484
1258313700
1275090916
1291868132
1308645348
1325422564
1342199776
1358976988
1375754200
1392531376
1409308504
1426085532
1442862500
1459639184
1476415496
1493191540
1509967612
1526743768
1543519548
1560295781
1577072180
1593848816
1610625668
1627402648
1644179815
1660956928
1677734120
1694511328
1711288536
1728065752
1744842964
1761620180
1778397395
1795174608
1811951814
1828729014
1845506211
1862283370
1879060511
1895837624
1912614669
1929391676
1946168627
1962945614
1979722607
1996499518
2013276541
2030053544
2046830651
2063607755
2080384900
2097162062
2113939251
2130716448
-2147473643
-2130696427
-2113919212
-2097141999
-2080364783
-2063587567
-2046810239
-2030033102
-2013255338
-1996478616
-1979701485
-1962924262
-1946147023
-1929369777
-1912592538
-1895815224
-1879037925
-1862260523
-1845483088
-1828705624
-1811928099
-1795150635
-1778373136
-1761595698
-1744818301
-1728040979
-1711263712
-1694486462
-1677709325
-1660932243
-1644155206
-1627378340
-1610601437
-1593824609
-1577047667
-1560270716
-1543493648
-1526716537
-1509939379
-1493162203
-1476384995
-1459607789
-1442830574
-1426053360
-1409276143
-1392498928
-1375721712
-1358944496
-1342167280
-1325390064
-1308612848
-1291835632
-1275058416
-1258281200
-1241503984
-1224726768
-1207949552
-1191172332
-1174395120
-1157617904
-1140840688
-1124063472
-1107286256
-1090509040
-1073731824
-1056954608
-1040177392
-1023400176
-1006622960
-989845744
-973068528
-956291312
-939514096
-922736880
-905959664
-889182448
-872405232
-855628016
-838850800
-822073584
-805296368
-788519152
-771741936
-754964720
-738187504
-721410288
-704633072
-687855856
-671078640
-654301424
-637524208
-620746988
-603969776
-587192560
-570415344
-553638128
-536860912
-520083696
-503306480
-486529264
-469752048
-452974832
-436197616
-419420400
-402643184
-385865968
-369088752
-352311536
-335534320
-318757104
-301979888
-285202672
-268425456
-251648240
-234871024
-218093808
-201316592
-184539376
-167762160
-150984944
-134207728
-117430512
-100653296
-83876080
-67098864
-50321648
-33544432
