VFAT2	11
MIN	0
MAX	255
STEP	1
N	1000000
987976
17771991
34538228
51268741
67849056
84389737
100933957
117612305
134335209
151085079
167846681
184613402
201383730
218155501
234928254
251700973
268474046
285247388
302021374
318796180
335573044
352350213
369126881
385902681
402678650
419454804
436230966
453007281
469783614
486560169
503336942
520113930
536890969
553668036
570444647
587221353
603997205
620773047
637548725
654324474
671100584
687876852
704653568
721430466
738207570
754984742
771761945
788539154
805316383
822093594
838870773
855648021
872425237
889202448
905979664
922756881
939534097
956311312
973088528
989865744
1006642960
1023420176
1040197392
1056974608
1073751824
1090529040
1107306256
1124083472
1140860688
1157637904
1174415116
1191192312
1207969492
1224746532
1241523324
1258300048
1275076436
1291852472
1308628208
1325403792
1342179688
1358955784
1375732308
1392509172
1409286260
1426063372
1442840576
1459617792
1476395008
1493172224
1509949440
1526726656
1543503872
1560281088
1577058304
1593835520
1610612736
1627389952
1644167168
1660944384
1677721600
1694498816
1711276032
1728053248
1744830464
1761607680
1778384896
1795162112
1811939328
1828716544
1845493760
1862270976
1879048192
1895825408
1912602624
1929379840
1946157056
1962934272
1979711488
1996488704
2013265920
2030043136
2046820352
2063597568
2080374784
2097152000
2113929216
2130706432
-2147483648
-2130706432
-2113929216
-2097152000
-2080374784
-2063597568
-2046820352
-2030043136
-2013265920
-1996488704
-1979711488
-1962934272
-1946157056
-1929379840
-1912602624
-1895825408
-1879048192
-1862270976
-1845493760
-1828716544
-1811939328
-1795162112
-1778384896
-1761607680
-1744830464
-1728053248
-1711276032
-1694498816
-1677721600
-1660944384
-1644167168
-1627389952
-1610612736
-1593835520
-1577058304
-1560281088
-1543503872
-1526726656
-1509949440
-1493172224
-1476395008
-1459617792
-1442840576
-1426063360
-1409286144
-1392508928
-1375731712
-1358954496
-1342177280
-1325400064
-1308622848
-1291845632
-1275068416
-1258291200
-1241513984
-1224736768
-1207959552
-1191182336
-1174405120
-1157627904
-1140850688
-1124073472
-1107296256
-1090519040
-1073741824
-1056964608
-1040187392
-1023410176
-1006632960
-989855744
-973078528
-956301312
-939524096
-922746880
-905969664
-889192448
-872415232
-855638016
-838860800
-822083584
-805306368
-788529152
-771751936
-754974720
-738197504
-721420288
-704643072
-687865856
-671088640
-654311424
-637534208
-620756992
-603979776
-587202560
-570425344
-553648128
-536870912
-520093696
-503316480
-486539264
-469762048
-452984832
-436207616
-419430400
-402653184
-385875968
-369098752
-352321536
-335544320
-318767104
-301989888
-285212672
-268435456
-251658240
-234881024
-218103808
-201326592
-184549376
-167772160
-150994944
-134217728
-117440512
-100663296
-83886080
-67108864
-50331648
-33554432
