Type	threshold
OptoHybrid	0
VFAT2	11
min	0
max	255
step	1
n	1000000
----
slot	11
ctrl0	55
ctrl1	0
ctrl2	48
ctrl3	0
iPreampIn	168
iPremapFeed	80
iPreampOut	150
iShaper	150
iShaperFeed	100
iComp	75
chipId0	175
chipId1	250
latency	0
vthreshold1	140
vthreshold2	0
vcal	0
calphase	0
----
995507
17771114
34544462
51313444
68021526
84611436
101166447
117787884
134462424
151177847
167916057
184668340
201429728
218197367
234967942
251740106
268513144
285286351
302058686
318831573
335605018
352378458
369152704
385927308
402702163
419477026
436251986
453027200
469802818
486579243
503355624
520132484
536909206
553686255
570463096
587240048
604016872
620793722
637570344
654346903
671123339
687899779
704676230
721452563
738229050
755005460
771781848
788557756
805333684
822109227
838884737
855660942
872436538
889212820
905988557
922764405
939540687
956316506
973092980
989869340
1006645950
1023422556
1040199407
1056976333
1073753323
1090530252
1107307243
1124084237
1140861251
1157638346
1174415461
1191192575
1207969745
1224746888
1241524109
1258301343
1275078597
1291855896
1308633216
1325410579
1342187885
1358965267
1375742691
1392520036
1409297386
1426074671
1442851867
1459628963
1476406049
1493183097
1509960088
1526737131
1543514215
1560291317
1577068441
1593845598
1610622779
1627399974
1644177181
1660954389
1677731600
1694508816
1711286034
1728063248
1744840464
1761617680
1778394896
1795172112
1811949328
1828726544
1845503760
1862280976
1879058193
1895835408
1912612625
1929389841
1946167058
1962944275
1979721493
1996498708
2013275931
2030053147
2046830374
2063607595
2080384832
2097162069
2113939324
2130716601
-2147473480
-2130696144
-2113918914
-2097141552
-2080364302
-2063587007
-2046809768
-2030032398
-2013255281
-1996478112
-1979700935
-1962923777
-1946146646
-1929369516
-1912592379
-1895815252
-1879038073
-1862260790
-1845483713
-1828706512
-1811929308
-1795152102
-1778374888
-1761597676
-1744820463
-1728043248
-1711266031
-1694488816
-1677711600
-1660934384
-1644157168
-1627379952
-1610602736
-1593825520
-1577048304
-1560271088
-1543493872
-1526716656
-1509939440
-1493162224
-1476385008
-1459607792
-1442830576
-1426053360
-1409276144
-1392498624
-1375721670
-1358944496
-1342167280
-1325390064
-1308612848
-1291835632
-1275058416
-1258281200
-1241503984
-1224726630
-1207949550
-1191172336
-1174395120
-1157617904
-1140840688
-1124063472
-1107286256
-1090509040
-1073731824
-1056954608
-1040177392
-1023400176
-1006622960
-989845744
-973068528
-956291312
-939514096
-922736880
-905959664
-889182448
-872405232
-855628016
-838850800
-822073584
-805296368
-788519149
-771742153
-754968316
-738196824
-721420276
-704643072
-687865856
-671088640
-654311424
-637534208
-620756992
-603979776
-587202560
-570425344
-553648128
-536870912
-520093696
-503316480
-486539264
-469762048
-452984832
-436207616
-419430400
-402653184
-385875968
-369098752
-352321536
-335544320
-318767104
-301989888
-285212672
-268435456
-251658240
-234881024
-218103808
-201326592
-184549376
-167772160
-150994944
-134217728
-117440512
-100663296
-83886080
-67108864
-50331648
-33554432
