Type	threshold
OptoHybrid	0
VFAT2	11
min	0
max	255
step	1
n	1000000
----
slot	11
ctrl0	55
ctrl1	0
ctrl2	48
ctrl3	0
iPreampIn	168
iPremapFeed	80
iPreampOut	150
iShaper	150
iShaperFeed	100
iComp	75
chipId0	175
chipId1	250
latency	0
vthreshold1	140
vthreshold2	0
vcal	0
calphase	0
----
995715
17772078
34546333
51314051
67997219
84569501
101109890
117735094
134430606
151157262
167904764
184661707
201425751
218194325
234966182
251739176
268512884
285286144
302059018
318831726
335604715
352378554
369152511
385926742
402701518
419476040
436251065
453026405
469802430
486578639
503355309
520132106
536909113
553686152
570463214
587240156
604017075
620793855
637570569
654347067
671123633
687900246
704676626
721452926
738229310
755005619
771781889
788557695
805333613
822108940
838884677
855660100
872435614
889211360
905987378
922762990
939539281
956314902
973091356
989867836
1006644754
1023421673
1040198838
1056975976
1073753061
1090530188
1107307157
1124084217
1140861250
1157638321
1174415404
1191192525
1207969689
1224746862
1241524059
1258301268
1275078488
1291855748
1308633006
1325410404
1342188049
1358965086
1375742409
1392519767
1409297098
1426074378
1442851621
1459628757
1476405866
1493182928
1509959953
1526737063
1543514105
1560291256
1577068698
1593845799
1610622834
1627399976
1644177172
1660954387
1677731600
1694508816
1711286032
1728063248
1744840464
1761617680
1778394896
1795172112
1811949328
1828726544
1845503760
1862280976
1879058192
1895835408
1912612624
1929389840
1946167060
1962944272
1979721488
1996498706
2013275920
2030053139
2046830362
2063607580
2080384816
2097162041
2113939299
2130716559
-2147473458
-2130696101
-2113918813
-2097141418
-2080364073
-2063586756
-2046809482
-2030032188
-2013254979
-1996477902
-1979700773
-1962923704
-1946146638
-1929369533
-1912592437
-1895815294
-1879038135
-1862260945
-1845483745
-1828706535
-1811929325
-1795152112
-1778374896
-1761597680
-1744820464
-1728043248
-1711266032
-1694488816
-1677711600
-1660934384
-1644157168
-1627379952
-1610602736
-1593825520
-1577048304
-1560271088
-1543493872
-1526716656
-1509939440
-1493162224
-1476385008
-1459607792
-1442830576
-1426053360
-1409276144
-1392498928
-1375721712
-1358944496
-1342167280
-1325390064
-1308612848
-1291835632
-1275058416
-1258281200
-1241503984
-1224726768
-1207949552
-1191172336
-1174395120
-1157617904
-1140840688
-1124063472
-1107286256
-1090509040
-1073731824
-1056954608
-1040177392
-1023400176
-1006622960
-989845744
-973068528
-956291312
-939514096
-922736880
-905959664
-889182448
-872405232
-855628016
-838850800
-822073584
-805296366
-788519143
-771742087
-754968428
-738197100
-721420288
-704643072
-687865856
-671088640
-654311424
-637534208
-620756992
-603979776
-587202560
-570425344
-553648128
-536870912
-520093696
-503316480
-486539264
-469762048
-452984832
-436207616
-419430400
-402653184
-385875968
-369098752
-352321536
-335544320
-318767104
-301989888
-285212672
-268435456
-251658240
-234881024
-218103808
-201326592
-184549376
-167772160
-150994944
-134217728
-117440512
-100663296
-83886080
-67108864
-50331648
-33554432
