Type	threshold
OptoHybrid	0
VFAT2	11
min	0
max	255
step	1
n	1000000
----
slot	11
ctrl0	55
ctrl1	0
ctrl2	48
ctrl3	0
iPreampIn	168
iPremapFeed	80
iPreampOut	150
iShaper	150
iShaperFeed	100
iComp	75
chipId0	175
chipId1	250
latency	0
vthreshold1	140
vthreshold2	0
vcal	0
calphase	0
----
995580
17771167
34544422
51313391
68018852
84606029
101170358
117781999
134462558
151177774
167915311
184667679
201429589
218196889
234967734
251739886
268513324
285286054
302058574
318831771
335604929
352378613
369152905
385927488
402702038
419476936
436251864
453027045
469802914
486579163
503355648
520132395
536909248
553686133
570463113
587240062
604016903
620793684
637570339
654346932
671123416
687899814
704676188
721452643
738228996
755005366
771781842
788557794
805333912
822109629
838885008
855660830
872436667
889212640
905988646
922764719
939540795
956316626
973092823
989869325
1006645903
1023422504
1040199568
1056976309
1073753210
1090530273
1107307230
1124084264
1140861315
1157638368
1174415490
1191192581
1207969741
1224746905
1241524122
1258301347
1275078626
1291855912
1308633221
1325410566
1342187941
1358965260
1375742711
1392520058
1409297404
1426074608
1442851859
1459628942
1476406037
1493183116
1509960086
1526737142
1543514207
1560291303
1577068435
1593845610
1610622781
1627399973
1644177174
1660954389
1677731600
1694508817
1711286032
1728063250
1744840464
1761617680
1778394896
1795172112
1811949328
1828726544
1845503760
1862280976
1879058192
1895835410
1912612624
1929389842
1946167059
1962944276
1979721592
1996498710
2013275935
2030053153
2046830376
2063607605
2080384837
2097162057
2113939327
2130716563
-2147473465
-2130696198
-2113918903
-2097141597
-2080364293
-2063587023
-2046809678
-2030032520
-2013255255
-1996478117
-1979700940
-1962923753
-1946146657
-1929369526
-1912592389
-1895815235
-1879038056
-1862260887
-1845483712
-1828706518
-1811929306
-1795152107
-1778374890
-1761597678
-1744820463
-1728043247
-1711266032
-1694488815
-1677711153
-1660934384
-1644157168
-1627379952
-1610602736
-1593825516
-1577048304
-1560271088
-1543493872
-1526716656
-1509939440
-1493162224
-1476385008
-1459607792
-1442830576
-1426053360
-1409275775
-1392498928
-1375721712
-1358944492
-1342167280
-1325390064
-1308612848
-1291835632
-1275058416
-1258281200
-1241503984
-1224726768
-1207949552
-1191172336
-1174395120
-1157617904
-1140840688
-1124063472
-1107286256
-1090509040
-1073731824
-1056954608
-1040177392
-1023400176
-1006622960
-989845744
-973068528
-956291312
-939514096
-922736880
-905959664
-889182448
-872405232
-855628016
-838850800
-822073584
-805296367
-788519147
-771742151
-754968144
-738196716
-721420280
-704643072
-687865856
-671088640
-654311424
-637534208
-620756992
-603979776
-587202560
-570425344
-553648128
-536870912
-520093696
-503316480
-486539264
-469762048
-452984832
-436207616
-419430400
-402653184
-385875968
-369098752
-352321536
-335544320
-318767104
-301989888
-285212672
-268435456
-251658240
-234881024
-218103808
-201326592
-184549376
-167772160
-150994944
-134217728
-117440512
-100663296
-83886080
-67108864
-50331648
-33554432
