Type	threshold
OptoHybrid	0
VFAT2	11
min	0
max	255
step	1
n	1000000
----
slot	11
ctrl0	55
ctrl1	0
ctrl2	48
ctrl3	0
iPreampIn	168
iPremapFeed	80
iPreampOut	150
iShaper	150
iShaperFeed	100
iComp	75
chipId0	175
chipId1	250
latency	0
vthreshold1	140
vthreshold2	0
vcal	0
calphase	0
----
995699
17772168
34547115
51316537
68003899
84611079
101137512
117736648
134428758
151155909
167903874
184661833
201426592
218194548
234965548
251739030
268513352
285287134
302059586
318832900
335605754
352379130
369153203
385926999
402701600
419476065
436250867
453026366
469802194
486578519
503355287
520132102
536909109
553686105
570463178
587240194
604017171
620794000
637570712
654347208
671123732
687900137
704676658
721452982
738229454
755005928
771781928
788557803
805333490
822109102
838884460
855659682
872435313
889210744
905986711
922762016
939538146
956314270
973090548
989867421
1006644230
1023421341
1040198519
1056975820
1073753023
1090530244
1107307311
1124084401
1140861478
1157638532
1174415552
1191192636
1207969759
1224746927
1241524093
1258301268
1275078477
1291855695
1308632926
1325410197
1342187464
1358964774
1375742107
1392519435
1409296765
1426074076
1442851317
1459628540
1476405710
1493182798
1509959904
1526736974
1543514105
1560291224
1577068390
1593845571
1610622765
1627399966
1644177178
1660954388
1677731601
1694508817
1711286033
1728063248
1744840464
1761617680
1778394896
1795172112
1811949328
1828726544
1845503760
1862280976
1879058192
1895835408
1912612624
1929389840
1946167056
1962944272
1979721488
1996498704
2013275921
2030053136
2046830450
2063607573
2080384798
2097162030
2113939268
2130716532
-2147473449
-2130696139
-2113918778
-2097141422
-2080364054
-2063586645
-2046809333
-2030032064
-2013254868
-1996477592
-1979700639
-1962923575
-1946146576
-1929369505
-1912592413
-1895815313
-1879038128
-1862260948
-1845483750
-1828706539
-1811929326
-1795152112
-1778374896
-1761597680
-1744820464
-1728043248
-1711266032
-1694488816
-1677711600
-1660934384
-1644157168
-1627379952
-1610602339
-1593825520
-1577048304
-1560271088
-1543493872
-1526716656
-1509939440
-1493162224
-1476385008
-1459607792
-1442830576
-1426053360
-1409276144
-1392498928
-1375721712
-1358944153
-1342167280
-1325390064
-1308612848
-1291835632
-1275058416
-1258281200
-1241503984
-1224726768
-1207949552
-1191172336
-1174395120
-1157617904
-1140840688
-1124063472
-1107286256
-1090509040
-1073731824
-1056954608
-1040177392
-1023400176
-1006622960
-989845744
-973068528
-956291312
-939514096
-922736880
-905959664
-889182448
-872405232
-855628016
-838850800
-822073584
-805296366
-788519150
-771742085
-754968316
-738197064
-721420280
-704643072
-687865856
-671088640
-654311424
-637534208
-620756992
-603979776
-587202560
-570425344
-553648128
-536870912
-520093696
-503316480
-486539264
-469762048
-452984832
-436207616
-419430400
-402653184
-385875968
-369098752
-352321536
-335544320
-318767104
-301989888
-285212672
-268435456
-251658240
-234881024
-218103808
-201326592
-184549376
-167772160
-150994944
-134217728
-117440512
-100663296
-83886080
-67108864
-50331648
-33554432
