Type	threshold
OptoHybrid	0
VFAT2	11
min	0
max	255
step	1
n	1000000
----
slot	11
ctrl0	55
ctrl1	0
ctrl2	48
ctrl3	0
iPreampIn	168
iPremapFeed	80
iPreampOut	150
iShaper	150
iShaperFeed	100
iComp	75
chipId0	175
chipId1	250
latency	0
vthreshold1	140
vthreshold2	0
vcal	0
calphase	0
----
995746
17772412
34547300
51316395
68000902
84605129
101134680
117735733
134429301
151156057
167904678
184662049
201426156
218194336
234966071
251738809
268513536
285286809
302059675
318832959
335605759
352379191
369153151
385927061
402701193
419476017
436250797
453026505
469802104
486578517
503355225
520132084
536909105
553686152
570463208
587240179
604017163
620793962
637570631
654347276
671123718
687900187
704676797
721453198
738229503
755005681
771781951
788558001
805333760
822109040
838884216
855659673
872435280
889210860
905986547
922762273
939538158
956314149
973090679
989867404
1006644273
1023421334
1040198579
1056975868
1073752998
1090530741
1107307272
1124084325
1140861371
1157638417
1174415499
1191192576
1207969729
1224746864
1241524060
1258301252
1275078479
1291855700
1308632962
1325410253
1342187536
1358965306
1375742265
1392519619
1409296922
1426074254
1442851459
1459628607
1476405757
1493182818
1509959937
1526736990
1543514124
1560291222
1577068379
1593845562
1610622763
1627399964
1644177175
1660954386
1677731600
1694508816
1711286033
1728063248
1744840464
1761617680
1778394896
1795172112
1811949328
1828726544
1845503760
1862280976
1879058192
1895835408
1912612624
1929389840
1946167057
1962944272
1979721488
1996498705
2013275921
2030053139
2046830354
2063607580
2080384795
2097162044
2113939295
2130716547
-2147473462
-2130696157
-2113918793
-2097141484
-2080364095
-2063586755
-2046809410
-2030032176
-2013254973
-1996477839
-1979700700
-1962923704
-1946146624
-1929369550
-1912592432
-1895815291
-1879038141
-1862260947
-1845483754
-1828706541
-1811929325
-1795152112
-1778374896
-1761597679
-1744820460
-1728043248
-1711266032
-1694488816
-1677711600
-1660934384
-1644157168
-1627379952
-1610602736
-1593825520
-1577048304
-1560271088
-1543493872
-1526716656
-1509939440
-1493162224
-1476385008
-1459607792
-1442830576
-1426053360
-1409276144
-1392498928
-1375721712
-1358944496
-1342167280
-1325390064
-1308612848
-1291835632
-1275058416
-1258281200
-1241503984
-1224726768
-1207949552
-1191172336
-1174395120
-1157617904
-1140840688
-1124063472
-1107286256
-1090509040
-1073731824
-1056954608
-1040177392
-1023400176
-1006622960
-989845744
-973068528
-956291312
-939514096
-922736880
-905959664
-889182448
-872405232
-855628016
-838850800
-822073584
-805296366
-788519146
-771742143
-754968456
-738197048
-721420284
-704643072
-687865832
-671088640
-654311424
-637534208
-620756992
-603979776
-587202560
-570425344
-553648128
-536870912
-520093696
-503316480
-486539264
-469762048
-452984832
-436207616
-419430400
-402653184
-385875968
-369098752
-352321536
-335544320
-318767104
-301989888
-285212672
-268435456
-251658240
-234881024
-218103808
-201326592
-184549376
-167772160
-150994944
-134217728
-117440512
-100663296
-83886080
-67108864
-50331648
-33554432
