Type	threshold
OptoHybrid	0
VFAT2	11
min	0
max	255
step	1
n	1000000
----
slot	11
ctrl0	55
ctrl1	0
ctrl2	48
ctrl3	0
iPreampIn	168
iPremapFeed	80
iPreampOut	150
iShaper	150
iShaperFeed	100
iComp	75
chipId0	175
chipId1	250
latency	0
vthreshold1	140
vthreshold2	0
vcal	0
calphase	0
----
995565
17771244
34544783
51313548
67997356
84583780
101126463
117745151
134427796
151163284
167910215
184665213
201427830
218196226
234966927
251739797
268513016
285286044
302058272
318831556
335604776
352378637
369152475
385927313
402701883
419476574
436251567
453026899
469802840
486579028
503355516
520132266
536909213
553686209
570463304
587240055
604016860
620793731
637570337
654346802
671123489
687899813
704676156
721452623
738228910
755005436
771781589
788557820
805333930
822109389
838885307
855660853
872436624
889212495
905988475
922764657
939540613
956316798
973092759
989869849
1006646423
1023422541
1040199437
1056976358
1073753268
1090530253
1107307285
1124084262
1140861270
1157638368
1174415435
1191192561
1207969987
1224747159
1241524169
1258301355
1275078608
1291855888
1308633186
1325410549
1342187907
1358965282
1375742696
1392520021
1409297393
1426074694
1442851847
1459628935
1476406048
1493183058
1509960109
1526737125
1543514197
1560291314
1577068450
1593845596
1610622776
1627399976
1644177179
1660954387
1677731603
1694508818
1711286032
1728063248
1744840464
1761617681
1778394896
1795172112
1811949328
1828726544
1845503760
1862280976
1879058192
1895835409
1912612624
1929389842
1946167063
1962944275
1979721495
1996498713
2013275926
2030053156
2046830381
2063607607
2080384833
2097162075
2113939308
2130716581
-2147473437
-2130696199
-2113918883
-2097141615
-2080364281
-2063587012
-2046809694
-2030032459
-2013255311
-1996478067
-1979700947
-1962923796
-1946146648
-1929369550
-1912592389
-1895815260
-1879038078
-1862260890
-1845483714
-1828706506
-1811929307
-1795152101
-1778374892
-1761597676
-1744820462
-1728043245
-1711266031
-1694488816
-1677711600
-1660934384
-1644157168
-1627379952
-1610602736
-1593825520
-1577048304
-1560271088
-1543493872
-1526716656
-1509939440
-1493162224
-1476385008
-1459607792
-1442830576
-1426053360
-1409276144
-1392498928
-1375721712
-1358944496
-1342167280
-1325390064
-1308612848
-1291835632
-1275058416
-1258281200
-1241503984
-1224726768
-1207949552
-1191172336
-1174395120
-1157617904
-1140840688
-1124063472
-1107286256
-1090509040
-1073731824
-1056954608
-1040177392
-1023400176
-1006622960
-989845744
-973068528
-956291312
-939514096
-922736880
-905959664
-889182448
-872405232
-855628016
-838850800
-822073584
-805296366
-788519160
-771742104
-754968484
-738196748
-721420280
-704643072
-687865856
-671088640
-654311424
-637534208
-620756992
-603979776
-587202560
-570425332
-553648128
-536870912
-520093696
-503316480
-486539264
-469762048
-452984832
-436207616
-419430400
-402653184
-385875968
-369098752
-352321536
-335544320
-318767104
-301989888
-285212672
-268435456
-251658240
-234881024
-218103808
-201326592
-184549376
-167772160
-150994944
-134217728
-117440512
-100663296
-83886080
-67108864
-50331648
-33554432
