Type	threshold
OptoHybrid	1
VFAT2	11
min	0
max	255
step	1
n	1000000
----
slot	11
ctrl0	55
ctrl1	0
ctrl2	48
ctrl3	0
iPreampIn	168
iPremapFeed	80
iPreampOut	150
iShaper	150
iShaperFeed	100
iComp	75
chipId0	175
chipId1	254
latency	0
vthreshold1	141
vthreshold2	0
vcal	0
calphase	0
----
993834
17771185
34547033
51322539
68082666
84756253
101395518
117976163
134578538
151255207
167962569
184697971
201448557
218207218
234974073
251743223
268513510
285284926
302055837
318827822
335600473
352373642
369147663
385922266
402697682
419473561
436249569
453025708
469801666
486578179
503354308
520130698
536907045
553683303
570459637
587235579
604011660
620787677
637563756
654340149
671116298
687892639
704669312
721445865
738222645
754999412
771776002
788552606
805329142
822105448
838881744
855657932
872434100
889209998
905986227
922762628
939538877
956315478
973091979
989868923
1006645766
1023422712
1040199763
1056976811
1073753821
1090530929
1107308036
1124085201
1140862360
1157639610
1174416833
1191194045
1207971316
1224748446
1241525636
1258302759
1275079825
1291856813
1308633816
1325410856
1342187904
1358964946
1375742066
1392519146
1409296296
1426073463
1442850640
1459627825
1476405031
1493182237
1509959453
1526736665
1543513876
1560291088
1577068304
1593845520
1610622736
1627399952
1644177168
1660954384
1677731600
1694508816
1711286032
1728063248
1744840464
1761617680
1778394896
1795172108
1811949328
1828726544
1845503760
1862280972
1879058176
1895835396
1912612604
1929389776
1946166956
1962944120
1979721160
1996498260
2013275036
2030051888
2046828540
2063605073
2080381112
2097157200
2113933572
2130709784
-2147481084
-2130704784
-2113928076
-2097151324
-2080374420
-2063597268
-2046820228
-2030043072
-2013265880
-1996488672
-1979711476
-1962934264
-1946157056
-1929379840
-1912602624
-1895825408
-1879048192
-1862270976
-1845493760
-1828716544
-1811939328
-1795162112
-1778384896
-1761607680
-1744830464
-1728053248
-1711276032
-1694498816
-1677721600
-1660944384
-1644167168
-1627389952
-1610612736
-1593835520
-1577058304
-1560281088
-1543503872
-1526726656
-1509949440
-1493172224
-1476395008
-1459617792
-1442840576
-1426063360
-1409286144
-1392508928
-1375731712
-1358954496
-1342177280
-1325400064
-1308622848
-1291845632
-1275068416
-1258291200
-1241513984
-1224736768
-1207959552
-1191182336
-1174405120
-1157627904
-1140850688
-1124073472
-1107296256
-1090519040
-1073741824
-1056964608
-1040187392
-1023410176
-1006632960
-989855744
-973078528
-956301312
-939524096
-922746880
-905969664
-889192448
-872415232
-855638016
-838860800
-822083584
-805306368
-788529152
-771751936
-754974720
-738197504
-721420288
-704643072
-687865856
-671088640
-654311424
-637534208
-620756992
-603979776
-587202560
-570425344
-553648128
-536870912
-520093696
-503316480
-486539264
-469762048
-452984832
-436207616
-419430400
-402653184
-385875968
-369098752
-352321536
-335544320
-318767104
-301989888
-285212672
-268435456
-251658240
-234881024
-218103808
-201326592
-184549376
-167772160
-150994944
-134217728
-117440512
-100663296
-83886080
-67108864
-50331648
-33554432
