Type	threshold
OptoHybrid	1
VFAT2	11
min	0
max	255
step	1
n	1000000
----
slot	11
ctrl0	55
ctrl1	0
ctrl2	48
ctrl3	0
iPreampIn	168
iPremapFeed	80
iPreampOut	150
iShaper	150
iShaperFeed	100
iComp	75
chipId0	175
chipId1	254
latency	0
vthreshold1	141
vthreshold2	0
vcal	0
calphase	0
----
994936
17772194
34547431
51322024
68070671
84738051
101383666
117964503
134591883
151272066
167984632
184715222
201461886
218217153
234981007
251748189
268517705
285288142
302058780
318830851
335603271
352376346
369149995
385924493
402699816
419475107
436251008
453027100
469803339
486579641
503355887
520132519
536908850
553685316
570461821
587238285
604014321
620790356
637566701
654342530
671118366
687894486
704670661
721446770
738223010
754999175
771775513
788551648
805327843
822103860
838879891
855655621
872432086
889208092
905984580
922760973
939537681
956314527
973091287
989868349
1006645352
1023422468
1040199562
1056976675
1073753791
1090530909
1107308041
1124085217
1140862421
1157639622
1174416833
1191194046
1207971270
1224748362
1241525537
1258302631
1275079727
1291856717
1308633737
1325410756
1342187849
1358964937
1375742008
1392519170
1409296276
1426073469
1442850654
1459627837
1476405039
1493182247
1509959451
1526736666
1543513875
1560291089
1577068306
1593845521
1610622740
1627399952
1644177168
1660954384
1677731604
1694508816
1711286032
1728063248
1744840464
1761617680
1778394896
1795172112
1811949328
1828726544
1845503740
1862280952
1879058172
1895835385
1912612569
1929389724
1946166896
1962944064
1979721048
1996498144
2013274829
2030051660
2046828281
2063604712
2080381020
2097157305
2113933708
2130709872
-2147481028
-2130704536
-2113927904
-2097151092
-2080374220
-2063597232
-2046820148
-2030042996
-2013265812
-1996488644
-1979711460
-1962934268
-1946157052
-1929379840
-1912602624
-1895825408
-1879048192
-1862270976
-1845493760
-1828716544
-1811939328
-1795162112
-1778384896
-1761607680
-1744830464
-1728053248
-1711276032
-1694498816
-1677721596
-1660944380
-1644167168
-1627389948
-1610612736
-1593835520
-1577058300
-1560281088
-1543503872
-1526726656
-1509949440
-1493172224
-1476395008
-1459617792
-1442840576
-1426063360
-1409286144
-1392508928
-1375731712
-1358954496
-1342177280
-1325400064
-1308622848
-1291845632
-1275068416
-1258291200
-1241513984
-1224736768
-1207959552
-1191182336
-1174405120
-1157627904
-1140850688
-1124073472
-1107296256
-1090519040
-1073741824
-1056964608
-1040187392
-1023410176
-1006632960
-989855744
-973078528
-956301312
-939524096
-922746880
-905969664
-889192448
-872415232
-855638011
-838860800
-822083584
-805306368
-788529152
-771751936
-754974720
-738197504
-721420288
-704643072
-687865856
-671088640
-654311424
-637534208
-620756992
-603979776
-587202560
-570425344
-553648128
-536870912
-520093696
-503316480
-486539264
-469762048
-452984832
-436207616
-419430400
-402653184
-385875968
-369098752
-352321536
-335544320
-318767104
-301989888
-285212672
-268435456
-251658240
-234881024
-218103808
-201326592
-184549376
-167772160
-150994944
-134217728
-117440512
-100663296
-83886080
-67108864
-50331648
-33554432
