Type	threshold
OptoHybrid	1
VFAT2	11
min	0
max	255
step	1
n	1000000
----
slot	11
ctrl0	55
ctrl1	0
ctrl2	48
ctrl3	0
iPreampIn	168
iPremapFeed	80
iPreampOut	150
iShaper	150
iShaperFeed	100
iComp	75
chipId0	175
chipId1	254
latency	0
vthreshold1	141
vthreshold2	0
vcal	0
calphase	0
----
993815
17771042
34547071
51322857
68080769
84752727
101388393
117969488
134573243
151250243
167961901
184698467
201446758
218206432
234973261
251742630
268513270
285284309
302055558
318827171
335600034
352373395
369147566
385922221
402697572
419473342
436249202
453025423
469801613
486578292
503354628
520130737
536907243
553683244
570459497
587235787
604012033
620788053
637564106
654340038
671116377
687892756
704669426
721445948
738222665
754999358
771775876
788552636
805328943
822105434
838881448
855657539
872433614
889209791
905985965
922762327
939538710
956315341
973091821
989868713
1006645563
1023422665
1040199719
1056976758
1073753788
1090530885
1107307970
1124085108
1140862302
1157639529
1174416814
1191194010
1207971247
1224748532
1241525649
1258302753
1275079782
1291856838
1308633888
1325410906
1342187962
1358964972
1375742091
1392519183
1409296329
1426073478
1442850647
1459627840
1476405039
1493182239
1509959447
1526736662
1543513876
1560291089
1577068305
1593845521
1610622736
1627399952
1644177172
1660954384
1677731600
1694508816
1711286032
1728063248
1744840464
1761617680
1778394896
1795172112
1811949328
1828726544
1845503760
1862280968
1879058192
1895835392
1912612592
1929389796
1946166976
1962944120
1979721196
1996498252
2013275125
2030051968
2046828528
2063604888
2080381364
2097157409
2113933712
2130709636
-2147481112
-2130704540
-2113928048
-2097151256
-2080374352
-2063597284
-2046820240
-2030043092
-2013265888
-1996488696
-1979711480
-1962934272
-1946157056
-1929379840
-1912602624
-1895825408
-1879048192
-1862270976
-1845493760
-1828716544
-1811939328
-1795162112
-1778384896
-1761607680
-1744830464
-1728053248
-1711276032
-1694498812
-1677721600
-1660944384
-1644167168
-1627389952
-1610612736
-1593835520
-1577058304
-1560281088
-1543503872
-1526726656
-1509949440
-1493172224
-1476395008
-1459617792
-1442840576
-1426063360
-1409286144
-1392508928
-1375731712
-1358954496
-1342177280
-1325400064
-1308622848
-1291845632
-1275068416
-1258291200
-1241513984
-1224736768
-1207959552
-1191182332
-1174405120
-1157627904
-1140850688
-1124073472
-1107296256
-1090519040
-1073741824
-1056964608
-1040187392
-1023410176
-1006632960
-989855744
-973078528
-956301312
-939524096
-922746880
-905969664
-889192448
-872415232
-855638016
-838860800
-822083584
-805306368
-788529152
-771751936
-754974720
-738197504
-721420288
-704643072
-687865856
-671088636
-654311424
-637534208
-620756992
-603979776
-587202560
-570425344
-553648128
-536870912
-520093696
-503316480
-486539264
-469762048
-452984832
-436207616
-419430400
-402653184
-385875968
-369098752
-352321536
-335544320
-318767104
-301989888
-285212672
-268435456
-251658240
-234881024
-218103808
-201326592
-184549376
-167772160
-150994944
-134217728
-117440512
-100663296
-83886080
-67108864
-50331648
-33554432
