Type	threshold
OptoHybrid	1
VFAT2	11
min	0
max	255
step	1
n	1000000
----
slot	11
ctrl0	55
ctrl1	0
ctrl2	48
ctrl3	0
iPreampIn	168
iPremapFeed	80
iPreampOut	150
iShaper	150
iShaperFeed	100
iComp	75
chipId0	175
chipId1	254
latency	0
vthreshold1	141
vthreshold2	0
vcal	0
calphase	0
----
993628
17770836
34546822
51321620
68086213
84782679
101430526
118019366
134622664
151286228
167987653
184717424
201460102
218216163
234979560
251746683
268516275
285286487
302057314
318828904
335601561
352374297
369148237
385923106
402697959
419473886
436249765
453025793
469801866
486578269
503354809
520131147
536907512
553683684
570459971
587236144
604012471
620788604
637564638
654340799
671117007
687893455
704669806
721446363
738222930
754999664
771776353
788552905
805329093
822105549
838881691
855657823
872433980
889210116
905986407
922762615
939539175
956315750
973092291
989869026
1006645932
1023422790
1040199825
1056976824
1073753848
1090530969
1107308089
1124085192
1140862345
1157639594
1174416778
1191194015
1207971246
1224748420
1241525596
1258302828
1275079856
1291856953
1308633959
1325410963
1342188060
1358965088
1375742192
1392519275
1409296378
1426073544
1442850697
1459627861
1476405048
1493182259
1509959456
1526736664
1543513879
1560291093
1577068306
1593845521
1610622736
1627399953
1644177169
1660954384
1677731600
1694508816
1711286032
1728063248
1744840464
1761617680
1778394896
1795172112
1811949324
1828726540
1845503760
1862280956
1879058180
1895835356
1912612592
1929389768
1946166936
1962944040
1979721120
1996498124
2013275072
2030051880
2046828441
2063604948
2080381453
2097157364
2113933872
2130709872
-2147480892
-2130704428
-2113927888
-2097151184
-2080374196
-2063597156
-2046820144
-2030043012
-2013265820
-1996488660
-1979711460
-1962934256
-1946157052
-1929379840
-1912602624
-1895825404
-1879048192
-1862270976
-1845493760
-1828716544
-1811939328
-1795162112
-1778384896
-1761607680
-1744830464
-1728053248
-1711276032
-1694498816
-1677721600
-1660944384
-1644167168
-1627389952
-1610612736
-1593835520
-1577058304
-1560281088
-1543503872
-1526726656
-1509949440
-1493172224
-1476395008
-1459617792
-1442840576
-1426063360
-1409286144
-1392508928
-1375731712
-1358954496
-1342177280
-1325400064
-1308622848
-1291845632
-1275068416
-1258291200
-1241513984
-1224736768
-1207959552
-1191182336
-1174405120
-1157627904
-1140850688
-1124073472
-1107296256
-1090519040
-1073741824
-1056964608
-1040187392
-1023410176
-1006632960
-989855744
-973078528
-956301312
-939524096
-922746880
-905969664
-889192448
-872415232
-855638016
-838860800
-822083584
-805306364
-788529152
-771751936
-754974720
-738197504
-721420288
-704643072
-687865856
-671088640
-654311424
-637534208
-620756992
-603979776
-587202560
-570425344
-553648128
-536870912
-520093696
-503316480
-486539264
-469762048
-452984832
-436207616
-419430400
-402653184
-385875968
-369098752
-352321536
-335544320
-318767104
-301989888
-285212672
-268435456
-251658240
-234881024
-218103808
-201326592
-184549376
-167772160
-150994944
-134217728
-117440512
-100663296
-83886080
-67108864
-50331648
-33554432
