Type	threshold
OptoHybrid	1
VFAT2	11
min	0
max	255
step	1
n	1000000
----
slot	11
ctrl0	55
ctrl1	0
ctrl2	48
ctrl3	0
iPreampIn	168
iPremapFeed	80
iPreampOut	150
iShaper	150
iShaperFeed	100
iComp	75
chipId0	175
chipId1	254
latency	0
vthreshold1	141
vthreshold2	0
vcal	0
calphase	0
----
993978
17771110
34546904
51321823
68086091
84767936
101408355
118000409
134596897
151267824
167975084
184704300
201452244
218210863
234975818
251744245
268514299
285284723
302055628
318827366
335600022
352373536
369147655
385922371
402697851
419473657
436249655
453025685
469801925
486578135
503354765
520131047
536907187
553683526
570459883
587235960
604012064
620788163
637564035
654340166
671116410
687892762
704669173
721445930
738222525
754999107
771775907
788552375
805328759
822104905
838881351
855657441
872433622
889209459
905985918
922762075
939538718
956315146
973091665
989868581
1006645591
1023422652
1040199740
1056976744
1073753840
1090530894
1107308021
1124085159
1140862390
1157639592
1174416860
1191194106
1207971293
1224748460
1241525569
1258302671
1275079748
1291856697
1308633777
1325410788
1342187887
1358964916
1375742005
1392519156
1409296306
1426073461
1442850627
1459627831
1476405028
1493182242
1509959445
1526736661
1543513878
1560291089
1577068306
1593845521
1610622736
1627399952
1644177168
1660954384
1677731600
1694508816
1711286032
1728063248
1744840464
1761617680
1778394892
1795172112
1811949328
1828726544
1845503756
1862280972
1879058176
1895835396
1912612576
1929389773
1946166952
1962944041
1979721192
1996498216
2013275072
2030051937
2046828380
2063605037
2080381381
2097157556
2113933720
2130709732
-2147481120
-2130704564
-2113928019
-2097151176
-2080374240
-2063597236
-2046820184
-2030043040
-2013265884
-1996488684
-1979711472
-1962934264
-1946157056
-1929379840
-1912602624
-1895825408
-1879048192
-1862270976
-1845493756
-1828716544
-1811939328
-1795162112
-1778384896
-1761607680
-1744830464
-1728053248
-1711276032
-1694498816
-1677721595
-1660944384
-1644167168
-1627389952
-1610612736
-1593835520
-1577058304
-1560281088
-1543503872
-1526726656
-1509949440
-1493172224
-1476395008
-1459617792
-1442840576
-1426063360
-1409286144
-1392508928
-1375731712
-1358954496
-1342177280
-1325400064
-1308622848
-1291845632
-1275068416
-1258291200
-1241513984
-1224736768
-1207959552
-1191182336
-1174405120
-1157627904
-1140850688
-1124073472
-1107296256
-1090519040
-1073741824
-1056964608
-1040187392
-1023410176
-1006632960
-989855744
-973078528
-956301312
-939524096
-922746880
-905969664
-889192448
-872415232
-855638016
-838860800
-822083584
-805306368
-788529152
-771751936
-754974720
-738197504
-721420288
-704643072
-687865856
-671088640
-654311424
-637534208
-620756992
-603979776
-587202560
-570425344
-553648128
-536870912
-520093696
-503316480
-486539264
-469762048
-452984832
-436207616
-419430400
-402653184
-385875968
-369098752
-352321536
-335544320
-318767104
-301989888
-285212672
-268435456
-251658240
-234881024
-218103808
-201326592
-184549376
-167772160
-150994944
-134217728
-117440512
-100663296
-83886080
-67108864
-50331648
-33554432
