VFAT2	11
MIN	0
MAX	255
STEP	1
N	1000000
997384
17774642
34551950
51329191
68106315
84883456
101660590
118437656
135214843
151991939
168768813
185545573
202321739
219097037
235870602
252641946
269410579
286173663
302929220
319679968
336415910
353140128
369855465
386554336
403249922
419948792
436653184
453364017
470086699
486818878
503559185
520309296
537061297
553817427
570573960
587332379
604092615
620858095
637627282
654399277
671172015
687945196
704718997
721493305
738268335
755043293
771817491
788592706
805368731
822145126
838921278
855696280
872470553
889244715
906019516
922794991
939570954
956347478
973124407
989901500
1006678385
1023455158
1040232194
1057009825
1073787555
1090564819
1107342005
1124118933
1140895735
1157672287
1174448358
1191224080
1207999820
1224775485
1241551731
1258327855
1275104034
1291880028
1308656044
1325431615
1342207237
1358983222
1375759642
1392536501
1409313598
1426090698
1442867792
1459644876
1476421887
1493198868
1509975897
1526752964
1543529924
1560306843
1577083650
1593860404
1610636762
1627412402
1644187571
1660962433
1677737516
1694512851
1711289030
1728065876
1744842985
1761620180
1778397395
1795174602
1811951751
1828728742
1845505444
1862281996
1879058627
1895835485
1912613014
1929391409
1946168361
1962944387
1979721490
1996498704
2013275920
2030053136
2046830352
2063607568
2080384784
2097162000
2113939216
2130716432
-2147473648
-2130696432
-2113923408
-2097151996
-2080374784
-2063597568
-2046820352
-2030043136
-2013265920
-1996488704
-1979711488
-1962934272
-1946157056
-1929379840
-1912602624
-1895825408
-1879048192
-1862270976
-1845493760
-1828716544
-1811939328
-1795162112
-1778384896
-1761607680
-1744830464
-1728053248
-1711276032
-1694498816
-1677721600
-1660944384
-1644167168
-1627389952
-1610612736
-1593835520
-1577058304
-1560281088
-1543503872
-1526726656
-1509949440
-1493172224
-1476395008
-1459617792
-1442840576
-1426063360
-1409286144
-1392508928
-1375731712
-1358954496
-1342177280
-1325400064
-1308622848
-1291845632
-1275068416
-1258291200
-1241513984
-1224736768
-1207959552
-1191182336
-1174405120
-1157627904
-1140850688
-1124073472
-1107296256
-1090519040
-1073741824
-1056964608
-1040187392
-1023410176
-1006632960
-989855744
-973078528
-956301312
-939524096
-922746880
-905969664
-889192448
-872415232
-855638016
-838860800
-822083584
-805306368
-788529152
-771751936
-754974720
-738197504
-721420288
-704643072
-687865856
-671088640
-654311424
-637534208
-620756992
-603979776
-587202560
-570425344
-553648128
-536870912
-520093696
-503316480
-486539264
-469762048
-452984832
-436207616
-419430400
-402653184
-385875968
-369098752
-352321536
-335544320
-318767104
-301989888
-285212672
-268435456
-251658240
-234881024
-218103808
-201326592
-184549376
-167772160
-150994944
-134217728
-117440512
-100663296
-83886080
-67108864
-50331648
-33554432
