VFAT2	11
MIN	0
MAX	255
STEP	1
N	1000000
995178
17773432
34549060
51322210
68090879
84851763
101598790
118280214
134923291
151558820
168105733
184777026
201504158
218248300
235003346
251763512
268527609
285295013
302065283
318837041
335609076
352382189
369154780
385929114
402704781
419480581
436256122
453031553
469806709
486581652
503357072
520133031
536909523
553686284
570463003
587239948
604016533
620792996
637569278
654345393
671120685
687895666
704670954
721446354
738222092
754997834
771773916
788549915
805326326
822102225
838878099
855653958
872429964
889206030
905982424
922759060
939536211
956313390
973090594
989867874
1006645185
1023422483
1040199763
1056977016
1073754218
1090531372
1107308510
1124085593
1140862676
1157639709
1174416693
1191193685
1207970626
1224747617
1241524557
1258301623
1275078695
1291855824
1308632991
1325410179
1342187419
1358964688
1375741978
1392519293
1409296665
1426074005
1442851297
1459628661
1476405850
1493183019
1509960182
1526737289
1543514333
1560291407
1577068516
1593845782
1610623187
1627400133
1644177237
1660954397
1677731604
1694508819
1711286032
1728063248
1744840464
1761617680
1778394896
1795172112
1811949328
1828726544
1845503760
1862280976
1879058192
1895835408
1912612624
1929389840
1946167064
1962944276
1979721496
1996498725
2013275978
2030053227
2046830529
2063607908
2080385284
2097162783
2113940347
2130717893
-2147471960
-2130694476
-2113917081
-2097139744
-2080362499
-2063585306
-2046808230
-2030031181
-2013254251
-1996477395
-1979700495
-1962923567
-1946146655
-1929369589
-1912592489
-1895815334
-1879038168
-1862260961
-1845483753
-1828706544
-1811929328
-1795152112
-1778374896
-1761597680
-1744820464
-1728043248
-1711266032
-1694488816
-1677711600
-1660934384
-1644157168
-1627379952
-1610602736
-1593825520
-1577048304
-1560271088
-1543493872
-1526716656
-1509939440
-1493162224
-1476385008
-1459607792
-1442830576
-1426053360
-1409276144
-1392498928
-1375721712
-1358944495
-1342167280
-1325390064
-1308612848
-1291835632
-1275058416
-1258281200
-1241503984
-1224726768
-1207949552
-1191172336
-1174395120
-1157617904
-1140840688
-1124063472
-1107286253
-1090509038
-1073731810
-1056954591
-1040177389
-1023400176
-1006622968
-989845864
-973070216
-956299660
-939524068
-922746880
-905969664
-889192448
-872415232
-855638016
-838860800
-822083584
-805306368
-788529152
-771751936
-754974720
-738197504
-721420288
-704643072
-687865856
-671088640
-654311424
-637534208
-620756992
-603979776
-587202560
-570425344
-553648128
-536870912
-520093696
-503316480
-486539264
-469762048
-452984832
-436207616
-419430400
-402653184
-385875968
-369098752
-352321536
-335544320
-318767104
-301989888
-285212672
-268435456
-251658240
-234881024
-218103808
-201326592
-184549376
-167772160
-150994944
-134217728
-117440512
-100663296
-83886080
-67108864
-50331648
-33554432
