VFAT2	11
MIN	0
MAX	255
STEP	1
N	1000000
998521
17775799
34553062
51330300
68107482
84884556
101661643
118438806
135215853
151992835
168769173
185543554
202315378
219083579
235846575
252600736
269342956
286064394
302770717
319463378
336140833
352813238
369498395
386202136
402921101
419659997
436410174
453162327
469919734
486680126
503444588
520205998
536971139
553739306
570509533
587281458
604055347
620830380
637606026
654382037
671157712
687933181
704708789
721484068
738259361
755034041
771809240
788584930
805360335
822135887
838911870
855688472
872465272
889242342
906019361
922796470
939573631
956350776
973128034
989905333
1006682669
1023459953
1040237163
1057014282
1073791356
1090568300
1107345065
1124121331
1140897426
1157672865
1174448409
1191223439
1207998928
1224773724
1241549172
1258324543
1275100173
1291875962
1308651954
1325428404
1342205025
1358981949
1375758866
1392535952
1409312980
1426090063
1442867201
1459644263
1476421355
1493198511
1509975619
1526752698
1543529769
1560306843
1577083916
1593860913
1610637968
1627415014
1644192035
1660969000
1677746006
1694523004
1711299946
1728076838
1744853807
1761630820
1778407839
1795184882
1811961886
1828738890
1845515759
1862292263
1879068904
1895844850
1912620699
1929396619
1946172505
1962948433
1979724949
1996501584
2013278712
2030055736
2046832880
2063610076
2080387288
2097164504
2113941715
2130718924
-2147471159
-2130693995
-2113916822
-2097139770
-2080362786
-2063586008
-2046809272
-2030032448
-2013255581
-1996478535
-1979701440
-1962924255
-1946147048
-1929369836
-1912592615
-1895815383
-1879038136
-1862260818
-1845483368
-1828705767
-1811928198
-1795150542
-1778373206
-1761596363
-1744819753
-1728043007
-1711265980
-1694488808
-1677711598
-1660934384
-1644157168
-1627379952
-1610602736
-1593825520
-1577048304
-1560271088
-1543493872
-1526716656
-1509939440
-1493162224
-1476385008
-1459607792
-1442830576
-1426053360
-1409276144
-1392498928
-1375721712
-1358944496
-1342167280
-1325391316
-1308622488
-1291845632
-1275068416
-1258291200
-1241513984
-1224736768
-1207959552
-1191182336
-1174405120
-1157627904
-1140850688
-1124073472
-1107296256
-1090519040
-1073741824
-1056964608
-1040187392
-1023410176
-1006632960
-989855744
-973078528
-956301312
-939524096
-922746880
-905969664
-889192448
-872415232
-855638016
-838860800
-822083584
-805306368
-788529152
-771751936
-754974720
-738197504
-721420288
-704643072
-687865856
-671088640
-654311424
-637534208
-620756992
-603979776
-587202560
-570425344
-553648128
-536870912
-520093696
-503316480
-486539264
-469762048
-452984832
-436207616
-419430400
-402653184
-385875968
-369098752
-352321536
-335544320
-318767104
-301989888
-285212672
-268435456
-251658240
-234881024
-218103808
-201326592
-184549376
-167772160
-150994944
-134217728
-117440512
-100663296
-83886080
-67108864
-50331648
-33554432
