VFAT2	11
MIN	0
MAX	255
STEP	1
N	1000000
996782
17774140
34551409
51328560
68105800
84883007
101660117
118437187
135214431
151991315
168768177
185544753
202320800
219096307
235870655
252643505
269414944
286182908
302948181
319709277
336470952
353232193
369984214
386742343
403496135
420250102
436986055
453726403
470442925
487139095
503842878
520527791
537219289
553927887
570653539
587399237
604148375
620900421
637655632
654415541
671180395
687950234
704722705
721495740
738269766
755044265
771818586
788593284
805369038
822144711
838919221
855693121
872467575
889242438
906018293
922794238
939570304
956346798
973123365
989900125
1006677318
1023455642
1040234003
1057011657
1073788103
1090564542
1107340817
1124116330
1140892148
1157667743
1174443573
1191219537
1207995934
1224771883
1241547494
1258322517
1275097718
1291873701
1308650470
1325427509
1342204599
1358981620
1375758559
1392535537
1409312419
1426089309
1442865978
1459642323
1476418075
1493193129
1509968888
1526742213
1543517377
1560293765
1577070808
1593848020
1610625235
1627402417
1644179437
1660956087
1677732428
1694509809
1711288160
1728063795
1744840468
1761617680
1778394896
1795172112
1811949328
1828726544
1845503760
1862280986
1879058192
1895835408
1912612564
1929380976
1946157056
1962934272
1979711488
1996488704
2013265920
2030043136
2046820352
2063597568
2080374784
2097152000
2113929216
2130706432
-2147483648
-2130706432
-2113929216
-2097152000
-2080374784
-2063597568
-2046820352
-2030043136
-2013265920
-1996488704
-1979711488
-1962934272
-1946157056
-1929379840
-1912602624
-1895825408
-1879048192
-1862270976
-1845493760
-1828716544
-1811939328
-1795162112
-1778384896
-1761607680
-1744830464
-1728053248
-1711276032
-1694498816
-1677721600
-1660944384
-1644167168
-1627389952
-1610612736
-1593835520
-1577058304
-1560281088
-1543503872
-1526726656
-1509949440
-1493172224
-1476395008
-1459617792
-1442840576
-1426063360
-1409286144
-1392508928
-1375731712
-1358954496
-1342177280
-1325400064
-1308622848
-1291845632
-1275068416
-1258291200
-1241513984
-1224736768
-1207959552
-1191182336
-1174405120
-1157627904
-1140850688
-1124073472
-1107296256
-1090519040
-1073741824
-1056964608
-1040187392
-1023410176
-1006632960
-989855744
-973078528
-956301312
-939524096
-922746880
-905969664
-889192448
-872415232
-855638016
-838860800
-822083584
-805306368
-788529152
-771751936
-754974720
-738197504
-721420288
-704643072
-687865856
-671088640
-654311424
-637534208
-620756992
-603979776
-587202560
-570425344
-553648128
-536870912
-520093696
-503316480
-486539264
-469762048
-452984832
-436207616
-419430400
-402653184
-385875968
-369098752
-352321536
-335544320
-318767104
-301989888
-285212672
-268435456
-251658240
-234881024
-218103808
-201326592
-184549376
-167772160
-150994944
-134217728
-117440512
-100663296
-83886080
-67108864
-50331648
-33554432
