VFAT2	11
MIN	0
MAX	255
STEP	1
N	1000000
998407
17775783
34553005
51330148
68107254
84884438
101661490
118438553
135215519
151992116
168767293
185539444
202308038
219071565
235826607
252564620
269284955
285985001
302678428
319358405
336030884
352713462
369414547
386133133
402871396
419617223
436370575
453129231
469892358
486658106
503427427
520192418
536961356
553732717
570504873
587279423
604054082
620828787
637603416
654377723
671151710
687925791
704699524
721474437
738250153
755026314
771803201
788580023
805357007
822134047
838911024
855688154
872465274
889242481
906019643
922796823
939573992
956351223
973128279
989905175
1006682058
1023458858
1040235285
1057011579
1073787446
1090563316
1107339302
1124114986
1140890859
1157666854
1174442310
1191217938
1207993703
1224768950
1241544674
1258320653
1275096965
1291873433
1308650115
1325426955
1342203992
1358980876
1375757852
1392534816
1409311892
1426088961
1442865933
1459642870
1476419837
1493196888
1509973768
1526750728
1543527648
1560304664
1577081690
1593858649
1610635684
1627412779
1644189896
1660967059
1677744190
1694521371
1711298573
1728075777
1744852972
1761630189
1778407382
1795184578
1811961710
1828738856
1845515822
1862292756
1879069392
1895845756
1912621964
1929398013
1946173796
1962949804
1979726008
1996502420
2013279116
2030056012
2046833040
2063610152
2080387344
2097164539
2113941719
2130718936
-2147471149
-2130693935
-2113916721
-2097139525
-2080362346
-2063585216
-2046808109
-2030031194
-2013254290
-1996477480
-1979700646
-1962923721
-1946146727
-1929369647
-1912592523
-1895815366
-1879038167
-1862260965
-1845483754
-1828706540
-1811929307
-1795152059
-1778374793
-1761597419
-1744819984
-1728042350
-1711264792
-1694487186
-1677709686
-1660932376
-1644155444
-1627378662
-1610601948
-1593825169
-1577048157
-1560271052
-1543493862
-1526716656
-1509939440
-1493162224
-1476385008
-1459607792
-1442830576
-1426053360
-1409276144
-1392498928
-1375721712
-1358944496
-1342167280
-1325390064
-1308612848
-1291835632
-1275058416
-1258281200
-1241503984
-1224726768
-1207949552
-1191172336
-1174395120
-1157617904
-1140840688
-1124063472
-1107286256
-1090509040
-1073731824
-1056959460
-1040187392
-1023410176
-1006632960
-989855744
-973078528
-956301312
-939524096
-922746880
-905969664
-889192448
-872415232
-855638016
-838860800
-822083584
-805306368
-788529152
-771751936
-754974720
-738197504
-721420288
-704643072
-687865856
-671088640
-654311424
-637534208
-620756992
-603979776
-587202560
-570425344
-553648128
-536870912
-520093696
-503316480
-486539264
-469762048
-452984832
-436207616
-419430400
-402653184
-385875968
-369098752
-352321536
-335544320
-318767104
-301989888
-285212672
-268435456
-251658240
-234881024
-218103808
-201326592
-184549376
-167772160
-150994944
-134217728
-117440512
-100663296
-83886080
-67108864
-50331648
-33554432
