VFAT2	11
MIN	0
MAX	255
STEP	1
N	1000000
998071
17775290
34552503
51329524
68106569
84883308
101660158
118436886
135212992
151986435
168755673
185520193
202274329
219006085
235712367
252407841
269094001
285755424
302415499
319104618
335823336
352561125
369304039
386053191
402803048
419561694
436326754
453095859
469863003
486630958
503401310
520173046
536946073
553719506
570492953
587267155
604041446
620816219
637591249
654366890
671142811
687918960
704695389
721472086
738248500
755025206
771801762
788578044
805354638
822131089
838907678
855684172
872460458
889237037
906013350
922789471
939565461
956341482
973117774
989893926
1006670266
1023446550
1040222657
1056998696
1073774415
1090549733
1107325598
1124101322
1140877372
1157653506
1174429901
1191206458
1207983191
1224760004
1241536917
1258313942
1275091079
1291868241
1308645411
1325422598
1342199797
1358977003
1375754225
1392531430
1409308645
1426085861
1442863077
1459640292
1476417508
1493194725
1509971940
1526749156
1543526373
1560303588
1577080804
1593858020
1610635236
1627412452
1644189664
1660966884
1677744092
1694521288
1711298500
1728075668
1744852792
1761629732
1778406680
1795183384
1811960004
1828736216
1845512160
1862288264
1879064328
1895840536
1912616800
1929393368
1946170128
1962947144
1979724156
1996501284
2013278440
2030055644
2046832852
2063610072
2080387284
2097164501
2113941713
2130718918
-2147471185
-2130694000
-2113916862
-2097139749
-2080362653
-2063585651
-2046808671
-2030031704
-2013254779
-1996477809
-1979700841
-1962923804
-1946146771
-1929369655
-1912592510
-1895815349
-1879038161
-1862260959
-1845483754
-1828706540
-1811929320
-1795152106
-1778374880
-1761597648
-1744820401
-1728043128
-1711265767
-1694488393
-1677710919
-1660933470
-1644155896
-1627378381
-1610600872
-1593823480
-1577046159
-1560268851
-1543491428
-1526715006
-1509938069
-1493161269
-1476384396
-1459607435
-1442830384
-1426053267
-1409276105
-1392498910
-1375721706
-1358944496
-1342167280
-1325390064
-1308612848
-1291835632
-1275058416
-1258281200
-1241503984
-1224726768
-1207949552
-1191172336
-1174395116
-1157617904
-1140840688
-1124063472
-1107286256
-1090509040
-1073731824
-1056954608
-1040177392
-1023400176
-1006622960
-989845744
-973068528
-956291312
-939514096
-922736880
-905959664
-889182448
-872405232
-855628016
-838850800
-822073584
-805296368
-788519152
-771741936
-754964720
-738187504
-721410288
-704633072
-687855856
-671078640
-654301424
-637524208
-620746992
-603969776
-587192560
-570416300
-553646492
-536870912
-520093696
-503316480
-486539264
-469762048
-452984832
-436207616
-419430400
-402653184
-385875968
-369098752
-352321536
-335544320
-318767104
-301989888
-285212672
-268435456
-251658240
-234881024
-218103808
-201326592
-184549376
-167772160
-150994944
-134217728
-117440512
-100663296
-83886080
-67108864
-50331648
-33554432
