VFAT2	11
MIN	0
MAX	255
STEP	1
N	1000000
997753
17774993
34552212
51329232
68106063
84882393
101658604
118435013
135209163
151978639
168744190
185500444
202233448
218939800
235633530
252306744
268962569
285622018
302320217
319046398
335784333
352525659
369270141
386020608
402779606
419546848
436315229
453082845
469851022
486623355
503395911
520168714
536941763
553715819
570489669
587263652
604038097
620812846
637587763
654363183
671138741
687914496
704690050
721466091
738241867
755018306
771794553
788570965
805347226
822123431
838899320
855675557
872451994
889228409
906005324
922782099
939559008
956335701
973111917
989888074
1006663677
1023439192
1040214985
1056991040
1073767007
1090543517
1107320088
1124096846
1140873733
1157650688
1174427777
1191204964
1207982093
1224759296
1241536493
1258313708
1275090916
1291868132
1308645348
1325422564
1342199784
1358976996
1375754212
1392531428
1409308644
1426085860
1442863076
1459640292
1476417508
1493194724
1509971948
1526749156
1543526372
1560303584
1577080800
1593858020
1610635232
1627412416
1644189556
1660966680
1677743820
1694520732
1711297420
1728074056
1744850176
1761626616
1778402460
1795178605
1811954584
1828730792
1845507344
1862284148
1879061068
1895838088
1912615228
1929392388
1946169588
1962946780
1979723992
1996501204
2013278420
2030055631
2046832840
2063610043
2080387239
2097164417
2113941554
2130718661
-2147471565
-2130694534
-2113917547
-2097140552
-2080363667
-2063586706
-2046809697
-2030032656
-2013255628
-1996478519
-1979701375
-1962924210
-1946147023
-1929369824
-1912592612
-1895815406
-1879038188
-1862260975
-1845483756
-1828706534
-1811929316
-1795152082
-1778374838
-1761597570
-1744820240
-1728042870
-1711265480
-1694487990
-1677710448
-1660932896
-1644155097
-1627377990
-1610600645
-1593823325
-1577046087
-1560268995
-1543492012
-1526715061
-1509938191
-1493161346
-1476384455
-1459607467
-1442830389
-1426053270
-1409276099
-1392498909
-1375721704
-1358944493
-1342167278
-1325390064
-1308612848
-1291835632
-1275058416
-1258281200
-1241503984
-1224726768
-1207949552
-1191172336
-1174395120
-1157617904
-1140840688
-1124063472
-1107286256
-1090509040
-1073731824
-1056954608
-1040177392
-1023400176
-1006622960
-989845744
-973068528
-956291312
-939514096
-922736880
-905959664
-889182448
-872405232
-855628016
-838850800
-822073584
-805296368
-788519152
-771741936
-754964720
-738187504
-721410288
-704633072
-687855856
-671078640
-654301420
-637524208
-620746992
-603969776
-587192560
-570415344
-553638128
-536860912
-520083696
-503306480
-486529264
-469752048
-452974832
-436197616
-419420400
-402643184
-385865968
-369088752
-352311868
-335538904
-318766764
-301989888
-285212672
-268435456
-251658240
-234881024
-218103808
-201326592
-184549376
-167772160
-150994944
-134217728
-117440512
-100663296
-83886080
-67108864
-50331648
-33554432
