VFAT2	11
MIN	0
MAX	255
STEP	1
N	1000000
996044
17773289
34549948
51325468
68099806
84871574
101638786
118399427
135145265
151854598
168538984
185195734
201775898
218401155
235106507
251840600
268586753
285340328
302102694
318869504
335639837
352409946
369178842
385948814
402720304
419492484
436265514
453038725
469812966
486587146
503361305
520135985
536911139
553686802
570462900
587239513
604016301
620793127
637570041
654346973
671123885
687900926
704677934
721454881
738231780
755008790
771785451
788562481
805339210
822115686
838892506
855669214
872445741
889222073
905998327
922774526
939551006
956326814
973103321
989879701
1006656385
1023433246
1040210049
1056987069
1073763950
1090540631
1107317028
1124093180
1140868897
1157644662
1174420243
1191196451
1207972877
1224749583
1241526536
1258303671
1275080885
1291858078
1308635323
1325412539
1342189767
1358966993
1375744206
1392521420
1409298625
1426075835
1442853009
1459630137
1476407247
1493184304
1509961355
1526738362
1543515341
1560292343
1577069380
1593846434
1610623516
1627400579
1644178133
1660954709
1677731837
1694508990
1711286130
1728063309
1744840493
1761617698
1778394906
1795172120
1811949332
1828726545
1845503765
1862280976
1879058192
1895835408
1912612624
1929389840
1946167056
1962944272
1979721488
1996498708
2013275920
2030053139
2046830352
2063607568
2080384784
2097162000
2113939216
2130716433
-2147473648
-2130696427
-2113919210
-2097141986
-2080364756
-2063587500
-2046810238
-2030032928
-2013255598
-1996478228
-1979700838
-1962923344
-1946145817
-1929368384
-1912590964
-1895813533
-1879036196
-1862258947
-1845481858
-1828704858
-1811927914
-1795150990
-1778374132
-1761597151
-1744820120
-1728043072
-1711265956
-1694488781
-1677711581
-1660934379
-1644157166
-1627379950
-1610602735
-1593825520
-1577048304
-1560271088
-1543493871
-1526716656
-1509939440
-1493162224
-1476385008
-1459607792
-1442830576
-1426053360
-1409276144
-1392498928
-1375721712
-1358944496
-1342167280
-1325390064
-1308612848
-1291835632
-1275058416
-1258281200
-1241503984
-1224726768
-1207949552
-1191172336
-1174395120
-1157617904
-1140840687
-1124063472
-1107286256
-1090509040
-1073731824
-1056954608
-1040177392
-1023400176
-1006622960
-989845744
-973068528
-956291312
-939514096
-922736880
-905959664
-889182448
-872405232
-855628016
-838850800
-822073584
-805296364
-788519152
-771741936
-754964720
-738187504
-721410288
-704633072
-687855856
-671078640
-654301424
-637524208
-620746992
-603969772
-587192560
-570415339
-553638128
-536860912
-520083696
-503306480
-486529264
-469752048
-452974828
-436197616
-419420400
-402643184
-385865968
-369088752
-352311536
-335534320
-318757104
-301979888
-285202672
-268425456
-251648240
-234871024
-218093808
-201316592
-184539374
-167762300
-150985985
-134212368
-117440160
-100663296
-83886080
-67108864
-50331648
-33554432
