VFAT2	11
MIN	0
MAX	255
STEP	1
N	1000000
996469
17773734
34550981
51328246
68105464
84882682
101659882
118437115
135214128
151991058
168767769
185544194
202319973
219095374
235870147
252643647
269415981
286186437
302955247
319719330
336484939
353247902
370007530
386766420
403520871
420275604
437023326
453771041
470511027
487240999
503972936
520681084
537381930
554052172
570726012
587430127
604162686
620903038
637651019
654408425
671175273
687945503
704717396
721490753
738264639
755038766
771813433
788587507
805361530
822135265
838910560
855686346
872462248
889239330
906016044
922793388
939571758
956350280
973127498
989903079
1006678887
1023454968
1040229785
1057004207
1073778982
1090554394
1107330495
1124105932
1140881460
1157656484
1174432783
1191209792
1207986832
1224763756
1241540537
1258317367
1275093724
1291869923
1308645341
1325420238
1342194711
1358968940
1375744464
1392521452
1409298643
1426075847
1442852884
1459629531
1476407342
1493183377
1509959450
1526736656
1543513872
1560291088
1577068304
1593845520
1610622925
1627399952
1644177168
1660953936
1677721740
1694498816
1711276032
1728053248
1744830464
1761607680
1778384896
1795162112
1811939328
1828716544
1845493760
1862270976
1879048192
1895825408
1912602624
1929379840
1946157056
1962934272
1979711488
1996488704
2013265920
2030043136
2046820352
2063597568
2080374784
2097152000
2113929216
2130706432
-2147483648
-2130706432
-2113929216
-2097152000
-2080374784
-2063597568
-2046820352
-2030043136
-2013265920
-1996488704
-1979711488
-1962934272
-1946157056
-1929379840
-1912602624
-1895825408
-1879048192
-1862270976
-1845493760
-1828716544
-1811939328
-1795162112
-1778384896
-1761607680
-1744830464
-1728053248
-1711276032
-1694498816
-1677721600
-1660944384
-1644167168
-1627389952
-1610612736
-1593835520
-1577058304
-1560281088
-1543503872
-1526726656
-1509949440
-1493172224
-1476395008
-1459617792
-1442840576
-1426063360
-1409286144
-1392508928
-1375731712
-1358954496
-1342177280
-1325400064
-1308622848
-1291845632
-1275068416
-1258291200
-1241513984
-1224736768
-1207959552
-1191182336
-1174405120
-1157627904
-1140850688
-1124073472
-1107296256
-1090519040
-1073741824
-1056964608
-1040187392
-1023410176
-1006632960
-989855744
-973078528
-956301312
-939524096
-922746880
-905969664
-889192448
-872415232
-855638016
-838860800
-822083584
-805306368
-788529152
-771751936
-754974720
-738197504
-721420288
-704643072
-687865856
-671088640
-654311424
-637534208
-620756992
-603979776
-587202560
-570425344
-553648128
-536870912
-520093696
-503316480
-486539264
-469762048
-452984832
-436207616
-419430400
-402653184
-385875968
-369098752
-352321536
-335544320
-318767104
-301989888
-285212672
-268435456
-251658240
-234881024
-218103808
-201326592
-184549376
-167772160
-150994944
-134217728
-117440512
-100663296
-83886080
-67108864
-50331648
-33554432
