VFAT2	11
MIN	0
MAX	255
STEP	1
N	1000000
998148
17775363
34552579
51329811
68107038
84884161
101661344
118438440
135215483
151992518
168769425
185545775
202321148
219094832
235866253
252633754
269394640
286146383
302884374
319605862
336307253
352992868
369670656
386347841
403036491
419745351
436475667
453219892
469972290
486727352
503483246
520240551
537002172
553766911
570532137
587299836
604070484
620842451
637615287
654389471
671164224
687939146
704714406
721489233
738264654
755040245
771816291
788592453
805368484
822144077
838918952
855694232
872469447
889244293
906019802
922795890
939572745
956349679
973126686
989903101
1006679570
1023456240
1040233102
1057010242
1073787384
1090564352
1107341454
1124118760
1140896019
1157673181
1174450106
1191226507
1208002274
1224777962
1241552906
1258328908
1275104696
1291880551
1308656603
1325432767
1342208797
1358984576
1375760496
1392537082
1409313880
1426090883
1442868020
1459645082
1476422216
1493199311
1509976390
1526753411
1543530472
1560307556
1577084710
1593861738
1610638808
1627415840
1644192836
1660969819
1677746706
1694523565
1711300363
1728076442
1744852152
1761627631
1778402877
1795178125
1811953788
1828729903
1845506553
1862283570
1879060724
1895837908
1912615127
1929392340
1946169542
1962946705
1979723760
1996500631
2013277308
2030053973
2046830702
2063607670
2080384804
2097162016
2113939359
2130717123
-2147472163
-2130695234
-2113919003
-2097141988
-2080364784
-2063587568
-2046810352
-2030033136
-2013255920
-1996478704
-1979701488
-1962924272
-1946147056
-1929369840
-1912592624
-1895815408
-1879038192
-1862260976
-1845489592
-1828716544
-1811939328
-1795162112
-1778384896
-1761607680
-1744830464
-1728053248
-1711276032
-1694498816
-1677721600
-1660944384
-1644167168
-1627389952
-1610612736
-1593835520
-1577058304
-1560281088
-1543503872
-1526726656
-1509949440
-1493172224
-1476395008
-1459617792
-1442840576
-1426063360
-1409286144
-1392508928
-1375731712
-1358954496
-1342177280
-1325400064
-1308622848
-1291845632
-1275068416
-1258291200
-1241513984
-1224736768
-1207959552
-1191182336
-1174405120
-1157627904
-1140850688
-1124073472
-1107296256
-1090519040
-1073741824
-1056964608
-1040187392
-1023410176
-1006632960
-989855744
-973078528
-956301312
-939524096
-922746880
-905969664
-889192448
-872415232
-855638016
-838860800
-822083584
-805306368
-788529152
-771751936
-754974720
-738197504
-721420288
-704643072
-687865856
-671088640
-654311424
-637534208
-620756992
-603979776
-587202560
-570425344
-553648128
-536870912
-520093696
-503316480
-486539264
-469762048
-452984832
-436207616
-419430400
-402653184
-385875968
-369098752
-352321536
-335544320
-318767104
-301989888
-285212672
-268435456
-251658240
-234881024
-218103808
-201326592
-184549376
-167772160
-150994944
-134217728
-117440512
-100663296
-83886080
-67108864
-50331648
-33554432
