VFAT2	11
MIN	0
MAX	255
STEP	1
N	1000000
995449
17773205
34549446
51323770
68095196
84860271
101619240
118354359
135032339
151699916
168333899
184902170
201581306
218312417
235053368
251804898
268560610
285320863
302085581
318852514
335622838
352393529
369164927
385937013
402709844
419484284
436258681
453033618
469808251
486583515
503358911
520134565
536910358
553686779
570463592
587240588
604017956
620794602
637571472
654348553
671125511
687902013
704678413
721454783
738230827
755006952
771782903
788558846
805334782
822110512
838886451
855661791
872436561
889211722
905986144
922761815
939537290
956313447
973089941
989867033
1006644173
1023421557
1040198832
1056976283
1073753695
1090531072
1107308383
1124085647
1140862839
1157639981
1174417095
1191194092
1207971051
1224748024
1241525069
1258302021
1275079020
1291856038
1308633162
1325410251
1342187402
1358964608
1375741856
1392519092
1409296392
1426073668
1442851040
1459628370
1476405718
1493182893
1509960228
1526737412
1543514620
1560291718
1577068751
1593845848
1610622970
1627400104
1644177278
1660954431
1677731630
1694508828
1711286037
1728063254
1744840466
1761617680
1778394897
1795172112
1811949328
1828726544
1845503760
1862280976
1879058192
1895835408
1912612624
1929389840
1946167056
1962944272
1979721489
1996498705
2013275920
2030053137
2046830353
2063607577
2080384791
2097162025
2113939278
2130716543
-2147473478
-2130696113
-2113918744
-2097141248
-2080363816
-2063586289
-2046808861
-2030031447
-2013254124
-1996476971
-1979699881
-1962922837
-1946145910
-1929368953
-1912591995
-1895815000
-1879037937
-1862260827
-1845483699
-1828706519
-1811929314
-1795152105
-1778374896
-1761597680
-1744820464
-1728043248
-1711266032
-1694488816
-1677711600
-1660934384
-1644157168
-1627379952
-1610602736
-1593825520
-1577048304
-1560271088
-1543493872
-1526716656
-1509939440
-1493162224
-1476385008
-1459607792
-1442830576
-1426053360
-1409276144
-1392498928
-1375721712
-1358944496
-1342167280
-1325390064
-1308612848
-1291835632
-1275058416
-1258281200
-1241503984
-1224726768
-1207949552
-1191172336
-1174395120
-1157617904
-1140840688
-1124063472
-1107286256
-1090509040
-1073731824
-1056954608
-1040177392
-1023400176
-1006622960
-989845744
-973068528
-956291312
-939514096
-922736880
-905959664
-889182448
-872405232
-855628016
-838850800
-822073584
-805296367
-788519151
-771741957
-754965544
-738193848
-721420168
-704643072
-687865856
-671088640
-654311424
-637534208
-620756992
-603979776
-587202560
-570425332
-553648124
-536870876
-520093696
-503316480
-486539264
-469762048
-452984832
-436207616
-419430400
-402653184
-385875968
-369098752
-352321536
-335544320
-318767104
-301989888
-285212672
-268435456
-251658240
-234881024
-218103808
-201326592
-184549376
-167772160
-150994944
-134217728
-117440512
-100663296
-83886080
-67108864
-50331648
-33554432
