VFAT2	11
MIN	0
MAX	255
STEP	1
N	1000000
995797
17773351
34549483
51323743
68095028
84860056
101618216
118345797
135012998
151667493
168254506
184858500
201565513
218299982
235046160
251796638
268554304
285314893
302080630
318849530
335619969
352391772
369162778
385934953
402708590
419482656
436257828
453032713
469807735
486582682
503358343
520133987
536910073
553686688
570463473
587240318
604017449
620794497
637571607
654348680
671125313
687901838
704678000
721454141
738230304
755006190
771782227
788558295
805334421
822110164
838885604
855660111
872435182
889209878
905985042
922760329
939536426
956312839
973089797
989866879
1006644086
1023421503
1040198848
1056976293
1073753726
1090531058
1107308364
1124085620
1140862758
1157639913
1174416913
1191193942
1207970933
1224747928
1241524921
1258301853
1275078907
1291855955
1308633087
1325410218
1342187399
1358964619
1375741856
1392519116
1409296454
1426073743
1442851119
1459628415
1476405703
1493183009
1509960289
1526737458
1543514551
1560291617
1577068725
1593845803
1610622954
1627400082
1644177227
1660954429
1677731626
1694508831
1711286042
1728063253
1744840464
1761617682
1778394896
1795172112
1811949328
1828726544
1845503760
1862280976
1879058192
1895835408
1912612624
1929389840
1946167056
1962944272
1979721488
1996498704
2013275920
2030053137
2046830353
2063607572
2080384792
2097162028
2113939261
2130716540
-2147473454
-2130696106
-2113918703
-2097141264
-2080363810
-2063586282
-2046808762
-2030031318
-2013254002
-1996476830
-1979699711
-1962922767
-1946145807
-1929368923
-1912591825
-1895814514
-1879037950
-1862260841
-1845483698
-1828706515
-1811929315
-1795152103
-1778374894
-1761597680
-1744820464
-1728043248
-1711266032
-1694488816
-1677711600
-1660934384
-1644157168
-1627379952
-1610602736
-1593825520
-1577048304
-1560271088
-1543493872
-1526716656
-1509939440
-1493162224
-1476385008
-1459607792
-1442830576
-1426053360
-1409276144
-1392498928
-1375721712
-1358944496
-1342167280
-1325390064
-1308612848
-1291835632
-1275058416
-1258281200
-1241503984
-1224726768
-1207949552
-1191172336
-1174395120
-1157617904
-1140840688
-1124063472
-1107286256
-1090509040
-1073731824
-1056954608
-1040177392
-1023400176
-1006622960
-989845744
-973068528
-956291312
-939514096
-922736880
-905959664
-889182448
-872405232
-855628016
-838850800
-822073584
-805296367
-788519143
-771741955
-754965579
-738194136
-721420216
-704643072
-687865856
-671088640
-654311424
-637534208
-620756992
-603979776
-587202560
-570425344
-553648128
-536870908
-520093696
-503316480
-486539264
-469762048
-452984832
-436207616
-419430400
-402653184
-385875968
-369098752
-352321536
-335544320
-318767104
-301989888
-285212672
-268435456
-251658240
-234881024
-218103808
-201326592
-184549376
-167772160
-150994944
-134217728
-117440512
-100663296
-83886080
-67108864
-50331648
-33554432
