VFAT2	11
MIN	0
MAX	255
STEP	1
N	1000000
994946
17773326
34549424
51324101
68095344
84859937
101618820
118357429
135042067
151708112
168370072
184946812
201595453
218320137
235060703
251810753
268565816
285324603
302087755
318855116
335624746
352395371
369165527
385938188
402710833
419484688
436259159
453033843
469808708
486583872
503359133
520134726
536910623
553687133
570463682
587240675
604017553
620794550
637571620
654348513
671125527
687902251
704678573
721454947
738231039
755007350
771784022
788559118
805335053
822110784
838886789
855661987
872437078
889212292
905987241
922762290
939537738
956313821
973090253
989867147
1006644240
1023421446
1040198809
1056976253
1073753615
1090531092
1107308369
1124085641
1140862884
1157640029
1174417138
1191194131
1207971191
1224748217
1241525184
1258302130
1275079099
1291856151
1308633198
1325410289
1342187442
1358964625
1375741848
1392519092
1409296368
1426073646
1442850982
1459628268
1476405598
1493182841
1509960126
1526737321
1543514468
1560291603
1577068766
1593845830
1610622965
1627400113
1644177251
1660954442
1677731626
1694508837
1711286041
1728063253
1744840464
1761617680
1778394896
1795172112
1811949328
1828726544
1845503760
1862280976
1879058192
1895835408
1912612624
1929389840
1946167056
1962944272
1979721488
1996498704
2013275921
2030053137
2046830354
2063607575
2080384795
2097162036
2113939263
2130716521
-2147473474
-2130696147
-2113918743
-2097141358
-2080363869
-2063586368
-2046808916
-2030031488
-2013254209
-1996477016
-1979699894
-1962922886
-1946145953
-1929369020
-1912592018
-1895815067
-1879037940
-1862260844
-1845483701
-1828706519
-1811929307
-1795152105
-1778374894
-1761597680
-1744820464
-1728043248
-1711266032
-1694488816
-1677711600
-1660934384
-1644157168
-1627379952
-1610602736
-1593825520
-1577048304
-1560271088
-1543493872
-1526716656
-1509939440
-1493162224
-1476385004
-1459607792
-1442830576
-1426053360
-1409276144
-1392498928
-1375721712
-1358944496
-1342167280
-1325390064
-1308612848
-1291835632
-1275058416
-1258281200
-1241503984
-1224726768
-1207949552
-1191172336
-1174395120
-1157617904
-1140840688
-1124063472
-1107286252
-1090509040
-1073731824
-1056954608
-1040177392
-1023400176
-1006622960
-989845744
-973068524
-956291312
-939514096
-922736880
-905959664
-889182448
-872405232
-855628016
-838850800
-822073583
-805296365
-788519148
-771741953
-754965475
-738193968
-721420168
-704643072
-687865856
-671088640
-654311424
-637534208
-620756992
-603979776
-587202560
-570425344
-553648128
-536870912
-520093696
-503316480
-486539264
-469762048
-452984832
-436207616
-419430400
-402653184
-385875968
-369098752
-352321536
-335544320
-318767104
-301989888
-285212672
-268435456
-251658240
-234881024
-218103808
-201326592
-184549376
-167772160
-150994944
-134217728
-117440512
-100663296
-83886080
-67108864
-50331648
-33554432
