VFAT2	11
MIN	0
MAX	255
STEP	1
N	1000000
992972
17763491
34527130
51285217
68045550
84798534
101528658
118210523
134764066
151294677
167937065
184661712
201413575
218176849
234945741
251718066
268491400
285265564
302040109
318814785
335588901
352363549
369138289
385914167
402690306
419467545
436245081
453022888
469800440
486577849
503354177
520129764
536904641
553679826
570455039
587230599
604006741
620783161
637559701
654336462
671113398
687890209
704667189
721443974
738220880
754997800
771774757
788551848
805328713
822105359
838881934
855658044
872433921
889209864
905985739
922761627
939537944
956314470
973091408
989868396
1006645528
1023422720
1040199904
1056977108
1073754324
1090531540
1107308756
1124085972
1140863188
1157640404
1174417620
1191194836
1207972055
1224749258
1241526461
1258303637
1275080797
1291857958
1308635093
1325412272
1342189545
1358966842
1375744110
1392521366
1409298592
1426075821
1442853015
1459630172
1476407245
1493184315
1509961275
1526738185
1543515035
1560291950
1577068829
1593845840
1610622930
1627400041
1644177213
1660954399
1677731606
1694508818
1711286033
1728063249
1744840464
1761617680
1778394896
1795172112
1811949328
1828726544
1845503760
1862280976
1879058192
1895835408
1912612624
1929389840
1946167056
1962944272
1979721488
1996498704
2013275920
2030053143
2046830366
2063607586
2080384866
2097162154
2113939519
2130716995
-2147472782
-2130695154
-2113917566
-2097139790
-2080362627
-2063585253
-2046808011
-2030030871
-2013253864
-1996477019
-1979700203
-1962923453
-1946146605
-1929369628
-1912592533
-1895815379
-1879038183
-1862260974
-1845483759
-1828706544
-1811929328
-1795152112
-1778374896
-1761597680
-1744820464
-1728043248
-1711266032
-1694488816
-1677711600
-1660934384
-1644157168
-1627379952
-1610602736
-1593825520
-1577048304
-1560271088
-1543493872
-1526716656
-1509939440
-1493162224
-1476385008
-1459607792
-1442830576
-1426053360
-1409276144
-1392498928
-1375721712
-1358944496
-1342167280
-1325390064
-1308612848
-1291835632
-1275058416
-1258281200
-1241503984
-1224726767
-1207949549
-1191172330
-1174395111
-1157617887
-1140840671
-1124063470
-1107286256
-1090509040
-1073731824
-1056954608
-1040177392
-1023400176
-1006622968
-989845844
-973069412
-956296888
-939523812
-922746872
-905969664
-889192448
-872415232
-855638016
-838860800
-822083584
-805306368
-788529152
-771751936
-754974720
-738197504
-721420288
-704643072
-687865856
-671088640
-654311424
-637534208
-620756992
-603979776
-587202560
-570425344
-553648128
-536870912
-520093696
-503316480
-486539264
-469762048
-452984832
-436207616
-419430400
-402653184
-385875968
-369098752
-352321536
-335544320
-318767104
-301989888
-285212672
-268435456
-251658240
-234881024
-218103808
-201326592
-184549376
-167772160
-150994944
-134217728
-117440512
-100663296
-83886080
-67108864
-50331648
-33554432
