VFAT2	11
MIN	0
MAX	255
STEP	1
N	1000000
996207
17773208
34548894
51322636
68093486
84860239
101611297
118317074
134965144
151527972
168124790
184809255
201533119
218273989
235025646
251780904
268540678
285304029
302072648
318842540
335614129
352385620
369157201
385930349
402705029
419480114
436255249
453030661
469805488
486581049
503356890
520133049
536909658
553686134
570463161
587240237
604017397
620794530
637571544
654348197
671124775
687901105
704676879
721452771
738228749
755005120
771781350
788557564
805332874
822107847
838882376
855656754
872431307
889206656
905982232
922758649
939535453
956312296
973089484
989866759
1006644150
1023421709
1040199129
1056976532
1073753868
1090531204
1107308356
1124085510
1140862618
1157639592
1174416586
1191193579
1207970517
1224747472
1241524522
1258301526
1275078624
1291855780
1308632981
1325410176
1342187399
1358964678
1375741958
1392519310
1409296647
1426073995
1442851382
1459628739
1476406059
1493183224
1509960394
1526737515
1543514580
1560291656
1577068675
1593845796
1610622897
1627400080
1644177226
1660954408
1677731618
1694508823
1711286038
1728063249
1744840465
1761617680
1778394897
1795172112
1811949328
1828726544
1845503760
1862280976
1879058192
1895835408
1912612624
1929389840
1946167056
1962944272
1979721488
1996498704
2013275920
2030053137
2046830354
2063607569
2080384790
2097162025
2113939262
2130716538
-2147473420
-2130696032
-2113918406
-2097141145
-2080363661
-2063586047
-2046808621
-2030031144
-2013253850
-1996476603
-1979699477
-1962922503
-1946145533
-1929368627
-1912591779
-1895814827
-1879037872
-1862260776
-1845483663
-1828706495
-1811929316
-1795152107
-1778374892
-1761597680
-1744820460
-1728043248
-1711266032
-1694488816
-1677711600
-1660934384
-1644157168
-1627379952
-1610602732
-1593825520
-1577048304
-1560271088
-1543493872
-1526716656
-1509939440
-1493162224
-1476385008
-1459607792
-1442830576
-1426053360
-1409276144
-1392498928
-1375721712
-1358944496
-1342167280
-1325390060
-1308612848
-1291835632
-1275058416
-1258281200
-1241503984
-1224726768
-1207949552
-1191172336
-1174395120
-1157617904
-1140840688
-1124063472
-1107286256
-1090509040
-1073731824
-1056954608
-1040177392
-1023400176
-1006622960
-989845744
-973068528
-956291312
-939514096
-922736880
-905959664
-889182448
-872405232
-855628016
-838850799
-822073578
-805296362
-788519145
-771742024
-754966584
-738195852
-721420280
-704643072
-687865856
-671088640
-654311424
-637534208
-620756992
-603979776
-587202560
-570425344
-553648128
-536870912
-520093696
-503316480
-486539264
-469762048
-452984832
-436207616
-419430400
-402653184
-385875968
-369098752
-352321536
-335544320
-318767104
-301989888
-285212672
-268435456
-251658240
-234881024
-218103808
-201326592
-184549376
-167772160
-150994944
-134217728
-117440512
-100663296
-83886080
-67108864
-50331648
-33554432
