VFAT2	11
MIN	0
MAX	255
STEP	1
N	1000000
996159
17773092
34548453
51321616
68092535
84859144
101606345
118309468
134941248
151498476
168105389
184796599
201521909
218267130
235019682
251774688
268536888
285302395
302070153
318840374
335612117
352383251
369155633
385929485
402704314
419479149
436254351
453029406
469805004
486580531
503356310
520132622
536909148
553686078
570463053
587240130
604017372
620794471
637571407
654348231
671124467
687900450
704676405
721452377
738228531
755004932
771781006
788556822
805332143
822106627
838881029
855655288
872430404
889205924
905981861
922758299
939535103
956312284
973089468
989866856
1006644387
1023421818
1040199217
1056976658
1073753988
1090531247
1107308411
1124085503
1140862544
1157639539
1174416451
1191193431
1207970432
1224747344
1241524362
1258301483
1275078638
1291855754
1308632948
1325410195
1342187420
1358964696
1375742011
1392519365
1409296771
1426074107
1442851465
1459628831
1476406112
1493183382
1509960428
1526737527
1543514565
1560291621
1577068675
1593845770
1610622893
1627400068
1644177221
1660954420
1677731623
1694508821
1711286035
1728063251
1744840464
1761617680
1778394896
1795172112
1811949328
1828726544
1845503760
1862280976
1879058249
1895835449
1912613115
1929389895
1946167056
1962944272
1979721488
1996498704
2013275920
2030053136
2046830354
2063607573
2080384789
2097162025
2113939265
2130716542
-2147473449
-2130696091
-2113918699
-2097141137
-2080363627
-2063586062
-2046808567
-2030031095
-2013253791
-1996476544
-1979699372
-1962922404
-1946145506
-1929368632
-1912591777
-1895814811
-1879037833
-1862260778
-1845483661
-1828706494
-1811929302
-1795152107
-1778374893
-1761597679
-1744820464
-1728043248
-1711266032
-1694488816
-1677711600
-1660934384
-1644157168
-1627379952
-1610602736
-1593825520
-1577048304
-1560271088
-1543493872
-1526716656
-1509939440
-1493162224
-1476385008
-1459607792
-1442830576
-1426053360
-1409276144
-1392498928
-1375721712
-1358944496
-1342167280
-1325390064
-1308612848
-1291835632
-1275058416
-1258281200
-1241503984
-1224726764
-1207949552
-1191172336
-1174395120
-1157617900
-1140840688
-1124063472
-1107286256
-1090509040
-1073731824
-1056954608
-1040177392
-1023400176
-1006622960
-989845744
-973068528
-956291312
-939514096
-922736880
-905959664
-889182448
-872405232
-855628016
-838850797
-822073576
-805296356
-788519151
-771742048
-754967012
-738196344
-721420284
-704643072
-687865856
-671088640
-654311424
-637534208
-620756992
-603979776
-587202560
-570425344
-553648128
-536870912
-520093696
-503316480
-486539264
-469762048
-452984832
-436207616
-419430400
-402653184
-385875968
-369098752
-352321536
-335544320
-318767104
-301989888
-285212672
-268435456
-251658240
-234881024
-218103808
-201326592
-184549376
-167772160
-150994944
-134217728
-117440512
-100663296
-83886080
-67108864
-50331648
-33554432
