VFAT2	11
MIN	0
MAX	255
STEP	1
N	1000000
995978
17773435
34549304
51323484
68094797
84860441
101618189
118340507
135006840
151652540
168223545
184844382
201556724
218296370
235041011
251794135
268550721
285313160
302079180
318848658
335619038
352390590
369161781
385934349
402707817
419482530
436257578
453032448
469807513
486582531
503358068
520133978
536910106
553686705
570463464
587240418
604017497
620794623
637571567
654348585
671125323
687901889
704677812
721453983
738229933
755005936
771782024
788558236
805334113
822109853
838885080
855660184
872434584
889209354
905984337
922760169
939536035
956312688
973089569
989866808
1006644088
1023421439
1040198892
1056976266
1073753745
1090531042
1107308392
1124085609
1140862734
1157639837
1174416908
1191193909
1207970880
1224747833
1241524898
1258301889
1275078866
1291855936
1308633065
1325410200
1342187379
1358964625
1375741881
1392519178
1409296450
1426073783
1442851149
1459628501
1476405810
1493183008
1509960235
1526737396
1543514534
1560291648
1577068722
1593845811
1610622927
1627400074
1644177242
1660954425
1677731615
1694508823
1711286039
1728063249
1744840464
1761617680
1778394896
1795172112
1811949328
1828726544
1845503760
1862280976
1879058192
1895835408
1912612624
1929389840
1946167056
1962944272
1979721488
1996498704
2013275973
2030053139
2046830781
2063607644
2080384796
2097162023
2113939270
2130716522
-2147473497
-2130696130
-2113918737
-2097141265
-2080363764
-2063586259
-2046808814
-2030031342
-2013254015
-1996476795
-1979699672
-1962922682
-1946145765
-1929368822
-1912591936
-1895814939
-1879037880
-1862260825
-1845483669
-1828706514
-1811929316
-1795152107
-1778374892
-1761597679
-1744820464
-1728043247
-1711266032
-1694488816
-1677711600
-1660934384
-1644157168
-1627379952
-1610602736
-1593825520
-1577048304
-1560271088
-1543493872
-1526716656
-1509939440
-1493162224
-1476385008
-1459607792
-1442830576
-1426053360
-1409276144
-1392498928
-1375721712
-1358944496
-1342167280
-1325390064
-1308612848
-1291835632
-1275058416
-1258281200
-1241503984
-1224726768
-1207949552
-1191172336
-1174395120
-1157617904
-1140840688
-1124063472
-1107286256
-1090509040
-1073731824
-1056954608
-1040177392
-1023400176
-1006622960
-989845744
-973068528
-956291312
-939514096
-922736880
-905959664
-889182448
-872405232
-855628016
-838850800
-822073583
-805296365
-788519149
-771741971
-754965548
-738193948
-721420196
-704643072
-687865856
-671088640
-654311424
-637534208
-620756992
-603979776
-587202560
-570425344
-553648128
-536870912
-520093696
-503316480
-486539264
-469762048
-452984832
-436207616
-419430400
-402653184
-385875968
-369098752
-352321536
-335544320
-318767104
-301989888
-285212672
-268435456
-251658240
-234881024
-218103808
-201326592
-184549376
-167772160
-150994944
-134217728
-117440512
-100663296
-83886080
-67108864
-50331648
-33554432
