VFAT2	11
MIN	0
MAX	255
STEP	1
N	1000000
995545
17773277
34549406
51323953
68095201
84860466
101619712
118353763
135026731
151686809
168318374
184889130
201577920
218308482
235052567
251804751
268559020
285319162
302083683
318851643
335621982
352392696
369164416
385936402
402709163
419483527
436258386
453033341
469808471
486584570
503358742
520134215
536910387
553686686
570463640
587240456
604017394
620794546
637571523
654348460
671125492
687902138
704678433
721454535
738230622
755006614
771782672
788558618
805334441
822110779
838886166
855661531
872436231
889211358
905986127
922761464
939537070
956313192
973089976
989866920
1006644143
1023421550
1040198883
1056976236
1073753663
1090531074
1107308385
1124085625
1140862821
1157639963
1174417083
1191194056
1207971006
1224748018
1241524981
1258301953
1275078933
1291856035
1308633107
1325410258
1342187407
1358964604
1375741861
1392519074
1409296414
1426073723
1442851058
1459628399
1476405708
1493182944
1509960203
1526737444
1543514562
1560291636
1577068735
1593845860
1610622980
1627400090
1644177248
1660954427
1677731622
1694508824
1711286037
1728063249
1744840468
1761617680
1778394896
1795172112
1811949328
1828726544
1845503760
1862280976
1879058192
1895835408
1912612624
1929389840
1946167056
1962944272
1979721488
1996498705
2013275920
2030053137
2046830357
2063607572
2080384799
2097162034
2113939274
2130716520
-2147473457
-2130696135
-2113918725
-2097141290
-2080363797
-2063586270
-2046808860
-2030031441
-2013254096
-1996476886
-1979699751
-1962922767
-1946145860
-1929368940
-1912591978
-1895815015
-1879037929
-1862260853
-1845483708
-1828706515
-1811929318
-1795152106
-1778374896
-1761597680
-1744820464
-1728043248
-1711266032
-1694488816
-1677711600
-1660934384
-1644157168
-1627379952
-1610602736
-1593825520
-1577048304
-1560271088
-1543493872
-1526716656
-1509939440
-1493162224
-1476385008
-1459607792
-1442830576
-1426053360
-1409276144
-1392498928
-1375721712
-1358944496
-1342167280
-1325390064
-1308612848
-1291835632
-1275058416
-1258281200
-1241503984
-1224726768
-1207949552
-1191172336
-1174395120
-1157617904
-1140840688
-1124063472
-1107286256
-1090509040
-1073731824
-1056954608
-1040177392
-1023400176
-1006622960
-989845744
-973068528
-956291312
-939514096
-922736880
-905959664
-889182448
-872405232
-855628016
-838850800
-822073584
-805296367
-788519147
-771741960
-754965396
-738193820
-721420176
-704643072
-687865808
-671088204
-654311424
-637534208
-620756992
-603979776
-587202560
-570425344
-553648128
-536870912
-520093696
-503316480
-486539264
-469762048
-452984832
-436207616
-419430400
-402653184
-385875968
-369098752
-352321536
-335544320
-318767104
-301989888
-285212672
-268435456
-251658240
-234881024
-218103808
-201326592
-184549376
-167772160
-150994944
-134217728
-117440512
-100663296
-83886080
-67108864
-50331648
-33554432
