VFAT2	11
MIN	0
MAX	255
STEP	1
N	1000000
996048
17772680
34547366
51318739
68087294
84851095
101592560
118287874
134884511
151454320
168079457
184763739
201490590
218239468
234998009
251760910
268527091
285293444
302062628
318834443
335605959
352378627
369152104
385926468
402701407
419476477
436251702
453027451
469802859
486578979
503355186
520131724
536908581
553685431
570462543
587239781
604016902
620793824
637570608
654347188
671123429
687899553
704675631
721451826
738227962
755003567
771779103
788554077
805328304
822102830
838877246
855652612
872428183
889204382
905981205
922758155
939535360
956312660
973090086
989867568
1006644938
1023422327
1040199663
1056976971
1073754214
1090531407
1107308502
1124085580
1140862501
1157639438
1174416371
1191193240
1207970157
1224747155
1241524247
1258301363
1275078528
1291855757
1308632966
1325410251
1342187546
1358964883
1375742307
1392519629
1409297077
1426074383
1442851847
1459629159
1476406344
1493183500
1509960497
1526737530
1543514586
1560291590
1577068646
1593845733
1610622866
1627400029
1644177220
1660954407
1677731616
1694508821
1711286036
1728063248
1744840464
1761617779
1778395096
1795172340
1811949382
1828726544
1845503760
1862280976
1879058192
1895835408
1912612624
1929389840
1946167056
1962944272
1979721492
1996498705
2013275921
2030053137
2046830353
2063607573
2080384798
2097162030
2113939292
2130716552
-2147473395
-2130696038
-2113918538
-2097141003
-2080363426
-2063585914
-2046808406
-2030030983
-2013253720
-1996476438
-1979699319
-1962922335
-1946145361
-1929368570
-1912591708
-1895814821
-1879037853
-1862260790
-1845483661
-1828706505
-1811929306
-1795152106
-1778374895
-1761597679
-1744820464
-1728043248
-1711266032
-1694488816
-1677711600
-1660934384
-1644157168
-1627379952
-1610602736
-1593825520
-1577048304
-1560271088
-1543493872
-1526716656
-1509939440
-1493162224
-1476385008
-1459607792
-1442830576
-1426053360
-1409276144
-1392498928
-1375721712
-1358944496
-1342167280
-1325390064
-1308612848
-1291835632
-1275058412
-1258281200
-1241503984
-1224726768
-1207949552
-1191172336
-1174395120
-1157617899
-1140840688
-1124063472
-1107286256
-1090509040
-1073731824
-1056954608
-1040177392
-1023400176
-1006622960
-989845744
-973068528
-956291312
-939514096
-922736880
-905959664
-889182448
-872405231
-855628013
-838850787
-822073577
-805296368
-788519184
-771742892
-754971140
-738197432
-721420288
-704643072
-687865856
-671088640
-654311424
-637534208
-620756992
-603979776
-587202560
-570425344
-553648128
-536870912
-520093696
-503316480
-486539264
-469762048
-452984832
-436207616
-419430400
-402653184
-385875968
-369098752
-352321536
-335544320
-318767104
-301989888
-285212672
-268435456
-251658240
-234881024
-218103808
-201326592
-184549376
-167772160
-150994944
-134217728
-117440512
-100663296
-83886080
-67108864
-50331648
-33554432
