VFAT2	11
MIN	0
MAX	255
STEP	1
N	1000000
994733
17773114
34549456
51323799
68095278
84860571
101619593
118360612
135048758
151711895
168380733
184963666
201598776
218324254
235066504
251813944
268568810
285326666
302089877
318856687
335625694
352395818
369166505
385938502
402711308
419484845
436259349
453033904
469808893
486583881
503359348
520134734
536910809
553687019
570463660
587240501
604017463
620794443
637571507
654348534
671125444
687902034
704678650
721454969
738231098
755007241
771783151
788559281
805335369
822111129
838886655
855662208
872437812
889213027
905987606
922762692
939538378
956314235
973090447
989867225
1006644342
1023421584
1040198981
1056976314
1073753687
1090531079
1107308412
1124085657
1140862833
1157640013
1174417116
1191194145
1207971119
1224748148
1241525117
1258302068
1275079116
1291856065
1308633174
1325410269
1342187420
1358964623
1375741930
1392519208
1409296573
1426073671
1442850928
1459628236
1476405594
1493182876
1509960121
1526737325
1543514506
1560291613
1577068759
1593845886
1610622951
1627400119
1644177286
1660954445
1677731633
1694508833
1711286036
1728063256
1744840467
1761617680
1778394897
1795172112
1811949328
1828726544
1845503760
1862280976
1879058192
1895835408
1912612624
1929389840
1946167056
1962944272
1979721488
1996498704
2013275921
2030053136
2046830354
2063607576
2080384796
2097162039
2113939284
2130716566
-2147473489
-2130696068
-2113918715
-2097141334
-2080363804
-2063586338
-2046808880
-2030031500
-2013254178
-1996477000
-1979699916
-1962922961
-1946145970
-1929369022
-1912592083
-1895815092
-1879037970
-1862260870
-1845483695
-1828706514
-1811929310
-1795152108
-1778374896
-1761597679
-1744820463
-1728043248
-1711266032
-1694488816
-1677711600
-1660934384
-1644157168
-1627379952
-1610602736
-1593825520
-1577048304
-1560271088
-1543493872
-1526716656
-1509939440
-1493162224
-1476385008
-1459607792
-1442830576
-1426053360
-1409276144
-1392498928
-1375721712
-1358944496
-1342167280
-1325390064
-1308612848
-1291835632
-1275058416
-1258281200
-1241503984
-1224726768
-1207949552
-1191172336
-1174395120
-1157617904
-1140840688
-1124063472
-1107286256
-1090509040
-1073731824
-1056954608
-1040177392
-1023400176
-1006622960
-989845744
-973068528
-956291312
-939514096
-922736880
-905959660
-889182448
-872405232
-855628016
-838850800
-822073584
-805296366
-788519150
-771741960
-754965555
-738193932
-721420148
-704643072
-687865856
-671088640
-654311424
-637534208
-620756992
-603979776
-587202560
-570425344
-553648128
-536870912
-520093696
-503316480
-486539264
-469762048
-452984832
-436207616
-419430400
-402653184
-385875968
-369098752
-352321536
-335544320
-318767104
-301989888
-285212672
-268435456
-251658240
-234881024
-218103808
-201326592
-184549376
-167772160
-150994944
-134217728
-117440512
-100663296
-83886080
-67108864
-50331648
-33554432
