VFAT2	11
MIN	0
MAX	255
STEP	1
N	1000000
996132
17772582
34546115
51315395
68082559
84843223
101582078
118273048
134869545
151430504
168052253
184736368
201467571
218221551
234984091
251750451
268518032
285287538
302057763
318829089
335602028
352375792
369150748
385925130
402699846
419474746
436250482
453025730
469801822
486578063
503354407
520131154
536908017
553684985
570462063
587239130
604016225
620793064
637569815
654346296
671122745
687899109
704675276
721451337
738226803
755001844
771776366
788551045
805325816
822100899
838876152
855651860
872428039
889204549
905981389
922758562
939535915
956313255
973090618
989867950
1006645280
1023422564
1040199835
1056977066
1073754288
1090531477
1107308622
1124085673
1140862694
1157639599
1174416416
1191193244
1207970195
1224747186
1241524215
1258301360
1275078544
1291855765
1308633068
1325410319
1342187667
1358965051
1375742439
1392519889
1409297319
1426074791
1442852392
1459629448
1476406454
1493183488
1509960544
1526737519
1543514537
1560291522
1577068548
1593845700
1610622848
1627400017
1644177192
1660954400
1677731611
1694508818
1711286033
1728063248
1744840464
1761617680
1778394896
1795172113
1811949328
1828726544
1845503760
1862280976
1879058192
1895835408
1912612624
1929389840
1946167056
1962944272
1979721488
1996498704
2013275920
2030053137
2046830353
2063607573
2080384793
2097162030
2113939280
2130716578
-2147473418
-2130696033
-2113918567
-2097140955
-2080363485
-2063585935
-2046808401
-2030031016
-2013253659
-1996476399
-1979699252
-1962922189
-1946145231
-1929368365
-1912591526
-1895814652
-1879037739
-1862260721
-1845483636
-1828706493
-1811929309
-1795152100
-1778374894
-1761597680
-1744820464
-1728043248
-1711266032
-1694488816
-1677711600
-1660934384
-1644157168
-1627379952
-1610602736
-1593825520
-1577048304
-1560271088
-1543493872
-1526716656
-1509939440
-1493162224
-1476385008
-1459607792
-1442830576
-1426053360
-1409276144
-1392498928
-1375721712
-1358944496
-1342167280
-1325390064
-1308612848
-1291835632
-1275058416
-1258281200
-1241503984
-1224726768
-1207949552
-1191172336
-1174395120
-1157617904
-1140840688
-1124063472
-1107286256
-1090509040
-1073731824
-1056954608
-1040177392
-1023400176
-1006622960
-989845744
-973068528
-956291312
-939514096
-922736880
-905959663
-889182448
-872405225
-855628003
-838850793
-822073583
-805296368
-788519388
-771744960
-754974096
-738197504
-721420288
-704643072
-687865856
-671088640
-654311424
-637534208
-620756992
-603979776
-587202560
-570425344
-553648128
-536870912
-520093696
-503316480
-486539264
-469762048
-452984832
-436207616
-419430400
-402653184
-385875968
-369098752
-352321536
-335544320
-318767104
-301989888
-285212672
-268435456
-251658240
-234881024
-218103808
-201326592
-184549376
-167772160
-150994944
-134217728
-117440512
-100663296
-83886080
-67108864
-50331648
-33554432
