VFAT2	11
MIN	0
MAX	255
STEP	1
N	1000000
995298
17769442
34538826
51301889
68064843
84820254
101555553
118246782
134832155
151380134
167990269
184692126
201436777
218195155
234961847
251730159
268500721
285272605
302045935
318820268
335595260
352370066
369145534
385920893
402696779
419472959
436249394
453025812
469802063
486578544
503355048
520131602
536908314
553685110
570461779
587238509
604014891
620791071
637566690
654342005
671117312
687892555
704668292
721444317
738220677
754997254
771773581
788549775
805325943
822101925
838877934
855653884
872430067
889206354
905982939
922759793
939536735
956313909
973091049
989868275
1006645459
1023422676
1040199900
1056977108
1073754324
1090531544
1107308756
1124085971
1140863180
1157640376
1174417558
1191194659
1207971751
1224748703
1241525963
1258302320
1275079300
1291856512
1308633788
1325411078
1342188472
1358965982
1375743476
1392520848
1409298222
1426075524
1442852759
1459629867
1476406937
1493183906
1509960758
1526737665
1543514610
1560291579
1577068589
1593845693
1610622839
1627400001
1644177192
1660954392
1677731604
1694508817
1711286035
1728063248
1744840464
1761617680
1778394896
1795172112
1811949328
1828726544
1845503760
1862280976
1879058192
1895835408
1912612624
1929389840
1946167056
1962944272
1979721488
1996498704
2013275920
2030053136
2046830352
2063607574
2080384790
2097162026
2113939283
2130716558
-2147473416
-2130696024
-2113918572
-2097140997
-2080363424
-2063585851
-2046808399
-2030030931
-2013253582
-1996476355
-1979699183
-1962922117
-1946145176
-1929368307
-1912591474
-1895814626
-1879037698
-1862260695
-1845483648
-1828706495
-1811929315
-1795152108
-1778374891
-1761597680
-1744820464
-1728043248
-1711266032
-1694488816
-1677711600
-1660934384
-1644157168
-1627379952
-1610602736
-1593825520
-1577048304
-1560271088
-1543493872
-1526716656
-1509939440
-1493162224
-1476385008
-1459607792
-1442830576
-1426053360
-1409276140
-1392498928
-1375721712
-1358944496
-1342167280
-1325390064
-1308612848
-1291835632
-1275058416
-1258281200
-1241503984
-1224726768
-1207949552
-1191172336
-1174395120
-1157617904
-1140840688
-1124063468
-1107286256
-1090509040
-1073731824
-1056954608
-1040177392
-1023400176
-1006622958
-989845740
-973068520
-956291296
-939514084
-922736880
-905959664
-889182448
-872405232
-855628016
-838850820
-822074236
-805302164
-788529052
-771751936
-754974720
-738197504
-721420288
-704643072
-687865856
-671088640
-654311424
-637534208
-620756992
-603979776
-587202560
-570425344
-553648128
-536870912
-520093696
-503316480
-486539264
-469762048
-452984832
-436207616
-419430400
-402653184
-385875968
-369098752
-352321536
-335544320
-318767104
-301989888
-285212672
-268435456
-251658240
-234881024
-218103808
-201326592
-184549376
-167772160
-150994944
-134217728
-117440512
-100663296
-83886080
-67108864
-50331648
-33554432
