VFAT2	11
MIN	0
MAX	255
STEP	1
N	1000000
995940
17773335
34549261
51323593
68094778
84860324
101617572
118335819
134999238
151634915
168190592
184833991
201552894
218290337
235038507
251791063
268549028
285311336
302077924
318847652
335618111
352389025
369161348
385933397
402707153
419481943
436256960
453031890
469806979
486582159
503357846
520133778
536909926
553686672
570463425
587240372
604017532
620794642
637571653
654348536
671125198
687901672
704677711
721453700
738229716
755005857
771781962
788558142
805334120
822109500
838884710
855659424
872434059
889208635
905983922
922759763
939536005
956312560
973089613
989866765
1006644029
1023421514
1040198860
1056976263
1073753734
1090531085
1107308372
1124085599
1140862719
1157639789
1174416875
1191193861
1207970788
1224747770
1241524770
1258301769
1275078793
1291855864
1308633019
1325410199
1342187406
1358964623
1375741902
1392519144
1409296472
1426073788
1442851179
1459628508
1476405844
1493183048
1509960260
1526737450
1543514551
1560291653
1577068720
1593845791
1610622980
1627400093
1644177223
1660954427
1677731622
1694508827
1711286034
1728063249
1744840465
1761617684
1778394896
1795172113
1811949328
1828726544
1845503760
1862280976
1879058192
1895835408
1912612624
1929389840
1946167056
1962944272
1979721488
1996498707
2013275920
2030053137
2046830352
2063607575
2080384792
2097162028
2113939271
2130716531
-2147473471
-2130696120
-2113918713
-2097141265
-2080363773
-2063586212
-2046808752
-2030031311
-2013253950
-1996476747
-1979699579
-1962922617
-1946145685
-1929368793
-1912591850
-1895814935
-1879037888
-1862260823
-1845483670
-1828706507
-1811929313
-1795152104
-1778374893
-1761597678
-1744820464
-1728043247
-1711265942
-1694488380
-1677711593
-1660934380
-1644157164
-1627379952
-1610602736
-1593825520
-1577048304
-1560271088
-1543493872
-1526716656
-1509939440
-1493162224
-1476385008
-1459607792
-1442830576
-1426053360
-1409276144
-1392498928
-1375721712
-1358944496
-1342167280
-1325390064
-1308612848
-1291835632
-1275058416
-1258281200
-1241503984
-1224726768
-1207949552
-1191172336
-1174395120
-1157617904
-1140840688
-1124063472
-1107286256
-1090509040
-1073731824
-1056954608
-1040177392
-1023400176
-1006622960
-989845739
-973068528
-956291312
-939514096
-922736880
-905959664
-889182448
-872405232
-855628016
-838850800
-822073584
-805296364
-788519141
-771741971
-754965644
-738194388
-721420232
-704643072
-687865856
-671088640
-654311424
-637534208
-620756992
-603979776
-587202560
-570425344
-553648128
-536870912
-520093696
-503316480
-486539264
-469762048
-452984832
-436207616
-419430400
-402653184
-385875968
-369098752
-352321536
-335544320
-318767104
-301989888
-285212672
-268435456
-251658240
-234881024
-218103808
-201326592
-184549376
-167772160
-150994944
-134217728
-117440512
-100663296
-83886080
-67108864
-50331648
-33554432
