VFAT2	11
MIN	0
MAX	255
STEP	1
N	1000000
996197
17773363
34549205
51323101
68094086
84860535
101614594
118328191
134982108
151571572
168144421
184817764
201542027
218279419
235030425
251785609
268544333
285307435
302073963
318844205
335615649
352387364
369158760
385931782
402706002
419480790
436255951
453030895
469806288
486581487
503356941
520133183
536909676
553686254
570463304
587240323
604017452
620794496
637571644
654348567
671124994
687901268
704677320
721453128
738229106
755005185
771781569
788557698
805333560
822108571
838883294
855657765
872432840
889207259
905982662
922758950
939535463
956312258
973089391
989866727
1006644148
1023421559
1040199018
1056976451
1073753821
1090531138
1107308398
1124085533
1140862664
1157639680
1174416705
1191193676
1207970613
1224747583
1241524541
1258301621
1275078710
1291855830
1308632977
1325410194
1342187401
1358964643
1375741950
1392519221
1409296589
1426073931
1442851303
1459628655
1476405976
1493183200
1509960331
1526737450
1543514521
1560291669
1577068688
1593845793
1610622916
1627400076
1644177232
1660954420
1677731618
1694508828
1711286035
1728063251
1744840465
1761617681
1778394896
1795172112
1811949328
1828726544
1845503760
1862280976
1879058192
1895835408
1912612624
1929389840
1946167056
1962944272
1979721488
1996498704
2013275920
2030053136
2046830353
2063607571
2080384796
2097162024
2113939354
2130716868
-2147473323
-2130696116
-2113918688
-2097141184
-2080363655
-2063586162
-2046808644
-2030031231
-2013253868
-1996476669
-1979699518
-1962922518
-1946145595
-1929368765
-1912591837
-1895814868
-1879037873
-1862260813
-1845483673
-1828706514
-1811929312
-1795152107
-1778374895
-1761597680
-1744820464
-1728043248
-1711266032
-1694488816
-1677711600
-1660934384
-1644157168
-1627379952
-1610602736
-1593825520
-1577048304
-1560271088
-1543493872
-1526716656
-1509939440
-1493162224
-1476385008
-1459607792
-1442830576
-1426053360
-1409276144
-1392498928
-1375721712
-1358944496
-1342167280
-1325390064
-1308612848
-1291835632
-1275058416
-1258281200
-1241503984
-1224726768
-1207949552
-1191172336
-1174395120
-1157617904
-1140840688
-1124063472
-1107286256
-1090509040
-1073731824
-1056954608
-1040177392
-1023400176
-1006622960
-989845744
-973068528
-956291312
-939514096
-922736880
-905959664
-889182448
-872405232
-855628016
-838850800
-822073581
-805296363
-788519148
-771742000
-754966020
-738195288
-721420260
-704643072
-687865856
-671088640
-654311424
-637534208
-620756992
-603979776
-587202560
-570425344
-553648128
-536870912
-520093696
-503316480
-486539264
-469762048
-452984832
-436207616
-419430400
-402653184
-385875968
-369098752
-352321536
-335544320
-318767104
-301989888
-285212672
-268435456
-251658240
-234881024
-218103808
-201326592
-184549376
-167772160
-150994944
-134217728
-117440512
-100663296
-83886080
-67108864
-50331648
-33554432
