Type	threshold
OptoHybrid	0
VFAT2	11
min	0
max	255
step	1
n	10000
----
slot	11
ctrl0	55
ctrl1	0
ctrl2	48
ctrl3	0
iPreampIn	168
iPremapFeed	80
iPreampOut	150
iShaper	150
iShaperFeed	100
iComp	75
chipId0	175
chipId1	250
latency	11
vthreshold1	60
vthreshold2	0
vcal	0
calphase	0
----
9977
16787191
33564383
50341555
67118582
83895092
100670454
117446187
134221780
150997627
167773979
184550868
201327798
218104761
234881931
251659061
268436244
285213424
301990605
318767769
335544976
352322130
369099361
385876552
402653728
419430884
436208076
452985245
469762454
486539665
503316858
520094070
536871261
553648471
570425675
587202894
603980109
620757318
637534534
654311746
671088959
687866170
704643380
721420597
738197818
754975002
771752224
788529400
805306622
822083825
838861021
855638233
872415445
889192656
905969872
922747080
939524288
956301504
973078724
989855924
1006633148
1023410352
1040187560
1056964780
1073741988
1090519184
1107296384
1124073588
1140850804
1157628024
1174405228
1191182437
1207959652
1224736868
1241514089
1258291302
1275068520
1291845734
1308622949
1325400173
1342177386
1358954600
1375731817
1392509033
1409286248
1426063470
1442840683
1459617896
1476395113
1493172324
1509949540
1526726757
1543503973
1560281188
1577058404
1593835620
1610612836
1627390052
1644167268
1660944484
1677721700
1694498916
1711276132
1728053348
1744830564
1761607780
1778384996
1795162212
1811939428
1828716644
1845493860
1862271077
1879048292
1895825508
1912602724
1929379940
1946157158
1962934372
1979711588
1996488807
2013266022
2030043236
2046820452
2063597672
2080374886
2097152105
2113929320
2130706536
-2147483543
-2130706327
-2113929111
-2097151897
-2080374678
-2063597465
-2046820251
-2030043035
-2013265819
-1996488603
-1979711388
-1962934172
-1946156956
-1929379740
-1912602524
-1895825308
-1879048092
-1862270876
-1845493660
-1828716444
-1811939228
-1795162012
-1778384796
-1761607580
-1744830364
-1728053148
-1711275932
-1694498716
-1677721500
-1660944284
-1644167068
-1627389852
-1610612636
-1593835420
-1577058204
-1560280988
-1543503772
-1526726556
-1509949340
-1493172124
-1476394908
-1459617692
-1442840476
-1426063260
-1409286044
-1392508828
-1375731612
-1358954396
-1342177180
-1325399964
-1308622748
-1291845532
-1275068316
-1258291100
-1241513884
-1224736668
-1207959452
-1191182236
-1174405020
-1157627804
-1140850588
-1124073372
-1107296156
-1090518940
-1073741724
-1056964508
-1040187292
-1023410076
-1006632860
-989855644
-973078428
-956301212
-939523996
-922746780
-905969564
-889192348
-872415132
-855637916
-838860700
-822083484
-805306271
-788529104
-771751928
-754974720
-738197504
-721420288
-704643072
-687865856
-671088640
-654311424
-637534208
-620756992
-603979776
-587202560
-570425344
-553648128
-536870912
-520093696
-503316480
-486539264
-469762048
-452984832
-436207616
-419430400
-402653184
-385875968
-369098752
-352321536
-335544320
-318767104
-301989888
-285212672
-268435456
-251658240
-234881024
-218103808
-201326592
-184549376
-167772160
-150994944
-134217728
-117440512
-100663296
-83886080
-67108864
-50331648
-33554432
