Type	threshold
OptoHybrid	0
VFAT2	3
min	0
max	255
step	1
n	1000000
----
slot	3
ctrl0	55
ctrl1	0
ctrl2	48
ctrl3	0
iPreampIn	168
iPremapFeed	80
iPreampOut	150
iShaper	150
iShaperFeed	100
iComp	75
chipId0	123
chipId1	254
latency	0
vthreshold1	25
vthreshold2	0
vcal	0
calphase	0
----
984571
17771621
34550157
51326761
68102490
84876544
101642240
118340763
134920010
151496480
168148587
184844488
201566136
218308795
235057214
251810737
268574189
285336268
302096406
318864873
335632258
352401565
369173842
385945241
402716834
419490262
436263045
453036171
469810590
486585209
503360707
520136290
536911560
553687896
570463812
587239906
604016180
620792883
637569275
654346041
671122472
687898947
704675128
721451230
738226840
755001289
771775270
788548560
805322371
822097314
838873336
855649619
872426435
889203464
905980323
922757516
939534613
956311755
973088876
989866119
1006643355
1023420662
1040198008
1056975271
1073752579
1090529865
1107307060
1124084341
1140861569
1157638748
1174415926
1191192979
1207970085
1224747186
1241524293
1258301431
1275078595
1291855737
1308632909
1325410095
1342187295
1358964514
1375741717
1392518931
1409296144
1426073362
1442850576
1459627792
1476405008
1493182224
1509959440
1526736656
1543513872
1560291088
1577068304
1593845520
1610622736
1627399952
1644177168
1660954384
1677731600
1694508816
1711286032
1728063248
1744840464
1761617680
1778394896
1795172112
1811949328
1828726544
1845503760
1862280976
1879058192
1895835408
1912612624
1929389840
1946167056
1962944272
1979721488
1996498704
2013275920
2030053136
2046830352
2063607568
2080384790
2097162051
2113939417
2130716443
-2147473638
-2130696409
-2113919203
-2097141976
-2080364745
-2063587502
-2046810259
-2030033025
-2013255817
-1996478540
-1979701290
-1962923993
-1946146766
-1929369508
-1912592284
-1895815054
-1879037870
-1862260685
-1845483495
-1828706346
-1811929158
-1795152001
-1778374828
-1761597642
-1744820440
-1728043232
-1711266027
-1694488815
-1677711598
-1660934383
-1644157168
-1627379951
-1610602736
-1593825520
-1577048304
-1560271088
-1543493872
-1526716656
-1509939440
-1493162224
-1476385008
-1459607792
-1442830576
-1426053360
-1409276144
-1392498928
-1375721712
-1358944496
-1342167280
-1325390064
-1308612848
-1291835632
-1275058416
-1258281200
-1241503984
-1224726768
-1207949552
-1191172336
-1174395120
-1157617904
-1140840688
-1124063472
-1107286256
-1090509040
-1073731824
-1056954608
-1040177389
-1023400175
-1006623018
-989846351
-973071112
-956298008
-939523600
-922746864
-905969664
-889192448
-872415232
-855638016
-838860800
-822083584
-805306368
-788529152
-771751936
-754974720
-738197504
-721420288
-704643072
-687865856
-671088640
-654311424
-637534208
-620756992
-603979776
-587202560
-570425344
-553648128
-536870912
-520093696
-503316480
-486539264
-469762048
-452984832
-436207616
-419430400
-402653184
-385875968
-369098752
-352321536
-335544320
-318767104
-301989888
-285212672
-268435456
-251658240
-234881024
-218103808
-201326592
-184549376
-167772160
-150994944
-134217728
-117440512
-100663296
-83886080
-67108864
-50331648
-33554432
