Type	threshold
OptoHybrid	1
VFAT2	3
min	0
max	255
step	1
n	1000000
----
slot	3
ctrl0	55
ctrl1	0
ctrl2	48
ctrl3	0
iPreampIn	168
iPremapFeed	80
iPreampOut	150
iShaper	150
iShaperFeed	100
iComp	75
chipId0	120
chipId1	250
latency	0
vthreshold1	25
vthreshold2	0
vcal	0
calphase	0
----
991747
17771012
34545892
51313107
68016867
84630281
101225588
117852205
134521451
151229424
167957158
184698319
201452075
218210454
234974438
251742611
268512304
285282995
302055082
318827460
335601762
352376678
369151615
385926187
402700486
419475127
436250134
453026050
469802074
486578443
503354960
520131669
536908494
553685233
570461926
587238490
604014953
620791155
637567309
654343393
671119057
687894812
704670208
721446013
738221325
754997252
771773064
788549396
805325884
822102141
838878839
855655436
872431989
889208487
905984704
922760938
939537435
956313930
973090323
989867083
1006643872
1023420829
1040197752
1056974814
1073751949
1090529118
1107306299
1124083494
1140860699
1157637910
1174415124
1191192339
1207969552
1224746768
1241523984
1258301204
1275078420
1291855632
1308632848
1325410064
1342187280
1358964500
1375741717
1392518928
1409296144
1426073364
1442850576
1459627792
1476405008
1493182224
1509959440
1526736656
1543513872
1560291088
1577068304
1593845520
1610622736
1627399952
1644177168
1660954384
1677731600
1694508816
1711286032
1728063248
1744840464
1761617680
1778394896
1795172112
1811949328
1828726544
1845503760
1862280976
1879058192
1895835408
1912612624
1929389840
1946167056
1962944272
1979721488
1996498704
2013275920
2030053136
2046830356
2063607568
2080384784
2097162000
2113939216
2130716432
-2147473648
-2130696432
-2113919216
-2097142000
-2080364784
-2063587568
-2046810352
-2030033136
-2013255920
-1996478704
-1979701488
-1962924272
-1946147056
-1929369836
-1912592624
-1895815408
-1879038192
-1862260972
-1845483752
-1828706524
-1811929298
-1795152053
-1778374782
-1761597484
-1744820165
-1728042870
-1711265491
-1694488208
-1677710963
-1660933799
-1644156688
-1627379589
-1610602517
-1593825414
-1577048263
-1560271070
-1543493862
-1526716653
-1509939438
-1493162224
-1476385008
-1459607788
-1442830572
-1426053360
-1409276144
-1392498928
-1375721712
-1358944496
-1342167280
-1325390064
-1308612848
-1291835632
-1275058416
-1258281200
-1241503984
-1224726764
-1207949552
-1191172336
-1174395120
-1157617904
-1140840688
-1124063472
-1107286256
-1090509040
-1073731824
-1056954608
-1040177392
-1023400176
-1006622960
-989845744
-973068528
-956291312
-939514096
-922736880
-905959664
-889182448
-872405230
-855628027
-838851060
-822077144
-805305496
-788529136
-771751936
-754974720
-738197504
-721420288
-704643072
-687865856
-671088640
-654311424
-637534208
-620756992
-603979776
-587202560
-570425344
-553648128
-536870912
-520093696
-503316480
-486539264
-469762048
-452984832
-436207616
-419430400
-402653184
-385875968
-369098752
-352321536
-335544320
-318767104
-301989888
-285212672
-268435456
-251658240
-234881024
-218103808
-201326592
-184549376
-167772160
-150994944
-134217728
-117440512
-100663296
-83886080
-67108864
-50331648
-33554432
