Type	threshold
OptoHybrid	1
VFAT2	11
min	0
max	255
step	1
n	10000
----
slot	11
ctrl0	55
ctrl1	0
ctrl2	48
ctrl3	0
iPreampIn	168
iPremapFeed	80
iPreampOut	150
iShaper	150
iShaperFeed	100
iComp	75
chipId0	175
chipId1	254
latency	11
vthreshold1	60
vthreshold2	0
vcal	0
calphase	0
----
9970
16787167
33564380
50341477
67118190
83893923
100668897
117444345
134220575
150997322
167773667
184550650
201327575
218104744
234881858
251659012
268436177
285213316
301990484
318767669
335544831
352322051
369099242
385876404
402653615
419430817
436208028
452985229
469762425
486539649
503316822
520094043
536871246
553648430
570425648
587202858
603980073
620757271
637534470
654311687
671088894
687866112
704643329
721420526
738197744
754974962
771752174
788529375
805306607
822083808
838861020
855638210
872415425
889192636
905969854
922747042
939524236
956301446
973078669
989855887
1006633096
1023410314
1040187525
1056964745
1073741964
1090519170
1107296390
1124073597
1140850813
1157628029
1174405243
1191182461
1207959676
1224736891
1241514106
1258291324
1275068537
1291845751
1308622975
1325400178
1342177396
1358954608
1375731816
1392509033
1409286249
1426063461
1442840678
1459617899
1476395110
1493172324
1509949540
1526726756
1543503976
1560281188
1577058404
1593835620
1610612836
1627390052
1644167268
1660944484
1677721700
1694498916
1711276136
1728053348
1744830564
1761607780
1778384996
1795162212
1811939428
1828716644
1845493860
1862271076
1879048292
1895825508
1912602724
1929379936
1946157144
1962934360
1979711556
1996488792
2013265996
2030043196
2046820404
2063597620
2080374812
2097152040
2113929228
2130706440
-2147483644
-2130706424
-2113929216
-2097152000
-2080374784
-2063597568
-2046820352
-2030043136
-2013265920
-1996488704
-1979711488
-1962934272
-1946157056
-1929379840
-1912602624
-1895825408
-1879048192
-1862270976
-1845493760
-1828716544
-1811939328
-1795162112
-1778384896
-1761607680
-1744830464
-1728053248
-1711276032
-1694498816
-1677721600
-1660944384
-1644167168
-1627389952
-1610612736
-1593835520
-1577058304
-1560281088
-1543503872
-1526726656
-1509949440
-1493172224
-1476395008
-1459617792
-1442840576
-1426063360
-1409286144
-1392508928
-1375731712
-1358954496
-1342177280
-1325400064
-1308622848
-1291845632
-1275068416
-1258291200
-1241513984
-1224736763
-1207959552
-1191182336
-1174405120
-1157627904
-1140850688
-1124073472
-1107296256
-1090519040
-1073741824
-1056964608
-1040187392
-1023410176
-1006632960
-989855744
-973078524
-956301312
-939524096
-922746876
-905969664
-889192448
-872415232
-855638016
-838860800
-822083584
-805306368
-788529152
-771751936
-754974720
-738197504
-721420288
-704643072
-687865856
-671088640
-654311424
-637534208
-620756992
-603979776
-587202560
-570425344
-553648128
-536870912
-520093696
-503316480
-486539264
-469762048
-452984832
-436207616
-419430400
-402653184
-385875968
-369098752
-352321536
-335544320
-318767104
-301989888
-285212672
-268435456
-251658240
-234881024
-218103808
-201326592
-184549376
-167772160
-150994944
-134217728
-117440512
-100663296
-83886080
-67108864
-50331648
-33554432
