Type	threshold
OptoHybrid	1
VFAT2	5
min	0
max	255
step	1
n	1000000
----
slot	5
ctrl0	55
ctrl1	0
ctrl2	48
ctrl3	0
iPreampIn	168
iPremapFeed	80
iPreampOut	150
iShaper	150
iShaperFeed	100
iComp	75
chipId0	151
chipId1	254
latency	0
vthreshold1	25
vthreshold2	0
vcal	0
calphase	0
----
974645
17760128
34544203
51324778
68103924
84880479
101633358
118308809
134860280
151429893
168075103
184779146
201506411
218251274
235006332
251768658
268536751
285307457
302078882
318850099
335622662
352395115
369168290
385941635
402715190
419489230
436263197
453036516
469810406
486584248
503358163
520132790
536908010
553683418
570459098
587235405
604011595
620787823
637564088
654340518
671116767
687892708
704668868
721444928
738221192
754996956
771772647
788548245
805323958
822099818
838875373
855651397
872427779
889204092
905980725
922757564
939534564
956311637
973088713
989865861
1006643052
1023420216
1040197421
1056974636
1073751832
1090529044
1107306256
1124083476
1140860688
1157637904
1174415120
1191192340
1207969552
1224746768
1241523984
1258301200
1275078416
1291855632
1308632853
1325410064
1342187280
1358964496
1375741712
1392518928
1409296144
1426073360
1442850576
1459627792
1476405008
1493182224
1509959440
1526736660
1543513872
1560291088
1577068304
1593845520
1610622736
1627399952
1644177168
1660954384
1677731600
1694508816
1711286032
1728063248
1744840464
1761617680
1778394896
1795172112
1811949328
1828726544
1845503760
1862280976
1879058192
1895835408
1912612624
1929389840
1946167056
1962944272
1979721488
1996498704
2013275920
2030053136
2046830357
2063607568
2080384784
2097162000
2113939216
2130716432
-2147473648
-2130696432
-2113919216
-2097142000
-2080364784
-2063587568
-2046810352
-2030033056
-2013255920
-1996478704
-1979701488
-1962924272
-1946147056
-1929369836
-1912592624
-1895815408
-1879038192
-1862260976
-1845483760
-1828706544
-1811929328
-1795152112
-1778374896
-1761597680
-1744820460
-1728043248
-1711266032
-1694488816
-1677711600
-1660934384
-1644157168
-1627379952
-1610602736
-1593825520
-1577048304
-1560271088
-1543493872
-1526716656
-1509939440
-1493162224
-1476385008
-1459607792
-1442830576
-1426053360
-1409276144
-1392498488
-1375721712
-1358944496
-1342167280
-1325390064
-1308612848
-1291835632
-1275058416
-1258281200
-1241503984
-1224726772
-1207949556
-1191172340
-1174395144
-1157617928
-1140840744
-1124063540
-1107286392
-1090509296
-1073732600
-1056956196
-1040180972
-1023406608
-1006631376
-989855144
-973078340
-956301280
-939524096
-922746880
-905969664
-889192448
-872415232
-855638016
-838860796
-822083584
-805306368
-788529152
-771751936
-754974720
-738197500
-721420288
-704643072
-687865856
-671088640
-654311424
-637534208
-620756992
-603979776
-587202560
-570425344
-553648128
-536870908
-520093696
-503316480
-486539264
-469762048
-452984832
-436207616
-419430400
-402653184
-385875968
-369098752
-352321536
-335544320
-318767104
-301989888
-285212672
-268435456
-251658240
-234881024
-218103808
-201326592
-184549376
-167772160
-150994944
-134217728
-117440512
-100663296
-83886080
-67108864
-50331648
-33554432
