Type	threshold
OptoHybrid	0
VFAT2	21
min	0
max	255
step	1
n	1000000
----
slot	21
ctrl0	55
ctrl1	0
ctrl2	48
ctrl3	0
iPreampIn	168
iPremapFeed	80
iPreampOut	150
iShaper	150
iShaperFeed	100
iComp	75
chipId0	167
chipId1	254
latency	0
vthreshold1	25
vthreshold2	0
vcal	0
calphase	0
----
1000000
17777216
34554432
51331648
68108864
84886080
101663296
118440512
135217728
151994944
168772160
185549376
202326592
219103808
235881024
252658240
269435456
286212672
302989888
319767104
336544320
353321536
370098752
386875968
403653184
420430400
437207616
453984832
470762048
487539264
504316480
521093696
537870912
554648128
571425344
588202560
604979776
621756992
638534208
655311424
672088640
688865856
705643072
722420288
739197504
755974720
772751936
789529152
806306368
823083584
839860800
856638016
873415232
890192448
906969664
923746880
940524096
957301312
974078528
990855744
1007632960
1024410176
1041187392
1057964608
1074741824
1091519040
1108296256
1125073472
1141850688
1158627904
1175405120
1192182336
1208959552
1225736768
1242513984
1259291200
1276068416
1292845632
1309622848
1326400064
1343177280
1359954496
1376731712
1393508928
1410286144
1427063360
1443840576
1460617792
1477395008
1494172224
1510949440
1527726656
1544503872
1561281088
1578058304
1594835520
1611612736
1628389952
1645167168
1661944384
1678721600
1695498816
1712276032
1729053248
1745830464
1762607680
1779384896
1796162112
1812939328
1829716544
1846493760
1863270976
1880048192
1896825408
1913602624
1930379840
1947157056
1963934272
1980711488
1997488704
2014265920
2031043136
2047820352
2064597568
2081374784
2098152000
2114929216
2131706432
-2146483648
-2129706432
-2112929216
-2096152000
-2079374784
-2062597568
-2045820352
-2029043136
-2012265920
-1995488704
-1978711488
-1961934272
-1945157056
-1928379840
-1911602624
-1894825408
-1878048192
-1861270976
-1844493760
-1827716544
-1810939328
-1794162112
-1777384896
-1760607680
-1743830464
-1727053248
-1710276032
-1693498816
-1676721600
-1659944384
-1643167168
-1626389952
-1609612736
-1592835520
-1576058304
-1559281088
-1542503872
-1525726656
-1508949440
-1492172224
-1475395008
-1458617792
-1441840576
-1425063360
-1408286144
-1391508928
-1374731712
-1357954496
-1341177280
-1324400064
-1307622848
-1290845632
-1274068416
-1257291200
-1240513984
-1223736768
-1206959552
-1190182336
-1173405120
-1156627904
-1139850688
-1123073472
-1106296256
-1089519040
-1072741824
-1055964608
-1039187392
-1022410176
-1005632960
-988855744
-972078528
-955301312
-938524096
-921746880
-904969664
-888192448
-871415232
-854638016
-837860800
-821083584
-804306368
-787529152
-770751936
-753974720
-737197504
-720420288
-703643072
-686865856
-670088640
-653311424
-636534208
-619756992
-602979776
-586202560
-569425344
-552648128
-535870912
-519093696
-502316480
-485539264
-468762048
-451984832
-435207616
-418430400
-401653184
-384875968
-368098752
-351321536
-334544320
-317767104
-300989888
-284212672
-267435456
-250658240
-233881024
-217103808
-200326592
-183549376
-166772160
-149994944
-133217728
-116440512
-99663296
-82886080
-66108864
-49331648
-32554432
