Type	threshold
OptoHybrid	1
VFAT2	20
min	0
max	255
step	1
n	1000000
----
slot	20
ctrl0	55
ctrl1	0
ctrl2	48
ctrl3	0
iPreampIn	168
iPremapFeed	80
iPreampOut	150
iShaper	150
iShaperFeed	100
iComp	75
chipId0	132
chipId1	250
latency	0
vthreshold1	25
vthreshold2	0
vcal	0
calphase	0
----
986689
17721325
34416770
51094811
67799514
84512790
101244873
117983719
134735741
151486720
168232628
184998396
201743307
218523099
235275076
252030886
268788008
285547529
302297618
319068577
335833564
352597495
369367915
386129067
402897203
419662755
436425119
453190704
469962222
486723207
503496253
520264954
537037854
553805858
570576933
587346673
604117755
620888021
637658760
654430952
671200117
687973767
704747306
721518703
738292446
755065430
771838536
788611248
805384012
822158939
838931771
855705567
872480123
889253546
906029241
922804990
939576232
956352442
973126280
989903051
1006676599
1023450413
1040225006
1057001673
1073776412
1090551847
1107327193
1124103294
1140877283
1157652335
1174428764
1191203334
1207980366
1224756351
1241531969
1258309321
1275084907
1291861436
1308638712
1325415171
1342190935
1358967106
1375742694
1392519722
1409295065
1426071302
1442847797
1459625436
1476401437
1493178642
1509956129
1526732242
1543509262
1560286695
1577063311
1593839752
1610616896
1627394238
1644170664
1660947631
1677724272
1694501086
1711278652
1728055425
1744832804
1761609581
1778386623
1795163586
1811940716
1828717833
1845494811
1862271926
1879049222
1895826165
1912603304
1929380466
1946157606
1962934887
1979712035
1996489170
2013266295
2030043539
2046820620
2063597780
2080375022
2097152198
2113929402
2130706564
-2147483495
-2130706299
-2113929136
-2097151899
-2080374673
-2063597488
-2046820273
-2030043070
-2013265832
-1996488655
-1979711445
-1962934264
-1946157044
-1929379836
-1912602604
-1895825408
-1879048176
-1862270959
-1845493747
-1828716518
-1811939316
-1795162108
-1778384892
-1761607680
-1744830455
-1728053233
-1711276032
-1694498812
-1677721595
-1660944376
-1644167164
-1627389952
-1610612736
-1593835516
-1577058292
-1560281084
-1543503868
-1526726656
-1509949440
-1493172220
-1476395004
-1459617792
-1442840576
-1426063360
-1409286144
-1392508928
-1375731712
-1358954496
-1342177280
-1325400064
-1308622848
-1291845632
-1275068416
-1258291200
-1241513984
-1224736768
-1207959552
-1191182327
-1174405120
-1157627904
-1140850688
-1124073472
-1107296256
-1090519040
-1073741824
-1056964604
-1040187392
-1023410176
-1006632960
-989855744
-973078528
-956301312
-939524096
-922746880
-905969664
-889192448
-872415232
-855638016
-838860800
-822083584
-805306368
-788529152
-771751931
-754974720
-738197504
-721420288
-704643072
-687865856
-671088640
-654311424
-637534208
-620756992
-603979776
-587202560
-570425344
-553648128
-536870912
-520093696
-503316480
-486539264
-469762048
-452984832
-436207616
-419430400
-402653184
-385875968
-369098752
-352321536
-335544320
-318767104
-301989888
-285212672
-268435456
-251658240
-234881024
-218103808
-201326592
-184549376
-167772160
-150994944
-134217728
-117440512
-100663296
-83886080
-67108864
-50331648
-33554432
