Type	threshold
OptoHybrid	0
VFAT2	18
min	0
max	255
step	1
n	1000000
----
slot	18
ctrl0	55
ctrl1	0
ctrl2	48
ctrl3	0
iPreampIn	168
iPremapFeed	80
iPreampOut	150
iShaper	150
iShaperFeed	100
iComp	75
chipId0	120
chipId1	254
latency	0
vthreshold1	25
vthreshold2	0
vcal	0
calphase	0
----
998285
17775659
34552391
51317130
68025045
84683513
101333842
117995371
134690162
151416668
168154100
184866069
201564552
218288585
235035830
251794052
268556883
285320392
302088048
318857253
335626487
352397124
369169061
385942598
402716918
419493040
436267845
453042122
469816327
486590741
503365733
520139984
536915047
553690936
570467594
587243542
604020241
620795591
637569980
654344252
671118299
687892715
704667672
721443336
738219612
754996147
771772968
788549799
805326804
822103938
838881030
855658243
872435354
889212554
905989762
922766989
939543966
956321121
973097723
989874565
1006650940
1023427266
1040203578
1056979977
1073756201
1090532580
1107308889
1124085501
1140862180
1157639572
1174415715
1191192827
1207969886
1224747088
1241524208
1258301372
1275078567
1291855746
1308632934
1325410179
1342187360
1358964540
1375741890
1392518992
1409296273
1426073424
1442850660
1459627913
1476405104
1493182306
1509959640
1526736780
1543514032
1560291253
1577068595
1593845803
1610623134
1627400377
1644177676
1660954970
1677732252
1694509538
1711286809
1728064087
1744841313
1761618530
1778395781
1795173027
1811950100
1828727325
1845504454
1862281579
1879058663
1895835819
1912612948
1929390111
1946167261
1962944455
1979721583
1996498779
2013275993
2030053191
2046830404
2063607605
2080384842
2097162036
2113939267
2130716469
-2147473597
-2130696389
-2113919158
-2097141964
-2080364734
-2063587515
-2046810271
-2030033092
-2013255847
-1996478619
-1979701394
-1962924127
-1946146899
-1929369508
-1912592285
-1895815031
-1879037712
-1862260354
-1845483094
-1828705767
-1811928494
-1795151230
-1778373987
-1761596857
-1744819688
-1728042575
-1711265437
-1694488342
-1677711252
-1660934087
-1644156993
-1627379852
-1610602650
-1593825453
-1577048254
-1560271064
-1543493865
-1526716621
-1509939402
-1493162199
-1476384992
-1459607769
-1442830536
-1426053328
-1409276124
-1392498912
-1375721680
-1358944462
-1342167260
-1325390040
-1308612832
-1291835612
-1275058408
-1258281176
-1241503951
-1224726752
-1207949522
-1191172311
-1174395112
-1157617880
-1140840664
-1124063464
-1107286248
-1090509014
-1073731816
-1056954584
-1040177380
-1023400168
-1006622928
-989845728
-973068516
-956291287
-939514080
-922736868
-905959631
-889182448
-872405220
-855627996
-838850778
-822073568
-805296366
-788520135
-771747244
-754973964
-738197488
-721420279
-704643060
-687865856
-671088632
-654311412
-637534187
-620756988
-603979772
-587202552
-570425331
-553648128
-536870912
-520093696
-503316472
-486539264
-469762044
-452984828
-436207616
-419430400
-402653180
-385875968
-369098752
-352321536
-335544320
-318767104
-301989888
-285212672
-268435456
-251658240
-234881024
-218103808
-201326592
-184549376
-167772160
-150994944
-134217728
-117440512
-100663296
-83886080
-67108864
-50331648
-33554432
