Type	threshold
OptoHybrid	1
VFAT2	4
min	0
max	255
step	1
n	1000000
----
slot	4
ctrl0	55
ctrl1	0
ctrl2	48
ctrl3	0
iPreampIn	168
iPremapFeed	80
iPreampOut	150
iShaper	150
iShaperFeed	100
iComp	75
chipId0	180
chipId1	254
latency	0
vthreshold1	25
vthreshold2	0
vcal	0
calphase	0
----
986334
17725704
34418063
51088408
67726649
84352489
101018638
117712326
134438461
151173580
167917535
184670990
201434289
218202401
234972959
251743015
268515260
285288293
302061980
318836336
335610212
352384021
369159705
385934837
402711027
419485813
436262763
453038284
469816798
486583460
503367118
520144160
536919795
553694979
570472390
587248927
604024437
620800790
637577397
654353577
671128302
687907805
704684535
721461110
738205400
755016637
771792642
788570245
805347010
822123470
838901564
855677167
872454482
889231174
906007232
922784953
939561940
956338755
973114759
989891799
1006668285
1023443786
1040219128
1056995815
1073771553
1090547884
1107324056
1124099890
1140876345
1157652933
1174429063
1191205259
1207981743
1224758602
1241535134
1258311745
1275088684
1291864766
1308641551
1325417636
1342194123
1358971112
1375747470
1392524160
1409300483
1426077411
1442854158
1459630950
1476407916
1493185158
1509962193
1526739316
1543516458
1560293704
1577070840
1593848029
1610625248
1627403118
1644179668
1660956884
1677734100
1694511316
1711288532
1728065754
1744842968
1761620180
1778397396
1795174612
1811951828
1828729044
1845506260
1862283476
1879060691
1895837908
1912615124
1929392340
1946169556
1962946772
1979723988
1996501204
2013278420
2030055636
2046832852
2063610068
2080387284
2097164500
2113941716
2130718932
-2147471148
-2130693932
-2113916716
-2097139500
-2080362284
-2063585068
-2046807852
-2030030636
-2013253420
-1996476204
-1979698988
-1962921772
-1946144556
-1929367340
-1912590124
-1895812908
-1879035692
-1862258476
-1845481260
-1828704044
-1811926828
-1795149612
-1778372396
-1761595180
-1744817964
-1728040748
-1711263532
-1694486316
-1677709100
-1660931884
-1644154668
-1627377452
-1610600236
-1593823020
-1577045804
-1560268584
-1543491372
-1526714156
-1509936940
-1493159724
-1476382508
-1459605292
-1442828076
-1426050860
-1409273644
-1392496428
-1375719212
-1358941996
-1342164780
-1325387564
-1308610348
-1291833132
-1275055916
-1258278700
-1241501484
-1224724268
-1207947052
-1191169836
-1174392620
-1157615404
-1140838188
-1124060972
-1107283758
-1090506540
-1073729324
-1056952108
-1040174892
-1023397676
-1006620460
-989843244
-973066028
-956288812
-939511596
-922734380
-905957164
-889179948
-872402732
-855625516
-838848300
-822071085
-805293849
-788516647
-771739679
-754962204
-738185021
-721408147
-704631388
-687855309
-671081388
-654300330
-637524207
-620748396
-603975312
-587202480
-570425340
-553648128
-536870912
-520093696
-503316480
-486539264
-469762048
-452984832
-436207616
-419430400
-402653184
-385875968
-369098752
-352321536
-335544320
-318767104
-301989888
-285212672
-268435456
-251658240
-234881024
-218103808
-201326592
-184549376
-167772160
-150994944
-134217728
-117440512
-100663296
-83886080
-67108864
-50331648
-33554432
