Type	threshold
OptoHybrid	0
VFAT2	4
min	0
max	255
step	1
n	1000000
----
slot	4
ctrl0	55
ctrl1	0
ctrl2	48
ctrl3	0
iPreampIn	168
iPremapFeed	80
iPreampOut	150
iShaper	150
iShaperFeed	100
iComp	75
chipId0	91
chipId1	254
latency	0
vthreshold1	25
vthreshold2	0
vcal	0
calphase	0
----
993472
17774313
34552542
51330191
68107376
84878161
101611561
118261650
134827048
151435163
168093135
184795031
201523192
218266778
235018048
251781271
268546492
285314956
302084270
318854570
335625189
352397769
369169783
385942962
402715826
419488800
436262551
453035732
469809005
486582914
503357444
520131476
536906037
553681166
570456842
587232639
604008971
620785421
637561758
654337992
671113183
687887191
704660774
721434681
738209946
754986276
771762966
788539928
805317081
822094149
838871256
855648417
872425516
889202700
905979894
922757053
939534242
956311440
973088588
989865786
1006643001
1023420217
1040197421
1056974630
1073751846
1090529048
1107306279
1124083484
1140860690
1157637905
1174415123
1191192341
1207969561
1224746772
1241523990
1258301211
1275078426
1291855648
1308632872
1325410113
1342187329
1358964548
1375741801
1392519036
1409296282
1426073540
1442850797
1459628104
1476405364
1493182677
1509959975
1526737286
1543514607
1560291897
1577069219
1593846482
1610623701
1627401002
1644178186
1660955390
1677732573
1694509746
1711286888
1728064022
1744841112
1761618223
1778395365
1795172410
1811949533
1828726580
1845503711
1862280676
1879057649
1895834563
1912611494
1929388376
1946164810
1962941544
1979718138
1996494258
2013270876
2030047428
2046823973
2063600440
2080376924
2097153697
2113930308
2130707240
-2147482983
-2130706027
-2113928956
-2097151856
-2080374421
-2063597504
-2046820296
-2030043100
-2013265896
-1996488684
-1979711476
-1962934268
-1946157056
-1929379836
-1912602624
-1895825408
-1879048192
-1862270976
-1845493760
-1828716544
-1811939328
-1795162112
-1778384896
-1761607680
-1744830459
-1728053248
-1711276032
-1694498816
-1677721600
-1660944384
-1644167168
-1627389952
-1610612736
-1593835520
-1577058304
-1560281088
-1543503872
-1526726656
-1509949440
-1493172220
-1476395008
-1459617792
-1442840576
-1426063360
-1409286144
-1392508928
-1375731712
-1358954496
-1342177280
-1325400059
-1308622842
-1291845632
-1275068416
-1258291195
-1241513984
-1224736768
-1207959552
-1191182336
-1174405120
-1157627904
-1140850688
-1124073472
-1107296256
-1090519040
-1073741824
-1056964608
-1040187392
-1023410176
-1006632960
-989855744
-973078523
-956301312
-939524096
-922746880
-905969664
-889192448
-872415232
-855638016
-838860800
-822083579
-805306368
-788529152
-771751936
-754974720
-738197504
-721420288
-704643072
-687865856
-671088640
-654311419
-637534208
-620756992
-603979776
-587202560
-570425344
-553648128
-536870912
-520093696
-503316480
-486539264
-469762048
-452984832
-436207616
-419430400
-402653184
-385875968
-369098752
-352321536
-335544320
-318767104
-301989888
-285212672
-268435456
-251658240
-234881024
-218103808
-201326592
-184549376
-167772160
-150994944
-134217728
-117440512
-100663296
-83886080
-67108864
-50331648
-33554432
