Type	threshold
OptoHybrid	1
VFAT2	19
min	0
max	255
step	1
n	1000000
----
slot	19
ctrl0	55
ctrl1	0
ctrl2	48
ctrl3	0
iPreampIn	168
iPremapFeed	80
iPreampOut	150
iShaper	150
iShaperFeed	100
iComp	75
chipId0	163
chipId1	254
latency	0
vthreshold1	25
vthreshold2	0
vcal	0
calphase	0
----
996720
17772236
34492437
51110325
67697792
84332064
101009277
117710612
134433887
151173976
167923925
184681321
201442398
218207716
234976429
251744701
268514245
285285499
302056575
318829063
335602217
352375984
369149593
385923454
402697645
419471917
436246798
453021700
469796920
486572237
503348149
520123973
536900195
553676535
570452862
587229412
604005625
620782098
637558277
654334359
671110311
687885861
704661197
721436949
738212647
754988260
771764539
788541051
805317689
822094499
838871350
855648457
872425667
889202893
905980776
922757473
939534815
956312141
973089485
989866833
1006644122
1023421437
1040198743
1056976022
1073753224
1090530394
1107307572
1124084746
1140861854
1157638956
1174416048
1191193149
1207970200
1224747337
1241524413
1258301494
1275078632
1291855753
1308632944
1325410120
1342187328
1358964522
1375741722
1392518936
1409296152
1426073361
1442850578
1459627797
1476405008
1493182224
1509959444
1526736656
1543513872
1560291088
1577068304
1593845520
1610622736
1627399952
1644177168
1660954384
1677731600
1694508816
1711286040
1728063248
1744840464
1761617680
1778394896
1795172112
1811949332
1828726544
1845503756
1862280976
1879058184
1895835404
1912612600
1929389828
1946167017
1962944200
1979721321
1996498424
2013275477
2030052449
2046829354
2063606028
2080382680
2097159221
2113935788
2130712068
-2147478844
-2130702556
-2113926256
-2097149820
-2080373404
-2063596544
-2046819767
-2030042820
-2013265752
-1996488636
-1979711448
-1962934248
-1946157048
-1929379832
-1912602620
-1895825408
-1879048192
-1862270976
-1845493760
-1828716544
-1811939328
-1795162112
-1778384896
-1761607680
-1744830464
-1728053248
-1711276032
-1694498816
-1677721600
-1660944384
-1644167168
-1627389952
-1610612736
-1593835520
-1577058304
-1560281088
-1543503872
-1526726656
-1509949440
-1493172224
-1476395008
-1459617792
-1442840576
-1426063360
-1409286140
-1392508928
-1375731712
-1358954496
-1342177280
-1325400064
-1308622848
-1291845632
-1275068416
-1258291195
-1241513984
-1224736768
-1207959552
-1191182336
-1174405120
-1157627904
-1140850688
-1124073472
-1107296256
-1090519040
-1073741824
-1056964608
-1040187388
-1023410176
-1006632960
-989855744
-973078528
-956301312
-939524096
-922746880
-905969664
-889192448
-872415232
-855638016
-838860800
-822083584
-805306368
-788529152
-771751936
-754974720
-738197504
-721420288
-704643072
-687865856
-671088640
-654311424
-637534208
-620756992
-603979776
-587202560
-570425340
-553648128
-536870912
-520093696
-503316480
-486539264
-469762048
-452984832
-436207616
-419430400
-402653184
-385875968
-369098752
-352321536
-335544320
-318767104
-301989888
-285212672
-268435456
-251658240
-234881024
-218103808
-201326592
-184549376
-167772160
-150994944
-134217728
-117440512
-100663296
-83886080
-67108864
-50331648
-33554432
