Type	threshold
OptoHybrid	1
VFAT2	3
min	0
max	255
step	1
n	1000000
----
slot	3
ctrl0	55
ctrl1	0
ctrl2	48
ctrl3	0
iPreampIn	168
iPremapFeed	80
iPreampOut	150
iShaper	150
iShaperFeed	100
iComp	75
chipId0	120
chipId1	250
latency	0
vthreshold1	25
vthreshold2	0
vcal	0
calphase	0
----
994377
17771556
34535169
51236965
67862994
84476985
101107565
117768711
134470280
151194569
167933598
184684863
201442548
218205044
234972500
251740950
268511160
285282955
302053863
318826745
335601382
352376844
369151337
385925442
402699281
419473789
436249131
453024935
469801128
486577786
503354460
520131287
536908080
553684872
570461624
587238296
604014892
620791077
637567309
654343019
671118691
687894298
704669406
721444742
738220282
754995993
771771925
788548054
805324552
822100848
838877477
855653874
872430325
889206795
905983281
922759863
939536296
956313031
973089837
989866538
1006643469
1023420512
1040197583
1056974724
1073751877
1090529069
1107306270
1124083476
1140860691
1157637907
1174415121
1191192336
1207969552
1224746768
1241523984
1258301200
1275078416
1291855636
1308632848
1325410064
1342187280
1358964496
1375741712
1392518928
1409296144
1426073360
1442850576
1459627792
1476405008
1493182224
1509959440
1526736656
1543513872
1560291088
1577068304
1593845524
1610622736
1627399952
1644177168
1660954384
1677731600
1694508816
1711286032
1728063248
1744840464
1761617680
1778394896
1795172116
1811949328
1828726544
1845503760
1862280976
1879058192
1895835413
1912612624
1929389840
1946167056
1962944272
1979721488
1996498704
2013275920
2030053136
2046830352
2063607568
2080384784
2097162000
2113939216
2130716432
-2147473648
-2130696432
-2113919216
-2097142000
-2080364784
-2063587568
-2046810352
-2030033136
-2013255920
-1996478704
-1979701488
-1962924272
-1946147056
-1929369838
-1912592624
-1895815408
-1879038190
-1862260975
-1845483750
-1828706522
-1811929282
-1795152014
-1778374734
-1761597421
-1744820132
-1728042767
-1711265479
-1694488189
-1677711001
-1660933850
-1644156751
-1627379650
-1610602528
-1593825420
-1577048260
-1560271069
-1543493864
-1526716656
-1509939439
-1493162224
-1476385008
-1459607792
-1442830576
-1426053360
-1409276144
-1392498928
-1375721712
-1358944496
-1342167280
-1325390064
-1308612848
-1291835632
-1275058416
-1258281200
-1241503984
-1224726768
-1207949552
-1191172336
-1174395120
-1157617904
-1140840688
-1124063468
-1107286256
-1090509040
-1073731824
-1056954608
-1040177392
-1023400176
-1006622960
-989845744
-973068528
-956291312
-939514096
-922736880
-905959664
-889182448
-872405229
-855628058
-838852028
-822080144
-805306204
-788529152
-771751936
-754974716
-738197504
-721420288
-704643072
-687865856
-671088640
-654311424
-637534208
-620756992
-603979776
-587202560
-570425344
-553648128
-536870912
-520093696
-503316480
-486539264
-469762048
-452984832
-436207616
-419430400
-402653184
-385875968
-369098752
-352321536
-335544320
-318767104
-301989888
-285212672
-268435456
-251658240
-234881024
-218103808
-201326592
-184549376
-167772160
-150994944
-134217728
-117440512
-100663296
-83886080
-67108864
-50331648
-33554432
