Type	threshold
OptoHybrid	1
VFAT2	11
min	0
max	255
step	1
n	1000000
----
slot	11
ctrl0	55
ctrl1	0
ctrl2	48
ctrl3	0
iPreampIn	168
iPremapFeed	80
iPreampOut	150
iShaper	150
iShaperFeed	100
iComp	75
chipId0	175
chipId1	254
latency	0
vthreshold1	25
vthreshold2	0
vcal	0
calphase	0
----
997860
17774038
34549888
51310064
68028672
84671195
101239038
117836517
134497006
151198605
167930463
184674739
201431342
218193425
234960392
251731522
268502376
285274696
302048603
318823396
335598524
352372645
369147018
385921616
402696396
419472414
436248533
453024477
469800981
486577291
503353146
520129765
536906155
553682737
570458959
587235572
604012534
620788827
637565201
654342078
671117880
687894647
704670949
721447557
738224522
755000440
771777338
788553600
805330844
822106348
838882610
855659163
872435496
889211572
905988038
922764216
939540776
956316218
973092979
989869801
1006646986
1023423937
1040201205
1056978612
1073755649
1090532784
1107309946
1124086733
1140863700
1157641031
1174418240
1191195042
1207972417
1224749657
1241526683
1258303848
1275080921
1291858010
1308634944
1325411928
1342188909
1358965908
1375742925
1392519673
1409296793
1426074077
1442851081
1459628196
1476405604
1493182671
1509959959
1526736845
1543514286
1560291430
1577068878
1593845773
1610623465
1627400221
1644177459
1660954926
1677731845
1694509043
1711286469
1728063448
1744840827
1761617950
1778395044
1795172351
1811949527
1828726782
1845504042
1862281302
1879058346
1895835745
1912612628
1929389668
1946167063
1962943784
1979720680
1996497305
2013273594
2030050329
2046826237
2063602534
2080378882
2097155000
2113931504
2130707737
-2147482630
-2130705780
-2113928782
-2097151716
-2080374344
-2063597428
-2046819974
-2030042863
-2013265757
-1996488584
-1979711207
-1962933989
-1946156972
-1929379744
-1912602303
-1895825307
-1879048051
-1862270783
-1845493491
-1828716459
-1811938988
-1795162003
-1778384551
-1761607602
-1744830359
-1728053055
-1711275847
-1694498579
-1677721488
-1660944191
-1644166999
-1627389772
-1610612647
-1593835413
-1577058136
-1560280955
-1543503747
-1526726558
-1509949371
-1493172151
-1476394943
-1459617707
-1442840510
-1426063270
-1409286120
-1392508900
-1375731679
-1358954480
-1342177259
-1325400060
-1308622844
-1291845632
-1275068416
-1258291200
-1241513984
-1224736768
-1207959552
-1191182336
-1174405120
-1157627904
-1140850684
-1124073472
-1107296256
-1090519040
-1073741820
-1056964608
-1040187392
-1023410176
-1006632960
-989855744
-973078528
-956301312
-939524096
-922746880
-905969664
-889192448
-872415227
-855638016
-838860800
-822083584
-805306368
-788529152
-771751936
-754974720
-738197500
-721420288
-704643072
-687865852
-671088640
-654311424
-637534208
-620756992
-603979776
-587202560
-570425344
-553648128
-536870912
-520093696
-503316480
-486539264
-469762048
-452984832
-436207616
-419430400
-402653184
-385875968
-369098752
-352321536
-335544320
-318767104
-301989888
-285212672
-268435456
-251658240
-234881024
-218103808
-201326592
-184549376
-167772160
-150994944
-134217728
-117440512
-100663296
-83886080
-67108864
-50331648
-33554432
