Type	threshold
OptoHybrid	1
VFAT2	2
min	0
max	255
step	1
n	1000000
----
slot	2
ctrl0	55
ctrl1	0
ctrl2	48
ctrl3	0
iPreampIn	168
iPremapFeed	80
iPreampOut	150
iShaper	150
iShaperFeed	100
iComp	75
chipId0	171
chipId1	254
latency	0
vthreshold1	25
vthreshold2	0
vcal	0
calphase	0
----
996304
17773084
34548626
51320882
68052925
84708212
101332920
117955019
134606698
151308225
168032789
184774718
201525660
218282705
235043871
251807745
268572683
285338848
302106295
318874053
335641850
352410619
369180672
385951987
402725362
419499098
436273842
453048771
469823784
486599082
503375352
520151120
536926545
553702060
570477131
587252215
604027240
620803029
637578509
654354405
671129304
687904847
704679631
721454578
738229752
755005671
771781466
788557838
805334416
822111065
838887757
855664382
872441143
889217168
905993449
922770090
939546777
956323348
973100273
989877273
1006654481
1023431744
1040209415
1056986979
1073765001
1090542629
1107320146
1124097253
1140873971
1157650859
1174427622
1191204168
1207980947
1224757970
1241535113
1258312192
1275089301
1291866426
1308643706
1325420969
1342198222
1358975525
1375753006
1392530387
1409307951
1426085860
1442863835
1459641857
1476420137
1493199143
1509977313
1526754914
1543532696
1560309236
1577085308
1593861144
1610636334
1627412126
1644188585
1660964941
1677741879
1694518950
1711296140
1728073311
1744850506
1761627711
1778404916
1795182137
1811959362
1828736544
1845513778
1862290984
1879068204
1895845416
1912622640
1929399871
1946177072
1962954284
1979731493
1996508712
2013285910
2030063130
2046840317
2063617480
2080394568
2097171588
2113948606
2130725619
-2147464878
-2130687979
-2113911150
-2097134311
-2080357495
-2063580606
-2046803743
-2030027062
-2013250519
-1996474199
-1979697539
-1962921041
-1946144462
-1929367961
-1912591203
-1895814183
-1879037239
-1862260334
-1845483228
-1828706103
-1811928984
-1795151859
-1778374688
-1761597557
-1744820350
-1728043193
-1711265973
-1694488790
-1677711584
-1660934363
-1644157149
-1627379948
-1610602732
-1593825516
-1577048304
-1560271080
-1543493872
-1526716656
-1509939440
-1493162224
-1476385004
-1459607792
-1442830576
-1426053360
-1409276144
-1392498928
-1375721712
-1358944496
-1342167280
-1325390064
-1308612848
-1291835632
-1275058416
-1258281200
-1241503984
-1224726768
-1207949552
-1191172336
-1174395120
-1157617904
-1140840688
-1124063472
-1107286256
-1090509040
-1073731824
-1056954608
-1040177392
-1023400176
-1006622960
-989845744
-973068528
-956291312
-939514096
-922736880
-905959664
-889182448
-872405232
-855628016
-838850800
-822073584
-805296368
-788519152
-771741936
-754964720
-738187504
-721410288
-704633072
-687855856
-671078640
-654301424
-637524208
-620747131
-603973595
-587202060
-570425344
-553648128
-536870912
-520093696
-503316480
-486539264
-469762048
-452984832
-436207616
-419430400
-402653184
-385875968
-369098752
-352321536
-335544320
-318767104
-301989888
-285212672
-268435456
-251658240
-234881024
-218103808
-201326592
-184549376
-167772160
-150994944
-134217728
-117440512
-100663296
-83886080
-67108864
-50331648
-33554432
