Type	threshold
OptoHybrid	0
VFAT2	12
min	0
max	255
step	1
n	1000000
----
slot	12
ctrl0	55
ctrl1	0
ctrl2	48
ctrl3	0
iPreampIn	168
iPremapFeed	80
iPreampOut	150
iShaper	150
iShaperFeed	100
iComp	75
chipId0	152
chipId1	254
latency	0
vthreshold1	25
vthreshold2	0
vcal	0
calphase	0
----
991994
17773173
34551552
51328076
68093619
84800318
101422792
118022980
134666399
151352930
168070056
184803964
201548126
218301844
235060269
251823016
268588870
285358492
302128044
318900841
335672793
352445456
369214626
385988227
402761283
419533846
436309333
453081016
469855161
486626831
503400222
520174542
536949399
553724540
570499188
587274402
604049685
620825717
637599556
654373867
671149253
687922132
704696978
721471879
738244824
755020928
771796180
788570643
805347529
822124311
838899071
855676302
872453036
889228604
906004888
922781479
939557733
956335068
973111314
989888365
1006664010
1023441476
1040217428
1056994462
1073770885
1090547499
1107322989
1124100516
1140876144
1157653932
1174430040
1191206849
1207983779
1224760337
1241537171
1258313825
1275090605
1291868058
1308644543
1325421519
1342198639
1358975021
1375752637
1392529342
1409306328
1426083011
1442860079
1459636885
1476413653
1493190707
1509967565
1526744625
1543521681
1560298889
1577075790
1593852674
1610629671
1627406829
1644183398
1660961415
1677737767
1694514743
1711292014
1728068759
1744846196
1761623013
1778400083
1795177028
1811953972
1828731065
1845508132
1862285462
1879062459
1895839552
1912616850
1929393758
1946170949
1962947884
1979724839
1996502009
2013279409
2030056316
2046833596
2063610367
2080387670
2097164680
2113942054
2130719003
-2147471126
-2130693943
-2113916908
-2097139647
-2080362605
-2063585352
-2046808224
-2030031281
-2013254009
-1996476962
-1979699749
-1962922530
-1946145560
-1929368241
-1912591070
-1895813838
-1879036848
-1862259534
-1845482497
-1828705310
-1811928045
-1795151000
-1778373812
-1761596609
-1744819449
-1728042191
-1711265034
-1694487865
-1677710801
-1660933649
-1644156369
-1627379233
-1610601933
-1593824792
-1577047615
-1560270443
-1543493245
-1526716066
-1509938849
-1493161579
-1476384501
-1459607264
-1442829936
-1426052530
-1409275285
-1392497770
-1375720143
-1358942593
-1342165265
-1325388080
-1308611115
-1291834243
-1275057317
-1258280435
-1241503462
-1224726429
-1207949308
-1191172111
-1174394890
-1157617732
-1140840472
-1124063295
-1107286057
-1090508798
-1073731589
-1056954418
-1040177239
-1023400007
-1006622773
-989845645
-973069126
-956295087
-939521911
-922746600
-905969571
-889192360
-872415172
-855637939
-838860727
-822083500
-805306310
-788529092
-771751888
-754974696
-738197463
-721420256
-704643028
-687865828
-671088628
-654311383
-637534188
-620756984
-603979748
-587202540
-570425332
-553648103
-536870908
-520093692
-503316472
-486539260
-469762048
-452984828
-436207612
-419430392
-402653180
-385875968
-369098752
-352321536
-335544320
-318767104
-301989888
-285212672
-268435456
-251658240
-234881024
-218103808
-201326592
-184549376
-167772160
-150994944
-134217728
-117440512
-100663296
-83886080
-67108864
-50331648
-33554432
