Type	threshold
OptoHybrid	0
VFAT2	3
min	0
max	255
step	1
n	1000000
----
slot	3
ctrl0	55
ctrl1	0
ctrl2	48
ctrl3	0
iPreampIn	168
iPremapFeed	80
iPreampOut	150
iShaper	150
iShaperFeed	100
iComp	75
chipId0	123
chipId1	254
latency	0
vthreshold1	25
vthreshold2	0
vcal	0
calphase	0
----
990974
17772697
34550677
51327823
68103164
84827389
101416860
117995717
134642978
151324156
168042286
184779164
201523384
218278838
235037702
251797587
268563959
285327263
302092086
318861400
335631149
352399864
369171269
385941862
402713079
419486319
436259664
453033050
469808308
486583285
503358533
520134391
536910239
553685901
570462152
587238524
604014812
620791452
637567815
654343948
671120440
687896582
704672466
721448756
738224410
754999597
771774169
788547134
805320847
822095780
838871787
855648539
872425689
889202769
905979924
922757140
939534367
956311677
973088947
989866274
1006643612
1023420938
1040198252
1056975576
1073752836
1090530075
1107307231
1124084375
1140861476
1157638584
1174415650
1191192727
1207969831
1224746981
1241524105
1258301286
1275078475
1291855651
1308632858
1325410074
1342187290
1358964498
1375741713
1392518932
1409296144
1426073360
1442850576
1459627792
1476405008
1493182224
1509959440
1526736656
1543513872
1560291088
1577068304
1593845520
1610622736
1627399957
1644177168
1660954384
1677731600
1694508816
1711286032
1728063248
1744840464
1761617680
1778394896
1795172112
1811949328
1828726544
1845503760
1862280976
1879058192
1895835408
1912612624
1929389844
1946167082
1962944360
1979721588
1996498784
2013275973
2030053213
2046830440
2063607658
2080384916
2097162075
2113939257
2130716500
-2147473587
-2130696339
-2113919136
-2097141926
-2080364694
-2063587438
-2046810285
-2030033013
-2013255793
-1996478575
-1979701278
-1962924127
-1946146846
-1929369638
-1912592331
-1895815126
-1879037831
-1862260668
-1845483435
-1828706255
-1811929036
-1795151892
-1778374722
-1761597540
-1744820376
-1728043156
-1711265956
-1694488741
-1677711497
-1660934343
-1644157129
-1627379864
-1610602700
-1593825476
-1577048224
-1560271068
-1543493800
-1526716607
-1509939396
-1493162196
-1476384945
-1459607747
-1442830477
-1426053312
-1409276095
-1392498887
-1375721660
-1358944468
-1342167252
-1325390035
-1308612820
-1291835556
-1275058358
-1258281171
-1241503963
-1224726751
-1207949507
-1191172308
-1174395068
-1157617864
-1140840660
-1124063412
-1107286227
-1090509014
-1073731771
-1056954572
-1040177352
-1023400118
-1006622955
-989845727
-973068504
-956291596
-939516759
-922744644
-905969447
-889192408
-872415200
-855637954
-838860780
-822083564
-805306352
-788529136
-771751923
-754974679
-738197492
-721420276
-704643040
-687865844
-671088604
-654311411
-637534192
-620756976
-603979760
-587202544
-570425336
-553648128
-536870904
-520093692
-503316472
-486539252
-469762024
-452984832
-436207616
-419430400
-402653184
-385875968
-369098752
-352321536
-335544320
-318767104
-301989888
-285212672
-268435456
-251658240
-234881024
-218103808
-201326592
-184549376
-167772160
-150994944
-134217728
-117440512
-100663296
-83886080
-67108864
-50331648
-33554432
