Type	threshold
OptoHybrid	0
VFAT2	20
min	0
max	255
step	1
n	1000000
----
slot	20
ctrl0	55
ctrl1	0
ctrl2	48
ctrl3	0
iPreampIn	168
iPremapFeed	80
iPreampOut	150
iShaper	150
iShaperFeed	100
iComp	75
chipId0	64
chipId1	251
latency	0
vthreshold1	25
vthreshold2	0
vcal	0
calphase	0
----
999965
17777223
34553964
51278732
67912486
84579139
101201894
117798104
134474234
151182287
167955116
184716032
201474905
218235869
235005821
251773289
268541699
285312673
302084685
318856522
335631901
352404388
369175048
385943820
402712564
419485350
436259582
453031861
469805632
486581371
503357444
520135070
536910734
553686849
570463823
587238604
604015720
620792630
637568879
654344954
671121239
687898170
704674291
721451038
738229561
755006751
771783333
788559928
805337399
822114344
838889342
855664137
872435261
889207067
905981260
922758535
939534337
956312762
973090241
989867667
1006643752
1023420999
1040197716
1056975135
1073752229
1090528947
1107306945
1124083616
1140860930
1157638255
1174415375
1191192706
1207968800
1224747219
1241524122
1258301532
1275080007
1291855805
1308632712
1325410157
1342187232
1358964512
1375741950
1392518928
1409296146
1426073424
1442850596
1459627792
1476405072
1493182224
1509959444
1526736658
1543513872
1560291110
1577068204
1593845520
1610622736
1627399953
1644177168
1660954384
1677731600
1694508816
1711286032
1728063249
1744840464
1761617680
1778394896
1795172112
1811949328
1828726544
1845503760
1862280976
1879058192
1895835408
1912612608
1929389792
1946167088
1962944272
1979721488
1996498704
2013275920
2030053140
2046830352
2063607716
2080384932
2097161772
2113939024
2130716264
-2147473629
-2130696724
-2113919837
-2097142244
-2080365478
-2063587387
-2046810560
-2030032954
-2013255486
-1996478724
-1979701731
-1962924151
-1946146781
-1929369746
-1912592468
-1895815896
-1879038144
-1862260947
-1845484087
-1828707530
-1811930095
-1795152935
-1778376099
-1761598668
-1744821967
-1728045020
-1711267563
-1694489902
-1677714267
-1660935767
-1644158141
-1627381685
-1610604196
-1593825904
-1577048687
-1560272261
-1543494298
-1526717247
-1509940276
-1493164137
-1476386891
-1459610231
-1442833992
-1426057759
-1409281320
-1392505288
-1375728880
-1358952428
-1342175944
-1325399356
-1308622223
-1291845276
-1275068272
-1258291108
-1241513956
-1224736732
-1207959536
-1191182316
-1174405108
-1157627904
-1140850688
-1124073472
-1107296256
-1090519040
-1073741824
-1056964608
-1040187392
-1023410176
-1006632960
-989855744
-973078528
-956301312
-939524096
-922746880
-905969664
-889192448
-872415232
-855638016
-838860800
-822083584
-805306368
-788529152
-771751936
-754974720
-738197504
-721420288
-704643072
-687865856
-671088640
-654311424
-637534208
-620756992
-603979776
-587202560
-570425344
-553648128
-536870912
-520093696
-503316480
-486539264
-469762048
-452984832
-436207616
-419430400
-402653184
-385875968
-369098752
-352321536
-335544320
-318767104
-301989888
-285212672
-268435456
-251658240
-234881024
-218103808
-201326592
-184549376
-167772160
-150994944
-134217728
-117440512
-100663296
-83886080
-67108864
-50331648
-33554432
