Type	threshold
OptoHybrid	0
VFAT2	11
min	0
max	255
step	1
n	1000000
----
slot	11
ctrl0	55
ctrl1	0
ctrl2	48
ctrl3	0
iPreampIn	168
iPremapFeed	80
iPreampOut	150
iShaper	150
iShaperFeed	100
iComp	75
chipId0	175
chipId1	250
latency	0
vthreshold1	25
vthreshold2	0
vcal	0
calphase	0
----
998269
17775009
34550292
51322244
68069135
84765443
101406019
117999645
134600255
151259190
167960106
184689975
201440768
218200559
234966224
251737222
268510863
285284367
302058549
318833065
335607525
352381643
369155724
385929448
402703058
419477070
436251378
453026509
469801706
486577256
503353269
520129447
536905995
553682679
570459423
587236052
604012952
620789714
637566671
654343508
671120433
687897386
704674312
721451276
738227909
755004348
771780505
788556187
805332097
822107728
838883571
855659853
872436240
889212998
905989836
922766865
939543805
956320777
973097598
989874384
1006651273
1023427788
1040204416
1056980896
1073757357
1090533656
1107310319
1124086303
1140862961
1157639464
1174416215
1191193016
1207970043
1224747125
1241524227
1258301446
1275078691
1291856018
1308633273
1325410563
1342187825
1358965123
1375742484
1392519604
1409296781
1426073921
1442851070
1459628204
1476405295
1493182474
1509959613
1526736788
1543513939
1560291147
1577068349
1593845542
1610622743
1627399968
1644177172
1660954391
1677731602
1694508817
1711286034
1728063263
1744840467
1761617680
1778394901
1795172120
1811949330
1828726546
1845503765
1862280985
1879058203
1895835430
1912612652
1929389873
1946167104
1962944333
1979721564
1996498817
2013276386
2030053405
2046830586
2063607889
2080385147
2097162439
2113939721
2130716954
-2147473116
-2130695903
-2113918720
-2097141619
-2080364444
-2063587318
-2046810142
-2030032973
-2013255822
-1996478638
-1979701438
-1962924256
-1946147042
-1929369834
-1912592619
-1895815408
-1879038192
-1862260976
-1845483760
-1828706540
-1811929328
-1795152112
-1778374895
-1761597680
-1744820464
-1728043248
-1711266032
-1694488816
-1677711600
-1660934310
-1644157168
-1627379952
-1610602736
-1593825520
-1577048304
-1560271088
-1543493872
-1526716656
-1509939440
-1493162224
-1476385008
-1459607792
-1442830576
-1426053360
-1409276144
-1392498928
-1375721712
-1358944491
-1342167280
-1325390064
-1308612848
-1291835632
-1275058416
-1258281200
-1241503984
-1224726768
-1207949552
-1191172336
-1174395120
-1157617904
-1140840688
-1124063472
-1107286256
-1090509040
-1073731824
-1056954608
-1040177392
-1023400176
-1006622960
-989845744
-973068528
-956291312
-939514096
-922736880
-905959664
-889182444
-872405230
-855628013
-838850790
-822073595
-805296992
-788524120
-771751496
-754974720
-738197504
-721420288
-704643072
-687865856
-671088640
-654311424
-637534208
-620756988
-603979772
-587202556
-570425344
-553648128
-536870912
-520093696
-503316480
-486539264
-469762048
-452984832
-436207616
-419430400
-402653184
-385875968
-369098752
-352321536
-335544320
-318767104
-301989888
-285212672
-268435456
-251658240
-234881024
-218103808
-201326592
-184549376
-167772160
-150994944
-134217728
-117440512
-100663296
-83886080
-67108864
-50331648
-33554432
