Type	threshold
OptoHybrid	1
VFAT2	18
min	0
max	255
step	1
n	1000000
----
slot	18
ctrl0	55
ctrl1	0
ctrl2	48
ctrl3	0
iPreampIn	168
iPremapFeed	80
iPreampOut	150
iShaper	150
iShaperFeed	100
iComp	75
chipId0	128
chipId1	254
latency	0
vthreshold1	25
vthreshold2	0
vcal	0
calphase	0
----
998058
17774858
34550069
51295978
67959707
84587466
101217578
117874308
134563824
151279960
168007344
184745867
201496773
218251617
235012780
251779201
268547554
285316968
302086603
318856770
335626710
352397906
369169805
385942752
402716213
419490409
436265690
453040713
469816298
486592387
503368413
520144617
536920865
553696872
570473186
587249210
604025778
620801448
637577444
654353495
671128802
687903924
704679381
721454603
738229744
755005232
771781495
788557716
805334355
822111464
838888506
855665977
872444245
889221909
905999723
922777074
939553814
956329774
973106132
989882160
1006658085
1023434647
1040211006
1056987305
1073763813
1090540632
1107317301
1124094154
1140871268
1157648468
1174425655
1191202924
1207980120
1224757456
1241534747
1258311919
1275089008
1291866224
1308643323
1325420358
1342197389
1358974124
1375750932
1392527518
1409303934
1426080873
1442857135
1459633473
1476409808
1493186284
1509962631
1526739221
1543515762
1560292426
1577069166
1593846212
1610623244
1627400321
1644177434
1660954518
1677731656
1694508876
1711286052
1728063264
1744840480
1761617688
1778394896
1795172116
1811949328
1828726544
1845503760
1862280976
1879058192
1895835408
1912613197
1929389840
1946167056
1962944272
1979721488
1996498704
2013275920
2030053136
2046830352
2063607568
2080384784
2097162005
2113939216
2130716432
-2147473648
-2130696432
-2113919212
-2097142000
-2080364784
-2063587568
-2046810352
-2030033136
-2013255920
-1996478704
-1979701488
-1962924272
-1946147056
-1929369840
-1912592619
-1895815408
-1879038192
-1862260976
-1845483755
-1828706544
-1811929328
-1795152112
-1778374896
-1761597680
-1744820464
-1728043248
-1711266032
-1694488816
-1677711600
-1660934384
-1644157168
-1627379952
-1610602736
-1593825520
-1577048304
-1560271088
-1543493872
-1526716656
-1509939440
-1493162224
-1476385008
-1459607792
-1442830576
-1426053360
-1409276144
-1392498928
-1375721712
-1358944496
-1342167280
-1325390064
-1308612848
-1291835632
-1275058416
-1258281200
-1241503984
-1224726768
-1207949552
-1191172334
-1174395117
-1157617885
-1140840649
-1124063399
-1107286089
-1090508694
-1073731198
-1056953698
-1040176292
-1023399235
-1006622361
-989845527
-973068476
-956291299
-939514095
-922736880
-905959664
-889182448
-872405232
-855628016
-838850800
-822073584
-805296368
-788519152
-771741936
-754964720
-738187504
-721410288
-704633071
-687855868
-671082916
-654310960
-637534204
-620756988
-603979776
-587202560
-570425344
-553648128
-536870912
-520093692
-503316480
-486539256
-469762048
-452984832
-436207616
-419430400
-402653184
-385875968
-369098752
-352321536
-335544320
-318767104
-301989888
-285212672
-268435456
-251658240
-234881024
-218103808
-201326592
-184549376
-167772160
-150994944
-134217728
-117440512
-100663296
-83886080
-67108864
-50331648
-33554432
