VFAT2	10
MIN	0
MAX	100
STEP	1
N	1000000
998862
17776338
34553543
51321253
68043049
84718126
101367125
117971923
134624452
151320217
168038598
184770916
201517493
218274715
235033873
251788287
268564639
285324185
302091018
318862169
335634541
352402802
369173064
385941549
402711284
419478417
436251345
453025377
469801401
486576332
503351233
520126124
536902172
553677689
570453429
587229825
604005991
620782418
637559085
654335915
671112624
687889507
704666591
721443542
738220613
754997748
771774911
788552078
805329171
822106272
838883503
855660700
872437880
889214847
905990594
922764508
939538250
956313162
973089557
989866725
1006643981
1023421309
1040198733
1056976096
1073753371
1090530809
1107308109
1124085205
1140862341
1157639352
1174416321
1191193238
1207970150
1224747229
1241524245
1258301370
1275078518
1291855682
1308632877
1325410078
1342187532
1358964789
1375741717
1392518934
1409296144
1426073360
1442850576
1459627792
1476405008
1493182224
1509959440
1526736656
1543513872
1560291088
1577068304
1593845520
1610622736
1627399953
1644177169
1660954387
