Type	threshold
OptoHybrid	1
VFAT2	12
min	0
max	255
step	1
n	1000000
----
slot	12
ctrl0	55
ctrl1	0
ctrl2	48
ctrl3	0
iPreampIn	168
iPremapFeed	80
iPreampOut	150
iShaper	150
iShaperFeed	100
iComp	75
chipId0	99
chipId1	254
latency	0
vthreshold1	25
vthreshold2	0
vcal	0
calphase	0
----
996103
17763775
34509980
51174024
67742023
84327053
100969122
117663332
134382500
151122749
167876052
184638144
201405371
218175808
234947487
251720787
268494307
285268315
302042114
318816028
335589859
352363286
369137588
385912662
402688202
419464176
436240408
453016808
469792968
486569402
503346000
520122379
536899344
553676152
570452882
587229743
604006491
620783073
637559954
654336534
671113182
687889789
704666478
721443043
738219598
754995810
771772008
788548016
805324036
822100136
838876284
855652746
872429313
889205946
905982845
922759752
939536750
956313948
973091076
989868269
1006645473
1023422673
1040199887
1056977095
1073754313
1090531528
1107308728
1124085939
1140863146
1157640376
1174417573
1191194773
1207971959
1224749140
1241526317
1258303509
1275080676
1291857767
1308634900
1325411992
1342189077
1358966166
1375743225
1392520303
1409297414
1426074455
1442851571
1459628626
1476405649
1493182746
1509959811
1526736951
1543514079
1560291227
1577068428
1593845618
1610622819
1627400054
1644177290
1660954542
1677731769
1694509010
1711286258
1728063495
1744840716
1761617875
1778395023
1795172114
1811948959
1828726030
1845502887
1862279622
1879056323
1895832779
1912609256
1929385567
1946162050
1962938206
1979714723
1996491172
2013267760
2030044431
2046821295
2063598233
2080375234
2097152321
2113929449
2130706605
-2147483556
-2130706336
-2113929152
-2097151959
-2080374707
-2063597536
-2046820304
-2030043062
-2013265880
-1996488644
-1979711447
-1962934216
-1946157036
-1929379792
-1912602580
-1895825340
-1879048156
-1862270919
-1845493748
-1828716479
-1811939275
-1795162068
-1778384852
-1761607637
-1744830400
-1728053192
-1711275970
-1694498776
-1677721572
-1660944340
-1644167119
-1627389908
-1610612724
-1593835491
-1577058268
-1560281040
-1543503824
-1526726616
-1509949388
-1493172179
-1476394978
-1459617763
-1442840560
-1426063328
-1409286115
-1392508904
-1375731684
-1358954484
-1342177240
-1325400044
-1308622823
-1291845611
-1275068404
-1258291176
-1241513960
-1224736764
-1207959548
-1191182316
-1174405104
-1157627900
-1140850634
-1124073435
-1107296232
-1090519024
-1073741804
-1056964572
-1040187376
-1023410143
-1006632940
-989855724
-973078508
-956301268
-939524071
-922746876
-905969644
-889192448
-872415208
-855638004
-838860772
-822083576
-805306364
-788529144
-771751928
-754974696
-738197480
-721420284
-704643072
-687865852
-671088632
-654311404
-637534204
-620756992
-603979776
-587202540
-570425340
-553648116
-536870904
-520093696
-503316472
-486539264
-469762044
-452984828
-436207616
-419430400
-402653184
-385875968
-369098752
-352321536
-335544320
-318767104
-301989888
-285212672
-268435456
-251658240
-234881024
-218103808
-201326592
-184549376
-167772160
-150994944
-134217728
-117440512
-100663296
-83886080
-67108864
-50331648
-33554432
