Type	threshold
OptoHybrid	0
VFAT2	19
min	0
max	255
step	1
n	1000000
----
slot	19
ctrl0	55
ctrl1	0
ctrl2	48
ctrl3	0
iPreampIn	168
iPremapFeed	80
iPreampOut	150
iShaper	150
iShaperFeed	100
iComp	75
chipId0	148
chipId1	254
latency	0
vthreshold1	25
vthreshold2	0
vcal	0
calphase	0
----
995400
17773194
34550720
51293795
67937985
84554151
101184384
117855726
134552808
151278147
168016782
184763253
201520788
218283712
235044163
251802265
268560599
285321508
302087879
318856130
335625773
352396726
369168608
385940568
402712182
419484068
436256282
453029995
469804019
486578636
503353511
520128972
536904069
553679499
570455438
587231183
604007064
620783140
637558944
654334769
671110318
687886139
704661895
721437756
738213641
754989670
771765994
788542184
805318683
822095217
838871916
855648849
872425796
889202848
905979967
922757021
939534186
956311393
973088610
989865815
1006642984
1023420207
1040197413
1056974626
1073751853
1090529051
1107306277
1124083513
1140860712
1157637943
1174415171
1191192418
1207969648
1224746904
1241524176
1258301471
1275078760
1291856119
1308633454
1325410799
1342188213
1358965571
1375742999
1392520326
1409297623
1426074926
1442852131
1459629360
1476406463
1493183574
1509960706
1526737749
1543514834
1560291897
1577068938
1593846035
1610623142
1627400282
1644177442
1660954616
1677731876
1694509122
1711286435
1728063774
1744841140
1761618482
1778395900
1795173217
1811950569
1828727887
1845505117
1862282284
1879059421
1895836460
1912613634
1929390617
1946167673
1962944721
1979721820
1996498916
2013276085
2030053241
2046830416
2063607610
2080384801
2097162011
2113939220
2130716432
-2147473647
-2130696432
-2113919210
-2097142000
-2080364784
-2063587568
-2046810352
-2030033136
-2013255920
-1996478704
-1979701488
-1962924272
-1946147056
-1929369840
-1912592624
-1895815408
-1879038192
-1862260972
-1845483760
-1828706544
-1811929328
-1795152112
-1778374892
-1761597680
-1744820464
-1728042858
-1711266007
-1694488816
-1677711600
-1660934384
-1644157168
-1627379952
-1610602732
-1593825512
-1577048282
-1560271028
-1543493758
-1526716567
-1509939314
-1493162130
-1476384898
-1459607690
-1442830499
-1426053308
-1409276068
-1392498773
-1375721668
-1358944419
-1342167239
-1325390032
-1308612783
-1291835552
-1275058332
-1258281124
-1241503931
-1224726704
-1207949492
-1191172268
-1174395043
-1157617835
-1140840580
-1124063435
-1107286236
-1090508972
-1073731797
-1056954531
-1040177341
-1023400141
-1006622914
-989845676
-973068502
-956291752
-939516832
-922744324
-905969464
-889192400
-872415171
-855637975
-838860723
-822083564
-805306348
-788529120
-771751880
-754974655
-738197476
-721420219
-704643044
-687865816
-671088612
-654311412
-637534183
-620756951
-603979764
-587202540
-570425332
-553648104
-536870896
-520093680
-503316468
-486539256
-469762040
-452984828
-436207612
-419430400
-402653184
-385875968
-369098752
-352321536
-335544320
-318767104
-301989888
-285212672
-268435456
-251658240
-234881024
-218103808
-201326592
-184549376
-167772160
-150994944
-134217728
-117440512
-100663296
-83886080
-67108864
-50331648
-33554432
