Type	threshold
OptoHybrid	1
VFAT2	13
min	0
max	255
step	1
n	1000000
----
slot	13
ctrl0	55
ctrl1	0
ctrl2	48
ctrl3	0
iPreampIn	168
iPremapFeed	80
iPreampOut	150
iShaper	150
iShaperFeed	100
iComp	75
chipId0	116
chipId1	254
latency	0
vthreshold1	25
vthreshold2	0
vcal	0
calphase	0
----
997147
17769798
34517595
51208457
67842132
84459019
101090357
117761541
134465495
151196413
167938973
184693111
201452700
218215534
234983509
251752773
268523511
285295618
302067609
318839447
335611492
352383344
369156073
385929144
402702770
419477365
436252243
453027837
469803575
486579863
503356512
520133097
536909553
553686413
570462856
587239304
604015709
620791916
637567658
654342849
671119596
687895281
704670852
721446723
738221589
754997035
771772100
788548214
805323793
822099861
838876014
855652634
872429322
889206079
905983041
922760005
939537035
956314281
973091260
989868395
1006645497
1023422644
1040199815
1056976917
1073754037
1090531160
1107308296
1124085332
1140862412
1157639495
1174416608
1191193691
1207970906
1224748063
1241525261
1258302521
1275079836
1291857133
1308634522
1325411902
1342189147
1358966484
1375743775
1392521132
1409298355
1426075622
1442852812
1459629992
1476407161
1493184342
1509961497
1526738690
1543515885
1560293146
1577070343
1593847642
1610624872
1627402199
1644179475
1660956704
1677733965
1694511185
1711288443
1728065621
1744842839
1761620272
1778397114
1795174181
1811951293
1828728371
1845505359
1862282389
1879059388
1895836379
1912613384
1929390411
1946167471
1962944518
1979722158
1996498820
2013275967
2030053169
2046830360
2063607572
2080384785
2097162002
2113939216
2130716432
-2147473648
-2130696432
-2113919216
-2097142000
-2080364784
-2063587568
-2046810352
-2030033136
-2013255920
-1996478704
-1979701488
-1962924269
-1946147056
-1929369840
-1912592624
-1895815408
-1879038192
-1862260976
-1845483760
-1828706544
-1811929328
-1795152112
-1778374896
-1761597680
-1744820464
-1728043248
-1711266032
-1694488816
-1677711600
-1660934384
-1644157168
-1627379952
-1610602736
-1593825520
-1577048304
-1560271088
-1543493872
-1526716656
-1509939440
-1493162224
-1476385008
-1459607792
-1442830576
-1426053360
-1409276144
-1392498928
-1375721712
-1358944504
-1342167284
-1325390084
-1308612884
-1291835712
-1275058612
-1258281644
-1241504836
-1224728440
-1207952396
-1191176532
-1174400768
-1157624880
-1140848820
-1124072612
-1107295960
-1090518928
-1073741804
-1056964600
-1040187392
-1023410176
-1006632960
-989855744
-973078528
-956301312
-939524096
-922746880
-905969664
-889192448
-872415232
-855638016
-838860800
-822083584
-805306368
-788529152
-771751936
-754974720
-738197504
-721420288
-704643072
-687865856
-671088640
-654311424
-637534208
-620756992
-603979776
-587202560
-570425344
-553648128
-536870907
-520093696
-503316480
-486539264
-469762048
-452984832
-436207616
-419430400
-402653184
-385875968
-369098752
-352321536
-335544320
-318767104
-301989888
-285212672
-268435456
-251658240
-234881024
-218103808
-201326592
-184549376
-167772160
-150994944
-134217728
-117440512
-100663296
-83886080
-67108864
-50331648
-33554432
