Type	threshold
OptoHybrid	1
VFAT2	10
min	0
max	255
step	1
n	1000000
----
slot	10
ctrl0	55
ctrl1	0
ctrl2	48
ctrl3	0
iPreampIn	168
iPremapFeed	80
iPreampOut	150
iShaper	150
iShaperFeed	100
iComp	75
chipId0	156
chipId1	250
latency	0
vthreshold1	25
vthreshold2	0
vcal	0
calphase	0
----
995426
17770833
34543535
51312107
68075594
84797338
101436333
118019565
134635294
151297639
167993473
184721891
201462684
218217037
234975347
251734832
268500416
285271236
302042585
318824051
335595716
352373635
369148182
385930093
402697964
419475405
436250377
453023364
469800681
486577176
503353456
520131558
536912417
553696909
570463333
587248437
604021089
620795298
637573585
654345839
671123431
687901148
704676982
721452818
738228656
755004058
771780443
788569440
805338894
822105134
838890874
855670726
872456571
889235688
906013876
922792418
939545943
956328238
973122569
989889209
1006677268
1023467497
1040234881
1057019842
1073770044
1090543499
1107328328
1124161322
1140891422
1157689682
1174430640
1191192727
1208012235
1224800374
1241523718
1258303865
1275073752
1291849776
1308626442
1325403587
1342181889
1358957029
1375738119
1392514284
1409289903
1426068128
1442848777
1459633132
1476419029
1493187197
1509988279
1526752632
1543514421
1560305952
1577070936
1593841662
1610622294
1627422625
1644180482
1660963692
1677734595
1694508192
1711281860
1728065351
1744853440
1761639304
1778480644
1795257383
1812026420
1828825885
1845558606
1862384259
1879101971
1895859230
1912666701
1929408933
1946209192
1963007875
1979871441
1996559729
2013317821
2030115494
2046856679
2063623373
2080433884
2097213010
2114071851
2130796642
-2147440982
-2130638478
-2113830186
-2097135452
-2080367652
-2063566588
-2046763774
-2029991836
-2013222261
-1996440651
-1979636330
-1962895692
-1946099609
-1929354278
-1912570506
-1895801116
-1879011149
-1862254787
-1845484820
-1828656667
-1811865615
-1795126242
-1778368887
-1761600012
-1744823783
-1728034138
-1711259124
-1694483169
-1677689758
-1660929298
-1644159836
-1627384262
-1610598183
-1593827185
-1577052804
-1560266194
-1543486977
-1526716363
-1509941819
-1493164980
-1476386445
-1459610603
-1442827527
-1426041407
-1409266004
-1392471232
-1375693990
-1358946477
-1342171025
-1325395322
-1308613632
-1291840550
-1275064463
-1258274590
-1241508566
-1224709643
-1207928427
-1191172827
-1174397601
-1157623763
-1140839260
-1124052341
-1107276349
-1090498869
-1073729378
-1056919881
-1040140692
-1023368049
-1006540377
-989821486
-973054704
-956272056
-939505984
-922726260
-905958943
-889162152
-872381059
-855594038
-838805249
-822042928
-805242797
-788496674
-771676055
-754947659
-738177641
-721392975
-704620060
-687844622
-671059802
-654268495
-637466196
-620742938
-603959972
-587182402
-570417952
-553646505
-536867292
-520091679
-503313642
-486538122
-469761413
-452984368
-436203338
-419427793
-402647592
-385867117
-369084026
-352317919
-335530671
-318746132
-301988135
-285212196
-268433786
-251654218
-234851023
-218089050
-201313658
-184520726
-167755531
-150953981
-134183158
-117427331
-100657896
-83879148
-67105138
-50325033
-33547471
