Type	threshold
OptoHybrid	0
VFAT2	10
min	0
max	255
step	1
n	1000000
----
slot	10
ctrl0	55
ctrl1	0
ctrl2	48
ctrl3	0
iPreampIn	168
iPremapFeed	80
iPreampOut	150
iShaper	150
iShaperFeed	100
iComp	75
chipId0	139
chipId1	254
latency	0
vthreshold1	25
vthreshold2	0
vcal	0
calphase	0
----
999564
17776936
34553940
51321732
68031392
84678347
101310534
117965589
134652031
151363391
168088127
184828571
201573785
218324846
235081661
251838634
268598549
285361010
302123287
318885952
335652082
352416895
369183516
385951714
402719220
419490876
436264493
453038839
469813332
486587977
503362437
520136139
536911132
553685720
570460452
587235485
604010817
620786583
637562410
654338634
671115177
687891885
704668472
721445241
738222037
754999073
771775843
788552646
805329717
822106751
838883973
855660994
872437749
889213598
905988024
922762027
939537058
956313232
973090070
989867125
1006644506
1023421551
1040198976
1056976105
1073753340
1090530657
1107307818
1124085175
1140862194
1157639200
1174416298
1191193262
1207970190
1224747342
1241524409
1258301483
1275078714
1291855781
1308633015
1325410223
1342187367
1358964580
1375741795
1392519006
1409296213
1426073452
1442850641
1459627911
1476405121
1493182354
1509959602
1526736858
1543514254
1560291447
1577068715
1593846091
1610623372
1627400728
1644178073
1660955324
1677732571
1694509755
1711286854
1728064038
1744841127
1761618197
1778395285
1795172419
1811949541
1828726703
1845503888
1862281071
1879058255
1895835451
1912612653
1929389858
1946167073
1962944276
1979721499
1996498706
2013275925
2030053136
2046830353
2063607575
2080384784
2097162000
2113939216
2130716432
-2147473648
-2130696432
-2113918914
-2097142000
-2080364784
-2063587568
-2046810352
-2030033136
-2013255920
-1996478704
-1979701488
-1962924272
-1946147052
-1929369840
-1912592624
-1895815408
-1879038192
-1862260976
-1845483760
-1828706544
-1811929328
-1795152112
-1778374896
-1761597680
-1744820464
-1728043248
-1711266032
-1694488816
-1677711600
-1660934384
-1644157168
-1627379952
-1610602736
-1593825520
-1577048300
-1560271084
-1543493872
-1526716656
-1509939440
-1493162224
-1476385008
-1459607792
-1442830580
-1426053360
-1409276156
-1392498928
-1375721740
-1358944528
-1342167380
-1325390287
-1308613295
-1291836473
-1275059966
-1258284000
-1241508033
-1224732262
-1207956776
-1191180900
-1174404508
-1157627772
-1140850656
-1124073468
-1107296256
-1090519040
-1073741824
-1056964608
-1040187392
-1023410176
-1006632960
-989855744
-973078528
-956301312
-939524096
-922746880
-905969664
-889192448
-872415232
-855638016
-838860800
-822083584
-805306368
-788529152
-771751936
-754974720
-738197504
-721420288
-704643072
-687865856
-671088640
-654311424
-637534208
-620756988
-603979776
-587202560
-570425344
-553648128
-536870912
-520093696
-503316480
-486539264
-469762048
-452984832
-436207616
-419430400
-402653184
-385875968
-369098752
-352321536
-335544320
-318767104
-301989888
-285212672
-268435456
-251658240
-234881024
-218103808
-201326592
-184549376
-167772160
-150994944
-134217728
-117440512
-100663296
-83886080
-67108864
-50331648
-33554432
