Type	threshold
OptoHybrid	1
VFAT2	21
min	0
max	255
step	1
n	1000000
----
slot	21
ctrl0	55
ctrl1	0
ctrl2	48
ctrl3	0
iPreampIn	168
iPremapFeed	80
iPreampOut	150
iShaper	150
iShaperFeed	100
iComp	75
chipId0	95
chipId1	254
latency	0
vthreshold1	25
vthreshold2	0
vcal	0
calphase	0
----
986790
17772971
34551816
51328965
68093668
84809720
101430192
118012742
134653974
151335402
168056101
184795848
201547950
218307694
235064767
251820438
268570862
285321305
302078403
318840148
335607007
352375706
369145313
385916662
402689590
419461941
436235433
453009260
469783812
486558571
503334043
520109752
536885967
553662608
570439393
587216161
603992959
620770101
637547126
654324233
671101305
687878464
704655632
721432789
738209964
754987143
771764322
788541479
805318638
822095768
838872888
855649971
872427071
889204074
905981137
922758194
939535218
956312222
973089282
989866319
1006643425
1023421184
1040197671
1056974796
1073751970
1090529134
1107306309
1124083510
1140860682
1157637881
1174415088
1191192214
1207969407
1224746542
1241523601
1258300728
1275077706
1291854673
1308631434
1325408264
1342184816
1358961268
1375737820
1392514216
1409290730
1426067077
1442843668
1459620384
1476396917
1493173689
1509950572
1526727456
1543504376
1560281540
1577058604
1593835740
1610612872
1627390052
1644167248
1660944428
1677721648
1694498848
1711276056
1728053265
1744830476
1761607696
1778384900
1795162120
1811939332
1828716560
1845493776
1862270992
1879048220
1895825426
1912602632
1929379844
1946157060
1962934280
1979711504
1996488720
2013265940
2030043165
2046820356
2063597572
2080374788
2097152004
2113929228
2130706445
-2147483640
-2130706432
-2113929208
-2097151983
-2080374780
-2063597556
-2046820344
-2030043131
-2013265920
-1996488704
-1979711472
-1962934256
-1946157056
-1929379836
-1912602612
-1895825404
-1879048183
-1862270972
-1845493743
-1828716544
-1811939328
-1795162112
-1778384876
-1761607680
-1744830459
-1728053240
-1711276028
-1694498808
-1677721596
-1660944380
-1644167164
-1627389942
-1610612732
-1593835516
-1577058300
-1560281088
-1543503856
-1526726652
-1509949436
-1493172220
-1476395000
-1459617788
-1442840563
-1426063356
-1409286140
-1392508924
-1375731708
-1358954488
-1342177272
-1325400047
-1308622844
-1291845632
-1275068416
-1258291200
-1241513976
-1224736760
-1207959552
-1191182336
-1174405116
-1157627886
-1140850684
-1124073468
-1107296252
-1090519036
-1073741820
-1056964608
-1040187392
-1023410176
-1006632960
-989855740
-973078528
-956301312
-939524096
-922746880
-905969664
-889192448
-872415232
-855638016
-838860800
-822083584
-805306368
-788529152
-771751936
-754974720
-738197504
-721420288
-704643072
-687865856
-671088640
-654311424
-637534208
-620756992
-603979776
-587202560
-570425344
-553648128
-536870912
-520093696
-503316480
-486539264
-469762048
-452984832
-436207616
-419430400
-402653184
-385875968
-369098752
-352321536
-335544320
-318767104
-301989888
-285212672
-268435456
-251658240
-234881024
-218103808
-201326592
-184549376
-167772160
-150994944
-134217728
-117440512
-100663296
-83886080
-67108864
-50331648
-33554432
