Type	threshold
OptoHybrid	0
VFAT2	3
min	0
max	255
step	1
n	1000000
----
slot	3
ctrl0	55
ctrl1	0
ctrl2	48
ctrl3	0
iPreampIn	168
iPremapFeed	80
iPreampOut	150
iShaper	150
iShaperFeed	100
iComp	75
chipId0	123
chipId1	254
latency	0
vthreshold1	25
vthreshold2	0
vcal	0
calphase	0
----
986612
17772052
34550049
51326697
68102234
84875919
101643415
118351867
134939407
151513479
168159431
184853691
201574589
218316165
235065006
251819273
268578396
285340290
302102025
318867240
335636289
352404530
369175491
385947206
402718371
419491022
436264619
453037058
469811379
486585964
503361148
520135996
536912067
553687811
570463878
587239975
604016361
620792835
637569244
654345845
671122597
687899152
704675540
721451636
738227273
755001936
771775530
788549022
805322617
822097587
838873435
855649878
872426626
889203457
905980383
922757421
939534544
956311670
973088931
989866085
1006643263
1023420573
1040197887
1056975205
1073752514
1090529798
1107307142
1124084309
1140861566
1157638761
1174415928
1191193076
1207970238
1224747283
1241524372
1258301488
1275078598
1291855792
1308632932
1325410106
1342187312
1358964512
1375741719
1392518933
1409296148
1426073362
1442850577
1459627792
1476405008
1493182224
1509959440
1526736656
1543513872
1560291088
1577068304
1593845520
1610622736
1627399952
1644177168
1660954384
1677731600
1694508816
1711286032
1728063248
1744840464
1761617680
1778394896
1795172112
1811949328
1828726544
1845503760
1862280976
1879058192
1895835408
1912612624
1929389840
1946167056
1962944272
1979721489
1996498704
2013275921
2030053138
2046830352
2063607571
2080384788
2097162008
2113939263
2130716607
-2147473640
-2130696417
-2113919203
-2097141969
-2080364751
-2063587514
-2046810270
-2030033035
-2013255782
-1996478517
-1979701277
-1962924058
-1946146787
-1929369514
-1912592304
-1895815025
-1879037825
-1862260639
-1845483455
-1828706291
-1811929129
-1795151955
-1778374781
-1761597612
-1744820421
-1728043224
-1711266021
-1694488811
-1677711594
-1660934378
-1644157168
-1627379952
-1610602736
-1593825520
-1577048304
-1560271088
-1543493872
-1526716656
-1509939440
-1493162224
-1476385008
-1459607792
-1442830576
-1426053360
-1409276144
-1392498928
-1375721712
-1358944496
-1342167280
-1325390064
-1308612848
-1291835632
-1275058416
-1258281200
-1241503984
-1224726768
-1207949552
-1191172336
-1174395120
-1157617904
-1140840688
-1124063472
-1107286256
-1090509040
-1073731824
-1056954608
-1040177390
-1023400172
-1006622976
-989845862
-973069539
-956295372
-939522380
-922746732
-905969664
-889192448
-872415232
-855638016
-838860800
-822083584
-805306368
-788529152
-771751936
-754974720
-738197504
-721420288
-704643072
-687865856
-671088640
-654311424
-637534208
-620756992
-603979776
-587202560
-570425344
-553648128
-536870912
-520093696
-503316480
-486539264
-469762048
-452984832
-436207616
-419430400
-402653184
-385875968
-369098752
-352321536
-335544320
-318767104
-301989888
-285212672
-268435456
-251658240
-234881024
-218103808
-201326592
-184549376
-167772160
-150994944
-134217728
-117440512
-100663296
-83886080
-67108864
-50331648
-33554432
