Type	threshold
OptoHybrid	0
VFAT2	11
min	0
max	255
step	1
n	1000000
----
slot	11
ctrl0	55
ctrl1	0
ctrl2	48
ctrl3	0
iPreampIn	168
iPremapFeed	80
iPreampOut	150
iShaper	150
iShaperFeed	100
iComp	75
chipId0	175
chipId1	250
latency	0
vthreshold1	25
vthreshold2	0
vcal	0
calphase	0
----
996345
17774686
34551224
51325649
68096830
84858876
101584868
118252236
134851374
151425015
168056880
184742406
201467606
218216629
234976743
251743159
268513571
285286521
302060076
318834468
335608985
352383190
369157149
385930963
402704592
419478955
436253695
453028759
469804004
486580015
503356137
520132538
536908719
553685056
570461345
587237373
604013605
620790105
637566470
654343046
671119868
687896768
704673670
721450666
738227317
755003798
771780179
788555770
805331633
822107371
838883330
855659104
872435435
889211542
905987944
922764070
939540704
956316788
973093092
989869309
1006645732
1023422233
1040198848
1056975601
1073752441
1090529450
1107306492
1124083606
1140860763
1157637965
1174415175
1191192409
1207969613
1224746875
1241524090
1258301346
1275078625
1291855853
1308633104
1325410379
1342187663
1358964911
1375742144
1392519343
1409296543
1426073792
1442850947
1459628119
1476405275
1493182445
1509959635
1526736775
1543513978
1560291144
1577068344
1593845541
1610622751
1627399956
1644177171
1660954386
1677731602
1694508816
1711286032
1728063250
1744840465
1761617682
1778394897
1795172114
1811949331
1828726554
1845503765
1862280992
1879058207
1895835430
1912612662
1929389882
1946167118
1962944339
1979721597
1996498846
2013276085
2030053332
2046830560
2063607818
2080385078
2097162423
2113939915
2130716783
-2147473245
-2130696007
-2113918832
-2097141624
-2080364448
-2063587257
-2046810072
-2030032902
-2013255757
-1996478541
-1979701369
-1962924187
-1946146978
-1929369792
-1912592591
-1895815381
-1879038180
-1862260970
-1845483753
-1828706539
-1811929326
-1795152111
-1778374896
-1761597680
-1744820464
-1728043248
-1711266032
-1694488816
-1677711600
-1660934384
-1644157168
-1627379952
-1610602736
-1593825520
-1577048304
-1560271088
-1543493872
-1526716656
-1509939440
-1493162224
-1476385008
-1459607792
-1442830576
-1426053360
-1409276144
-1392498928
-1375721712
-1358944496
-1342167280
-1325390064
-1308612848
-1291835632
-1275058416
-1258281200
-1241503984
-1224726768
-1207949552
-1191172336
-1174395120
-1157617904
-1140840688
-1124063472
-1107286256
-1090509040
-1073731824
-1056954608
-1040177392
-1023400176
-1006622960
-989845744
-973068528
-956291312
-939514096
-922736880
-905959663
-889182446
-872405228
-855628006
-838850815
-822074300
-805300336
-788527736
-771751916
-754974720
-738197504
-721420288
-704643072
-687865856
-671088640
-654311424
-637534208
-620756992
-603979776
-587202560
-570425344
-553648128
-536870912
-520093696
-503316480
-486539264
-469762048
-452984832
-436207616
-419430400
-402653184
-385875968
-369098752
-352321536
-335544320
-318767104
-301989888
-285212672
-268435456
-251658240
-234881024
-218103808
-201326592
-184549376
-167772160
-150994944
-134217728
-117440512
-100663296
-83886080
-67108864
-50331648
-33554432
