Type	threshold
OptoHybrid	0
VFAT2	3
min	0
max	255
step	1
n	1000000
----
slot	3
ctrl0	55
ctrl1	0
ctrl2	48
ctrl3	0
iPreampIn	168
iPremapFeed	80
iPreampOut	150
iShaper	150
iShaperFeed	100
iComp	75
chipId0	123
chipId1	254
latency	0
vthreshold1	25
vthreshold2	0
vcal	0
calphase	0
----
987187
17772129
34549936
51326571
68102216
84876225
101643751
118354568
134937108
151517762
168162215
184855241
201579606
218316970
235065568
251821888
268579270
285340169
302104260
318869606
335636609
352405565
369176036
385946882
402719363
419491036
436264003
453037734
469811710
486586065
503361104
520136382
536912029
553687733
570463601
587240036
604016313
620792832
637569335
654346158
671122632
687899282
704675550
721451932
738227170
755002238
771775595
788548774
805322735
822097800
838873719
855650103
872426496
889203356
905980297
922757369
939534593
956311754
973088843
989866081
1006643375
1023420638
1040197928
1056975194
1073752545
1090529860
1107307113
1124084394
1140861611
1157638778
1174415932
1191193101
1207970171
1224747287
1241524353
1258301472
1275078593
1291855758
1308632923
1325410121
1342187315
1358964507
1375741727
1392518937
1409296146
1426073360
1442850576
1459627792
1476405008
1493182224
1509959440
1526736656
1543513872
1560291088
1577068304
1593845520
1610622736
1627399952
1644177168
1660954384
1677731600
1694508816
1711286032
1728063248
1744840464
1761617680
1778394896
1795172112
1811949328
1828726544
1845503760
1862280976
1879058192
1895835408
1912612624
1929389841
1946167056
1962944273
1979721488
1996498704
2013275922
2030053137
2046830352
2063607569
2080384785
2097162006
2113939224
2130716440
-2147473635
-2130696419
-2113919193
-2097141962
-2080364750
-2063587497
-2046810279
-2030033030
-2013255770
-1996478535
-1979701285
-1962924024
-1946146765
-1929369502
-1912592284
-1895815052
-1879037834
-1862260652
-1845483490
-1828706287
-1811929138
-1795151967
-1778374799
-1761597609
-1744820411
-1728043221
-1711266020
-1694488809
-1677711595
-1660934382
-1644157167
-1627379951
-1610602736
-1593825520
-1577048304
-1560271088
-1543493872
-1526716656
-1509939440
-1493162224
-1476385008
-1459607792
-1442830576
-1426053360
-1409276144
-1392498928
-1375721712
-1358944496
-1342167280
-1325390064
-1308612848
-1291835632
-1275058416
-1258281200
-1241503984
-1224726768
-1207949544
-1191172388
-1174395120
-1157617904
-1140840688
-1124063472
-1107286256
-1090509040
-1073731824
-1056954608
-1040177391
-1023400181
-1006622976
-989845862
-973069468
-956295368
-939522296
-922746784
-905969664
-889192444
-872415232
-855638016
-838860800
-822083584
-805306368
-788529152
-771751936
-754974720
-738197504
-721420288
-704643072
-687865856
-671088640
-654311424
-637534208
-620756992
-603979776
-587202560
-570425344
-553648128
-536870912
-520093696
-503316480
-486539264
-469762048
-452984832
-436207616
-419430400
-402653184
-385875968
-369098752
-352321536
-335544320
-318767104
-301989888
-285212672
-268435456
-251658240
-234881024
-218103808
-201326592
-184549376
-167772160
-150994944
-134217728
-117440512
-100663296
-83886080
-67108864
-50331648
-33554432
