Type	threshold
OptoHybrid	0
VFAT2	12
min	0
max	255
step	1
n	1000000
----
slot	12
ctrl0	55
ctrl1	0
ctrl2	48
ctrl3	0
iPreampIn	168
iPremapFeed	80
iPreampOut	150
iShaper	150
iShaperFeed	100
iComp	75
chipId0	152
chipId1	254
latency	0
vthreshold1	25
vthreshold2	0
vcal	0
calphase	0
----
972942
17764736
34547794
51326453
68101037
84871799
101633199
118335749
134932867
151503163
168132350
184815756
201533875
218272153
235020256
251776858
268540913
285307981
302077711
318848530
335620435
352393077
369165386
385937412
402710861
419485003
436258958
453033193
469808167
486582604
503357885
520133177
536909654
553685592
570462318
587238830
604015547
620792062
637568692
654345238
671121439
687897541
704673287
721448803
738223974
754998993
771774277
788549299
805324542
822100445
838876344
855652681
872429146
889205942
905982886
922759793
939536868
956313910
973091026
989868102
1006645150
1023422232
1040199246
1056976276
1073753361
1090530397
1107307463
1124084549
1140861627
1157638659
1174415696
1191192775
1207969907
1224746969
1241524115
1258301287
1275078473
1291855665
1308632861
1325410069
1342187283
1358964498
1375741715
1392518929
1409296144
1426073360
1442850576
1459627792
1476405008
1493182224
1509959440
1526736656
1543513872
1560291088
1577068304
1593845520
1610622736
1627399952
1644177168
1660954384
1677731600
1694508816
1711286032
1728063248
1744840464
1761617684
1778394896
1795172112
1811949328
1828726544
1845503760
1862280976
1879058192
1895835408
1912612624
1929389840
1946167056
1962944272
1979721488
1996498704
2013275920
2030053136
2046830352
2063607568
2080384784
2097162000
2113939216
2130716432
-2147473648
-2130696432
-2113919216
-2097142000
-2080364784
-2063587568
-2046810352
-2030033136
-2013255920
-1996478704
-1979701488
-1962924272
-1946147056
-1929369840
-1912592624
-1895815408
-1879038192
-1862260976
-1845483760
-1828706544
-1811929328
-1795152112
-1778374896
-1761597680
-1744820464
-1728043248
-1711266032
-1694488816
-1677711599
-1660934382
-1644157166
-1627379946
-1610602719
-1593825506
-1577048258
-1560271023
-1543493757
-1526716480
-1509939142
-1493161739
-1476384304
-1459606833
-1442829309
-1426051750
-1409274722
-1392497550
-1375720449
-1358943444
-1342166400
-1325389479
-1308612475
-1291835409
-1275058299
-1258281153
-1241503964
-1224726760
-1207949552
-1191172336
-1174395120
-1157617904
-1140840688
-1124063472
-1107286256
-1090509040
-1073731826
-1056954606
-1040177451
-1023400496
-1006624604
-989849852
-973076084
-956300820
-939524072
-922746876
-905969664
-889192448
-872415232
-855638016
-838860800
-822083584
-805306368
-788529152
-771751936
-754974720
-738197504
-721420288
-704643072
-687865856
-671088640
-654311424
-637534208
-620756992
-603979776
-587202560
-570425344
-553648128
-536870912
-520093696
-503316480
-486539264
-469762048
-452984832
-436207616
-419430400
-402653184
-385875968
-369098752
-352321536
-335544320
-318767104
-301989888
-285212672
-268435456
-251658240
-234881024
-218103808
-201326592
-184549376
-167772160
-150994944
-134217728
-117440512
-100663296
-83886080
-67108864
-50331648
-33554432
