Type	threshold
OptoHybrid	0
VFAT2	20
min	0
max	255
step	1
n	1000000
----
slot	20
ctrl0	55
ctrl1	0
ctrl2	48
ctrl3	0
iPreampIn	168
iPremapFeed	80
iPreampOut	150
iShaper	150
iShaperFeed	100
iComp	75
chipId0	64
chipId1	251
latency	0
vthreshold1	25
vthreshold2	0
vcal	0
calphase	0
----
999700
17777078
34554407
51321555
68005091
84627115
101269499
117924838
134607862
151319833
168045527
184783551
201533140
218285328
235040331
251800983
268563686
285331127
302100306
318869667
335638708
352410215
369180776
385950209
402721057
419493204
436265614
453037538
469810392
486585813
503362131
520138332
536914619
553691240
570468005
587244673
604021542
620798174
637574565
654351242
671127836
687903896
704680183
721455847
738232574
755009064
771785259
788561133
805337577
822113552
838889793
855665785
872438269
889209247
905983711
922760332
939537095
956314187
973091274
989868201
1006645333
1023422398
1040199436
1056976573
1073753739
1090530719
1107307791
1124084881
1140861901
1157638959
1174416074
1191193165
1207970273
1224747351
1241524484
1258301600
1275078722
1291855867
1308633056
1325410205
1342187397
1358964585
1375741781
1392518960
1409296181
1426073388
1442850595
1459627801
1476405019
1493182230
1509959442
1526736660
1543513876
1560291088
1577068306
1593845520
1610622736
1627399952
1644177168
1660954384
1677731600
1694508816
1711286032
1728063248
1744840464
1761617680
1778394896
1795172112
1811949328
1828726544
1845503760
1862280976
1879058192
1895835408
1912612624
1929389840
1946167056
1962944272
1979721488
1996498704
2013275920
2030053136
2046830353
2063607569
2080384786
2097162006
2113939217
2130716436
-2147473640
-2130696418
-2113919194
-2097141970
-2080364746
-2063587521
-2046810284
-2030033040
-2013255786
-1996478522
-1979701270
-1962923949
-1946146673
-1929369363
-1912592079
-1895814701
-1879037462
-1862260208
-1845483002
-1828705752
-1811928562
-1795151407
-1778374282
-1761597182
-1744820007
-1728042912
-1711265755
-1694488625
-1677711450
-1660934279
-1644157101
-1627379900
-1610602715
-1593825534
-1577048337
-1560271173
-1543493986
-1526716831
-1509939793
-1493162691
-1476385787
-1459608820
-1442832228
-1426055627
-1409279149
-1392502992
-1375726756
-1358950592
-1342174356
-1325397996
-1308621400
-1291844696
-1275067804
-1258290840
-1241513760
-1224736624
-1207959504
-1191182300
-1174405108
-1157627900
-1140850684
-1124073472
-1107296256
-1090519040
-1073741820
-1056964608
-1040187392
-1023410176
-1006632960
-989855744
-973078528
-956301312
-939524096
-922746880
-905969664
-889192448
-872415232
-855638016
-838860800
-822083584
-805306368
-788529152
-771751936
-754974720
-738197504
-721420288
-704643072
-687865856
-671088640
-654311424
-637534208
-620756992
-603979776
-587202560
-570425344
-553648128
-536870912
-520093696
-503316480
-486539264
-469762048
-452984832
-436207616
-419430400
-402653184
-385875968
-369098752
-352321536
-335544320
-318767104
-301989888
-285212672
-268435456
-251658240
-234881024
-218103808
-201326592
-184549376
-167772160
-150994944
-134217728
-117440512
-100663296
-83886080
-67108864
-50331648
-33554432
