Type	threshold
OptoHybrid	0
VFAT2	3
min	0
max	255
step	1
n	1000000
----
slot	3
ctrl0	55
ctrl1	0
ctrl2	48
ctrl3	0
iPreampIn	168
iPremapFeed	80
iPreampOut	150
iShaper	150
iShaperFeed	100
iComp	75
chipId0	123
chipId1	254
latency	0
vthreshold1	25
vthreshold2	0
vcal	0
calphase	0
----
986782
17772109
34550172
51326490
68102267
84875990
101643601
118354437
134937297
151511050
168163484
184853306
201576195
218317476
235064045
251819062
268579307
285338574
302102648
318868882
335636283
352405456
369176636
385946272
402718497
419491000
436263133
453037407
469812084
486585541
503360585
520136012
536911614
553687695
570463730
587240083
604016313
620792904
637569346
654346170
671122870
687899186
704675513
721451800
738227409
755002007
771775683
788548913
805322886
822097784
838873416
855649876
872426559
889203414
905980468
922757461
939534518
956311650
973088919
989866074
1006643371
1023420621
1040197856
1056975213
1073752503
1090529832
1107307105
1124084366
1140861590
1157638811
1174415946
1191193083
1207970165
1224747270
1241524383
1258301468
1275078598
1291855760
1308632921
1325410122
1342187300
1358964516
1375741722
1392518929
1409296149
1426073362
1442850576
1459627792
1476405008
1493182224
1509959440
1526736656
1543513872
1560291088
1577068304
1593845520
1610622736
1627399952
1644177168
1660954384
1677731600
1694508816
1711286032
1728063248
1744840464
1761617680
1778394896
1795172112
1811949328
1828726544
1845503760
1862280976
1879058192
1895835408
1912612624
1929389840
1946167056
1962944273
1979721488
1996498704
2013275921
2030053139
2046830353
2063607568
2080384788
2097162003
2113939224
2130716440
-2147473634
-2130696412
-2113919191
-2097141974
-2080364736
-2063587502
-2046810270
-2030033041
-2013255784
-1996478538
-1979701266
-1962924013
-1946146719
-1929369537
-1912592297
-1895815064
-1879037833
-1862260631
-1845483471
-1828706315
-1811929133
-1795151980
-1778374795
-1761597608
-1744820422
-1728043226
-1711266017
-1694488810
-1677711599
-1660934379
-1644157166
-1627379952
-1610602736
-1593825520
-1577048304
-1560271088
-1543493872
-1526716656
-1509939440
-1493162143
-1476384856
-1459607792
-1442830576
-1426053360
-1409276144
-1392498928
-1375721712
-1358944496
-1342167280
-1325390064
-1308612848
-1291835632
-1275058416
-1258281200
-1241503984
-1224726768
-1207949552
-1191172336
-1174395120
-1157617904
-1140840688
-1124063472
-1107286256
-1090509040
-1073731824
-1056954608
-1040177391
-1023400177
-1006622958
-989845849
-973069435
-956295088
-939522376
-922746724
-905969660
-889192448
-872415232
-855638016
-838860800
-822083584
-805306368
-788529152
-771751936
-754974720
-738197504
-721420288
-704643072
-687865856
-671088640
-654311424
-637534208
-620756992
-603979776
-587202560
-570425344
-553648128
-536870912
-520093696
-503316480
-486539264
-469762048
-452984832
-436207616
-419430400
-402653184
-385875968
-369098752
-352321536
-335544320
-318767104
-301989888
-285212672
-268435456
-251658240
-234881024
-218103808
-201326592
-184549376
-167772160
-150994944
-134217728
-117440512
-100663296
-83886080
-67108864
-50331648
-33554432
