Type	threshold
OptoHybrid	0
VFAT2	10
min	0
max	255
step	1
n	1000000
----
slot	10
ctrl0	55
ctrl1	0
ctrl2	48
ctrl3	0
iPreampIn	168
iPremapFeed	80
iPreampOut	150
iShaper	150
iShaperFeed	100
iComp	75
chipId0	139
chipId1	254
latency	0
vthreshold1	25
vthreshold2	0
vcal	0
calphase	0
----
999405
17776502
34553528
51329467
68093045
84795297
101418797
118037860
134689009
151379240
168084782
184815044
201556643
218305180
235061949
251822463
268583545
285346901
302112322
318876230
335642074
352409111
369177805
385947867
402717249
419489267
436262851
453037534
469812184
486586815
503362172
520136655
536912190
553687319
570462085
587237409
604013377
620788369
637564427
654340833
671117080
687893494
704670028
721446755
738223592
755000396
771777091
788554019
805331045
822108057
838885187
855662183
872439061
889215470
905990843
922765414
939540395
956316185
973092701
989869592
1006646774
1023423591
1040200686
1056977778
1073754788
1090531883
1107309071
1124086010
1140863119
1157640230
1174417254
1191194207
1207971148
1224748318
1241525189
1258302296
1275079358
1291856377
1308633593
1325410668
1342187965
1358965030
1375742235
1392519332
1409296559
1426073779
1442850902
1459628161
1476405378
1493182537
1509959714
1526736855
1543514084
1560291281
1577068503
1593845713
1610622945
1627400132
1644177334
1660954618
1677731776
1694509056
1711286262
1728063512
1744840788
1761617982
1778395271
1795172498
1811949801
1828727079
1845504252
1862281509
1879058673
1895835928
1912613118
1929390294
1946167399
1962944575
1979721828
1996498890
2013276523
2030053218
2046830427
2063607606
2080384811
2097162018
2113939230
2130716440
-2147473646
-2130696430
-2113919216
-2097141999
-2080364784
-2063587568
-2046810352
-2030033132
-2013255920
-1996478704
-1979701488
-1962924272
-1946147056
-1929369840
-1912592624
-1895815408
-1879038192
-1862260976
-1845483760
-1828706544
-1811929328
-1795152112
-1778374896
-1761597680
-1744820464
-1728043248
-1711266032
-1694488816
-1677711600
-1660934384
-1644157168
-1627379952
-1610602736
-1593825520
-1577048304
-1560271088
-1543493872
-1526716656
-1509939440
-1493162224
-1476385008
-1459607792
-1442830576
-1426053364
-1409276148
-1392498936
-1375721748
-1358944560
-1342167424
-1325390300
-1308613308
-1291836568
-1275059907
-1258283644
-1241507371
-1224731735
-1207956030
-1191180220
-1174404096
-1157627508
-1140850540
-1124073448
-1107296256
-1090519040
-1073741824
-1056964608
-1040187392
-1023410176
-1006632960
-989855744
-973078528
-956301312
-939524096
-922746880
-905969664
-889192448
-872415232
-855638016
-838860800
-822083584
-805306368
-788529152
-771751936
-754974720
-738197504
-721420288
-704643072
-687865856
-671088640
-654311424
-637534208
-620756992
-603979776
-587202560
-570425344
-553648128
-536870912
-520093696
-503316480
-486539264
-469762048
-452984832
-436207616
-419430400
-402653184
-385875968
-369098752
-352321536
-335544320
-318767104
-301989888
-285212672
-268435456
-251658240
-234881024
-218103808
-201326592
-184549376
-167772160
-150994944
-134217728
-117440512
-100663296
-83886080
-67108864
-50331648
-33554432
