Type	threshold
OptoHybrid	0
VFAT2	11
min	0
max	255
step	1
n	1000000
----
slot	11
ctrl0	55
ctrl1	0
ctrl2	48
ctrl3	0
iPreampIn	168
iPremapFeed	80
iPreampOut	150
iShaper	150
iShaperFeed	100
iComp	75
chipId0	175
chipId1	250
latency	0
vthreshold1	25
vthreshold2	0
vcal	0
calphase	0
----
996489
17774637
34550995
51325620
68096576
84859512
101587397
118252986
134856130
151430981
168054857
184742740
201469022
218217215
234976949
251742576
268513035
285286271
302059609
318834209
335608888
352383521
369157407
385931079
402705168
419479271
436253717
453028879
469804257
486580185
503356092
520132632
536908872
553685039
570461378
587237642
604013717
620790020
637566530
654343179
671119898
687896935
704674375
721450737
738227549
755004135
771780325
788556352
805332181
822107636
838883484
855659404
872435681
889211854
905988205
922764471
939540757
956317156
973093408
989869625
1006645948
1023422412
1040198948
1056975542
1073752488
1090529453
1107306484
1124083637
1140860744
1157637967
1174415179
1191192391
1207969628
1224746854
1241524104
1258301344
1275078583
1291855882
1308633141
1325410410
1342187677
1358964921
1375742162
1392519427
1409296616
1426073810
1442850988
1459628181
1476405346
1493182488
1509959625
1526736800
1543513983
1560291178
1577068343
1593845562
1610622756
1627399965
1644177177
1660954392
1677731603
1694508821
1711286033
1728063248
1744840465
1761617681
1778394898
1795172116
1811949332
1828726550
1845503768
1862280989
1879058201
1895835427
1912612666
1929389884
1946167116
1962944354
1979721597
1996498797
2013276070
2030053309
2046830574
2063607828
2080385097
2097162324
2113939615
2130716811
-2147473252
-2130696052
-2113918820
-2097141660
-2080364463
-2063587256
-2046810066
-2030032891
-2013255710
-1996478547
-1979701371
-1962924173
-1946147007
-1929369818
-1912592609
-1895815385
-1879038184
-1862260965
-1845483754
-1828706541
-1811929324
-1795152112
-1778374896
-1761597680
-1744820464
-1728043248
-1711266032
-1694488816
-1677711600
-1660934384
-1644157168
-1627379952
-1610602736
-1593825520
-1577048304
-1560271088
-1543493872
-1526716656
-1509939440
-1493162224
-1476385008
-1459607792
-1442830576
-1426053360
-1409276144
-1392498928
-1375721712
-1358944496
-1342167280
-1325390064
-1308612848
-1291835632
-1275058416
-1258281200
-1241503984
-1224726768
-1207949552
-1191172336
-1174395120
-1157617904
-1140840688
-1124063472
-1107286256
-1090509040
-1073731824
-1056954608
-1040177392
-1023400176
-1006622960
-989845744
-973068528
-956291312
-939514096
-922736880
-905959664
-889182447
-872405226
-855628010
-838850804
-822073888
-805299096
-788526892
-771751888
-754974720
-738197504
-721420288
-704643072
-687865856
-671088640
-654311424
-637534208
-620756992
-603979776
-587202560
-570425344
-553648128
-536870912
-520093696
-503316480
-486539264
-469762048
-452984832
-436207616
-419430400
-402653184
-385875968
-369098752
-352321536
-335544320
-318767104
-301989888
-285212672
-268435456
-251658240
-234881024
-218103808
-201326592
-184549376
-167772160
-150994944
-134217728
-117440512
-100663296
-83886080
-67108864
-50331648
-33554432
