Type	threshold
OptoHybrid	0
VFAT2	21
min	0
max	255
step	1
n	1000000
----
slot	21
ctrl0	55
ctrl1	0
ctrl2	48
ctrl3	0
iPreampIn	168
iPremapFeed	80
iPreampOut	150
iShaper	150
iShaperFeed	100
iComp	75
chipId0	167
chipId1	254
latency	0
vthreshold1	25
vthreshold2	0
vcal	0
calphase	0
----
999997
17777213
34554430
51331630
68108864
84886080
101663295
118440512
135217693
151994852
168772086
185549332
202326575
219103795
235880957
252658243
269435449
286212583
302989881
319767099
336544311
353321526
370098720
386875972
403653158
420430361
437207610
453984841
470762054
487539275
504316477
521093694
537870909
554648128
571425343
588202557
604979774
621756989
638534204
655311423
672088639
688865854
705643070
722420286
739197502
755974717
772751934
789529150
806306365
823083581
839860800
856638014
873415228
890192425
906969654
923746856
940524093
957301309
974078525
990855742
1007632958
1024410170
1041187391
1057964607
1074741824
1091519040
1108296255
1125073471
1141850688
1158627902
1175405119
1192182334
1208959551
1225736768
1242513981
1259291200
1276068415
1292845632
1309622848
1326400064
1343177279
1359954495
1376731710
1393508928
1410286144
1427063360
1443840575
1460617791
1477395007
1494172222
1510949439
1527726653
1544503867
1561281088
1578058303
1594835496
1611612733
1628389952
1645167168
1661944384
1678721599
1695498816
1712276032
1729053243
1745830457
1762607688
1779384896
1796162109
1812939326
1829716544
1846493758
1863270976
1880048190
1896825407
1913602623
1930379840
1947157054
1963934270
1980711488
1997488704
2014265918
2031043136
2047820351
2064597568
2081374784
2098152000
2114929216
2131706432
-2146483648
-2129706432
-2112929216
-2096152001
-2079374784
-2062597574
-2045820355
-2029043140
-2012265926
-1995488706
-1978711492
-1961934274
-1945157058
-1928379843
-1911602630
-1894825411
-1878048196
-1861270979
-1844493762
-1827716547
-1810939332
-1794162113
-1777384898
-1760607685
-1743830464
-1727053252
-1710276034
-1693498818
-1676721604
-1659944385
-1643167171
-1626389952
-1609612738
-1592835522
-1576058307
-1559281094
-1542503872
-1525726656
-1508949442
-1492172225
-1475395008
-1458617793
-1441840577
-1425063362
-1408286144
-1391508928
-1374731714
-1357954496
-1341177280
-1324400064
-1307622848
-1290845632
-1274068416
-1257291200
-1240513984
-1223736768
-1206959552
-1190182336
-1173405120
-1156627904
-1139850688
-1123073472
-1106296256
-1089519040
-1072741824
-1055964608
-1039187392
-1022410176
-1005632960
-988855744
-972078528
-955301312
-938524096
-921746880
-904969664
-888192448
-871415232
-854638016
-837860800
-821083584
-804306368
-787529152
-770751936
-753974720
-737197504
-720420288
-703643072
-686865856
-670088640
-653311424
-636534208
-619756992
-602979776
-586202560
-569425344
-552648128
-535870912
-519093696
-502316480
-485539264
-468762049
-451984832
-435207616
-418430400
-401653184
-384875968
-368098752
-351321536
-334544320
-317767104
-300989888
-284212672
-267435456
-250658240
-233881024
-217103808
-200326593
-183549376
-166772160
-149994944
-133217728
-116440512
-99663296
-82886080
-66108864
-49331648
-32554432
