Type	threshold
OptoHybrid	0
VFAT2	20
min	0
max	255
step	1
n	1000000
----
slot	20
ctrl0	55
ctrl1	0
ctrl2	48
ctrl3	0
iPreampIn	168
iPremapFeed	80
iPreampOut	150
iShaper	150
iShaperFeed	100
iComp	75
chipId0	64
chipId1	251
latency	0
vthreshold1	25
vthreshold2	0
vcal	0
calphase	0
----
999720
17777131
34554421
51321563
68002383
84597672
101264571
117919105
134608267
151322650
168045391
184784463
201532326
218283516
235040545
251803256
268564310
285331588
302099563
318868265
335638567
352410590
369179006
385951010
402721632
419492283
436265618
453037224
469810192
486585669
503361859
520137941
536914157
553691245
570468015
587244511
604013095
620797901
637574526
654351458
671127194
687904459
704680577
721456833
738232913
755008996
771785170
788561246
805337259
822113404
838890228
855665798
872438589
889209218
905983655
922760299
939537041
956314283
973091216
989868305
1006645316
1023422403
1040199524
1056976583
1073753626
1090530709
1107307775
1124084839
1140861829
1157638939
1174416055
1191193107
1207970270
1224747330
1241524493
1258301610
1275078709
1291855876
1308633048
1325410219
1342187399
1358964576
1375741767
1392518954
1409296174
1426073383
1442850600
1459627809
1476405016
1493182229
1509959442
1526736656
1543513875
1560291088
1577068305
1593845520
1610622736
1627399953
1644177168
1660954473
1677731601
1694509345
1711286032
1728063248
1744840464
1761617680
1778394896
1795172112
1811949328
1828726544
1845503760
1862280976
1879058192
1895835408
1912612624
1929389840
1946167056
1962944272
1979721488
1996498704
2013275920
2030053136
2046830353
2063607571
2080384785
2097162001
2113939217
2130716444
-2147473639
-2130696421
-2113919195
-2097141977
-2080364753
-2063587524
-2046810279
-2030033040
-2013255785
-1996478505
-1979701280
-1962923957
-1946146655
-1929369353
-1912592079
-1895814742
-1879037461
-1862260217
-1845482961
-1828705767
-1811928563
-1795151412
-1778374307
-1761597148
-1744820004
-1728042906
-1711265758
-1694488630
-1677711456
-1660934301
-1644157106
-1627379905
-1610602747
-1593825516
-1577048365
-1560271171
-1543493987
-1526716878
-1509939717
-1493162684
-1476385796
-1459608900
-1442832172
-1426055724
-1409279068
-1392503079
-1375726787
-1358950663
-1342174220
-1325397912
-1308621476
-1291844664
-1275067836
-1258290824
-1241513796
-1224736636
-1207959512
-1191182312
-1174405104
-1157627896
-1140850684
-1124073472
-1107296256
-1090519040
-1073741824
-1056964608
-1040187392
-1023410176
-1006632960
-989855744
-973078528
-956301312
-939524096
-922746880
-905969664
-889192448
-872415232
-855638016
-838860800
-822083584
-805306368
-788529152
-771751936
-754974720
-738197504
-721420288
-704643072
-687865856
-671088640
-654311424
-637534208
-620756992
-603979776
-587202560
-570425344
-553648128
-536870912
-520093696
-503316480
-486539264
-469762048
-452984832
-436207616
-419430400
-402653184
-385875968
-369098752
-352321536
-335544320
-318767104
-301989888
-285212672
-268435456
-251658240
-234881024
-218103808
-201326592
-184549376
-167772160
-150994944
-134217728
-117440512
-100663296
-83886080
-67108864
-50331648
-33554432
