Type	threshold
OptoHybrid	0
VFAT2	12
min	0
max	255
step	1
n	1000000
----
slot	12
ctrl0	55
ctrl1	0
ctrl2	48
ctrl3	0
iPreampIn	168
iPremapFeed	80
iPreampOut	150
iShaper	150
iShaperFeed	100
iComp	75
chipId0	152
chipId1	254
latency	0
vthreshold1	25
vthreshold2	0
vcal	0
calphase	0
----
972863
17764739
34547901
51326239
68101258
84871548
101632260
118334605
134934456
151505898
168133936
184817074
201534669
218271623
235019260
251776896
268540588
285307956
302077833
318849220
335621085
352393093
369165027
385937818
402710676
419484724
436258865
453033269
469807856
486582422
503357763
520133149
536909219
553685722
570462126
587238657
604015440
620792076
637568611
654345213
671121445
687897508
704673423
721448928
738223879
754999050
771774089
788549156
805324483
822100206
838876285
855652645
872429073
889205830
905982843
922759833
939536875
956313840
973091003
989868077
1006645174
1023422190
1040199226
1056976293
1073753333
1090530412
1107307475
1124084553
1140861592
1157638661
1174415714
1191192796
1207969862
1224746954
1241524119
1258301283
1275078467
1291855659
1308632863
1325410070
1342187283
1358964499
1375741715
1392518928
1409296145
1426073360
1442850576
1459627792
1476405008
1493182224
1509959440
1526736656
1543513872
1560291088
1577068304
1593845520
1610622736
1627399952
1644177168
1660954384
1677731600
1694508816
1711286032
1728063248
1744840464
1761617680
1778394896
1795172112
1811949328
1828726544
1845503760
1862280976
1879058192
1895835408
1912612624
1929389840
1946167056
1962944276
1979721488
1996498704
2013275920
2030053136
2046830352
2063607568
2080384784
2097162000
2113939216
2130716432
-2147473648
-2130696432
-2113919216
-2097142000
-2080364784
-2063587568
-2046810352
-2030033136
-2013255920
-1996478704
-1979701488
-1962924272
-1946147056
-1929369840
-1912592624
-1895815408
-1879038192
-1862260976
-1845483760
-1828706544
-1811929328
-1795152068
-1778374860
-1761597434
-1744820464
-1728043248
-1711266030
-1694488816
-1677711598
-1660934383
-1644157165
-1627379948
-1610602728
-1593825492
-1577048264
-1560271019
-1543493744
-1526716445
-1509939113
-1493161731
-1476384295
-1459606872
-1442829444
-1426052037
-1409274732
-1392497562
-1375720464
-1358943440
-1342166450
-1325389492
-1308612460
-1291835419
-1275058314
-1258281146
-1241503967
-1224726763
-1207949551
-1191172336
-1174395120
-1157617904
-1140840688
-1124063471
-1107286256
-1090509039
-1073731823
-1056954612
-1040177432
-1023400508
-1006624516
-989850020
-973076352
-956300856
-939524072
-922746880
-905969664
-889192448
-872415232
-855638016
-838860800
-822083584
-805306368
-788529152
-771751936
-754974720
-738197504
-721420288
-704643072
-687865856
-671088640
-654311424
-637534208
-620756992
-603979776
-587202560
-570425344
-553648128
-536870912
-520093696
-503316480
-486539264
-469762048
-452984832
-436207616
-419430400
-402653184
-385875968
-369098752
-352321536
-335544320
-318767104
-301989888
-285212672
-268435456
-251658240
-234881024
-218103808
-201326592
-184549376
-167772160
-150994944
-134217728
-117440512
-100663296
-83886080
-67108864
-50331648
-33554432
