Type	threshold
OptoHybrid	0
VFAT2	12
min	0
max	255
step	1
n	1000000
----
slot	12
ctrl0	55
ctrl1	0
ctrl2	48
ctrl3	0
iPreampIn	168
iPremapFeed	80
iPreampOut	150
iShaper	150
iShaperFeed	100
iComp	75
chipId0	152
chipId1	254
latency	0
vthreshold1	25
vthreshold2	0
vcal	0
calphase	0
----
972732
17764169
34547750
51326319
68101015
84871649
101632473
118328261
134921118
151497029
168130973
184814079
201532109
218271587
235019059
251775829
268540541
285308562
302077544
318848940
335621090
352393088
369165058
385937424
402711087
419484682
436258856
453033261
469807813
486582605
503357356
520133061
536909221
553685567
570462181
587238592
604015358
620792032
637568719
654345204
671121387
687897437
704673131
721448754
738223545
754998601
771773522
788548895
805324068
822100137
838876358
855652607
872429006
889205794
905982703
922759812
939536790
956313902
973091008
989868041
1006645090
1023422160
1040199168
1056976242
1073753281
1090530323
1107307406
1124084494
1140861521
1157638573
1174415586
1191192733
1207969799
1224746917
1241524083
1258301257
1275078456
1291855650
1308632854
1325410067
1342187282
1358964496
1375741712
1392518929
1409296144
1426073361
1442850576
1459627792
1476405008
1493182224
1509959440
1526736656
1543513872
1560291088
1577068304
1593845520
1610622736
1627399952
1644177168
1660954384
1677731600
1694508816
1711286032
1728063248
1744840464
1761617765
1778395186
1795172112
1811949328
1828726544
1845503760
1862280976
1879058192
1895835408
1912612624
1929389840
1946167056
1962944272
1979721488
1996498704
2013275920
2030053136
2046830352
2063607568
2080384784
2097162000
2113939216
2130716432
-2147473648
-2130696432
-2113919216
-2097142000
-2080364784
-2063587568
-2046810352
-2030033136
-2013255920
-1996478704
-1979701488
-1962924272
-1946147056
-1929369840
-1912592624
-1895815408
-1879038192
-1862260976
-1845483760
-1828706544
-1811929328
-1795152112
-1778374896
-1761597680
-1744820464
-1728043248
-1711266032
-1694488815
-1677711598
-1660934379
-1644157162
-1627379943
-1610602725
-1593825494
-1577048254
-1560270996
-1543493754
-1526716449
-1509939098
-1493161687
-1476384267
-1459606829
-1442829389
-1426052024
-1409274747
-1392497577
-1375720544
-1358943505
-1342166496
-1325389532
-1308612530
-1291835468
-1275058328
-1258281161
-1241503975
-1224726766
-1207949551
-1191172336
-1174395120
-1157617904
-1140840688
-1124063472
-1107286256
-1090509039
-1073731824
-1056954628
-1040177512
-1023400904
-1006625504
-989851696
-973077132
-956301012
-939524080
-922746880
-905969664
-889192448
-872415232
-855638016
-838860800
-822083584
-805306368
-788529152
-771751936
-754974720
-738197504
-721420288
-704643072
-687865856
-671088640
-654311424
-637534208
-620756992
-603979776
-587202560
-570425344
-553648128
-536870912
-520093696
-503316480
-486539264
-469762048
-452984832
-436207616
-419430400
-402653184
-385875968
-369098752
-352321536
-335544320
-318767104
-301989888
-285212672
-268435456
-251658240
-234881024
-218103808
-201326592
-184549376
-167772160
-150994944
-134217728
-117440512
-100663296
-83886080
-67108864
-50331648
-33554432
