Type	threshold
OptoHybrid	0
VFAT2	11
min	0
max	255
step	1
n	1000000
----
slot	11
ctrl0	55
ctrl1	0
ctrl2	48
ctrl3	0
iPreampIn	168
iPremapFeed	80
iPreampOut	150
iShaper	150
iShaperFeed	100
iComp	75
chipId0	175
chipId1	250
latency	0
vthreshold1	25
vthreshold2	0
vcal	0
calphase	0
----
996477
17774674
34551072
51325541
68096916
84859116
101588055
118253032
134860549
151434044
168056381
184745421
201469317
218216840
234976833
251743851
268513605
285286488
302059859
318834332
335608743
352383469
369157843
385931451
402705110
419479064
436253794
453028776
469804182
486580182
503356383
520132688
536908904
553685194
570461297
587237377
604013582
620789973
637566546
654343089
671119911
687896825
704673721
721450616
738227488
755004110
771780352
788556380
805331838
822107730
838883568
855659595
872435686
889211683
905988205
922764401
939540716
956317213
973093225
989869497
1006645876
1023422420
1040198970
1056975661
1073752512
1090529407
1107306476
1124083624
1140860741
1157637948
1174415151
1191192394
1207969636
1224746860
1241524114
1258301339
1275078598
1291855858
1308633116
1325410428
1342187669
1358964940
1375742144
1392519388
1409296587
1426073819
1442850986
1459628155
1476405336
1493182528
1509959606
1526736801
1543513971
1560291173
1577068352
1593845552
1610622753
1627399966
1644177177
1660954393
1677731605
1694508817
1711286033
1728063250
1744840465
1761617685
1778394999
1795172582
1811949411
1828726548
1845503769
1862280987
1879058204
1895835425
1912612660
1929389892
1946167119
1962944341
1979721575
1996498839
2013276063
2030053325
2046830567
2063607825
2080385073
2097162344
2113939573
2130716792
-2147473235
-2130696043
-2113918809
-2097141633
-2080364454
-2063587279
-2046810082
-2030032891
-2013255718
-1996478554
-1979701377
-1962924180
-1946146986
-1929369798
-1912592588
-1895815383
-1879038183
-1862260969
-1845483754
-1828706540
-1811929327
-1795152112
-1778374895
-1761597680
-1744820464
-1728043248
-1711266032
-1694488816
-1677711600
-1660934384
-1644157168
-1627379952
-1610602736
-1593825520
-1577048304
-1560271088
-1543493872
-1526716656
-1509939440
-1493162224
-1476385008
-1459607792
-1442830576
-1426053360
-1409276144
-1392498928
-1375721712
-1358944496
-1342167280
-1325390064
-1308612848
-1291835632
-1275058416
-1258281200
-1241503984
-1224726768
-1207949552
-1191172336
-1174395120
-1157617904
-1140840688
-1124063472
-1107286256
-1090509040
-1073731824
-1056954608
-1040177392
-1023400176
-1006622960
-989845744
-973068528
-956291312
-939514096
-922736880
-905959664
-889182447
-872405227
-855628006
-838850805
-822073932
-805299356
-788527276
-771751884
-754974720
-738197504
-721420288
-704643072
-687865856
-671088640
-654311424
-637534208
-620756992
-603979776
-587202560
-570425344
-553648128
-536870912
-520093696
-503316480
-486539264
-469762048
-452984832
-436207616
-419430400
-402653184
-385875968
-369098752
-352321536
-335544320
-318767104
-301989888
-285212672
-268435456
-251658240
-234881024
-218103808
-201326592
-184549376
-167772160
-150994944
-134217728
-117440512
-100663296
-83886080
-67108864
-50331648
-33554432
