Type	threshold
OptoHybrid	0
VFAT2	11
min	0
max	255
step	1
n	1000000
----
slot	11
ctrl0	55
ctrl1	0
ctrl2	48
ctrl3	0
iPreampIn	168
iPremapFeed	80
iPreampOut	150
iShaper	150
iShaperFeed	100
iComp	75
chipId0	175
chipId1	250
latency	0
vthreshold1	25
vthreshold2	0
vcal	0
calphase	0
----
996412
17774668
34551094
51325586
68096767
84858939
101586394
118256709
134857064
151428749
168055099
184743012
201468861
218217566
234977283
251742970
268513252
285286081
302059886
318834442
335608725
352383269
369157780
385931193
402705116
419479365
436253595
453028392
469804295
486580156
503356350
520132527
536908826
553685190
570461332
587237411
604013782
620790108
637566587
654343162
671119882
687896789
704673722
721450670
738227491
755004078
771780404
788556136
805332148
822107528
838883712
855659382
872435521
889211871
905988344
922764467
939540692
956317253
973093276
989869616
1006645885
1023422456
1040198861
1056975709
1073752377
1090529480
1107306473
1124083583
1140860789
1157637934
1174415155
1191192387
1207969622
1224746849
1241524105
1258301325
1275078595
1291855858
1308633122
1325410392
1342187665
1358964912
1375742166
1392519400
1409296630
1426073806
1442850977
1459628186
1476405321
1493182471
1509959645
1526736805
1543513977
1560291164
1577068370
1593845572
1610622752
1627399959
1644177182
1660954396
1677731605
1694508821
1711286032
1728063249
1744840467
1761617683
1778394898
1795172113
1811949332
1828726552
1845503768
1862280994
1879058212
1895835436
1912612659
1929389885
1946167114
1962944353
1979721588
1996498824
2013276078
2030053317
2046830581
2063607811
2080385059
2097162321
2113939555
2130716769
-2147473284
-2130696035
-2113918830
-2097141624
-2080364471
-2063587258
-2046810095
-2030032842
-2013255685
-1996478110
-1979701367
-1962924162
-1946146978
-1929369791
-1912592589
-1895815375
-1879038176
-1862260968
-1845483752
-1828706540
-1811929327
-1795152111
-1778374896
-1761597680
-1744820464
-1728043248
-1711266032
-1694488816
-1677711600
-1660934384
-1644157168
-1627379952
-1610602736
-1593825520
-1577048304
-1560271088
-1543493872
-1526716656
-1509939440
-1493162224
-1476385008
-1459607792
-1442830576
-1426053360
-1409276144
-1392498928
-1375721712
-1358944496
-1342167280
-1325390064
-1308612848
-1291835632
-1275058416
-1258281200
-1241503984
-1224726768
-1207949552
-1191172336
-1174395120
-1157617904
-1140840688
-1124063472
-1107286256
-1090509040
-1073731824
-1056954608
-1040177392
-1023400176
-1006622960
-989845744
-973068528
-956291312
-939514096
-922736880
-905959664
-889182446
-872405226
-855628012
-838850810
-822074015
-805299208
-788527008
-771751852
-754974720
-738197504
-721420288
-704643072
-687865856
-671088640
-654311424
-637534208
-620756992
-603979776
-587202560
-570425344
-553648128
-536870912
-520093696
-503316480
-486539264
-469762048
-452984832
-436207616
-419430400
-402653184
-385875968
-369098752
-352321536
-335544320
-318767104
-301989888
-285212672
-268435456
-251658240
-234881024
-218103808
-201326592
-184549376
-167772160
-150994944
-134217728
-117440512
-100663296
-83886080
-67108864
-50331648
-33554432
