Type	threshold
OptoHybrid	0
VFAT2	19
min	0
max	255
step	1
n	1000000
----
slot	19
ctrl0	55
ctrl1	0
ctrl2	48
ctrl3	0
iPreampIn	168
iPremapFeed	80
iPreampOut	150
iShaper	150
iShaperFeed	100
iComp	75
chipId0	148
chipId1	254
latency	0
vthreshold1	25
vthreshold2	0
vcal	0
calphase	0
----
994700
17772221
34549442
51326468
68102420
84873711
101592486
118215766
134801465
151440590
168119938
184837112
201573470
218318263
235067712
251820750
268576047
285333344
302095630
318861939
335629875
352401199
369171779
385944502
402717905
419490770
436263937
453037049
469810951
486584959
503359384
520133946
536908307
553683607
570458501
587233782
604010377
620785262
637561094
654337269
671113520
687889599
704666124
721442306
738218656
754994619
771770635
788546371
805322191
822098399
838874266
855650664
872427032
889203719
905980575
922757430
939534502
956311567
973088735
989865883
1006643084
1023420276
1040197443
1056974639
1073751852
1090529069
1107306274
1124083511
1140860707
1157637929
1174415138
1191192377
1207969604
1224746829
1241524078
1258301328
1275078611
1291855897
1308633201
1325410552
1342187897
1358965282
1375742693
1392520105
1409297489
1426074860
1442852298
1459629577
1476406877
1493184111
1509961254
1526738438
1543515517
1560292549
1577069604
1593846609
1610623685
1627400710
1644177759
1660954856
1677732023
1694509223
1711286480
1728063737
1744841054
1761618412
1778395844
1795173272
1811950680
1828728011
1845505375
1862282600
1879059864
1895837017
1912614158
1929391151
1946168128
1962945162
1979722188
1996499179
2013276272
2030053366
2046830502
2063607648
2080384824
2097162017
2113939226
2130716442
-2147473646
-2130696431
-2113919215
-2097142000
-2080364784
-2063587568
-2046810352
-2030033136
-2013255920
-1996478704
-1979701488
-1962924272
-1946147056
-1929369840
-1912592624
-1895815408
-1879038192
-1862260976
-1845483760
-1828706544
-1811929328
-1795152112
-1778374896
-1761597680
-1744820464
-1728043248
-1711266032
-1694488816
-1677711600
-1660934384
-1644157168
-1627379952
-1610602736
-1593825520
-1577048304
-1560271088
-1543493872
-1526716656
-1509939440
-1493162224
-1476385008
-1459607792
-1442830576
-1426053360
-1409276144
-1392498928
-1375721712
-1358944496
-1342167280
-1325390064
-1308612848
-1291835632
-1275058416
-1258281200
-1241503984
-1224726768
-1207949552
-1191172336
-1174395120
-1157617904
-1140840688
-1124063472
-1107286255
-1090509040
-1073731821
-1056954603
-1040177385
-1023400172
-1006622964
-989845756
-973068656
-956291976
-939517444
-922744952
-905969444
-889192420
-872415232
-855638016
-838860800
-822083584
-805306368
-788529152
-771751936
-754974720
-738197504
-721420288
-704643072
-687865856
-671088640
-654311424
-637534208
-620756992
-603979776
-587202560
-570425344
-553648128
-536870912
-520093696
-503316480
-486539264
-469762048
-452984832
-436207616
-419430400
-402653184
-385875968
-369098752
-352321536
-335544320
-318767104
-301989888
-285212672
-268435456
-251658240
-234881024
-218103808
-201326592
-184549376
-167772160
-150994944
-134217728
-117440512
-100663296
-83886080
-67108864
-50331648
-33554432
