Type	threshold
OptoHybrid	0
VFAT2	11
min	0
max	255
step	1
n	1000000
----
slot	11
ctrl0	55
ctrl1	0
ctrl2	48
ctrl3	0
iPreampIn	168
iPremapFeed	80
iPreampOut	150
iShaper	150
iShaperFeed	100
iComp	75
chipId0	175
chipId1	250
latency	0
vthreshold1	25
vthreshold2	0
vcal	0
calphase	0
----
996482
17774610
34551185
51325296
68096636
84859306
101586948
118256427
134860614
151432147
168056990
184742921
201468702
218217360
234976718
251742697
268513568
285286193
302059739
318834611
335608629
352383119
369157539
385931303
402705086
419479071
436253806
453028603
469804497
486580130
503356044
520132484
536908737
553685138
570461246
587237421
604013854
620790131
637566485
654343165
671119883
687896858
704673754
721450708
738227496
755004051
771780152
788556274
805332062
822107700
838883444
855659468
872435500
889211868
905988113
922764551
939540792
956317064
973093336
989869449
1006645956
1023422285
1040198894
1056975712
1073752576
1090529475
1107306517
1124083596
1140860800
1157637944
1174415173
1191192403
1207969606
1224746849
1241524081
1258301336
1275078578
1291855885
1308633100
1325410393
1342187682
1358964932
1375742164
1392519418
1409296606
1426073804
1442851002
1459628174
1476405297
1493182472
1509959636
1526736796
1543513977
1560291165
1577068361
1593845554
1610622763
1627399961
1644177174
1660954389
1677731704
1694509312
1711286107
1728063251
1744840465
1761617682
1778394899
1795172116
1811949334
1828726549
1845503765
1862280991
1879058212
1895835436
1912612665
1929389889
1946167112
1962944381
1979721582
1996498835
2013276083
2030053324
2046830564
2063607841
2080385075
2097162284
2113939570
2130716813
-2147473233
-2130696031
-2113918837
-2097141630
-2080364441
-2063587235
-2046810081
-2030032905
-2013255723
-1996478534
-1979701373
-1962924187
-1946147002
-1929369791
-1912592597
-1895815380
-1879038169
-1862260970
-1845483754
-1828706540
-1811929325
-1795152112
-1778374895
-1761597680
-1744820464
-1728043248
-1711266032
-1694488816
-1677711600
-1660934384
-1644157164
-1627379952
-1610602736
-1593825520
-1577048304
-1560271088
-1543493872
-1526716656
-1509939440
-1493162224
-1476385008
-1459607792
-1442830576
-1426053360
-1409276144
-1392498928
-1375721712
-1358944496
-1342167280
-1325390064
-1308612848
-1291835632
-1275058416
-1258281200
-1241503984
-1224726768
-1207949552
-1191172336
-1174395120
-1157617904
-1140840688
-1124063472
-1107286256
-1090509040
-1073731824
-1056954608
-1040177392
-1023400176
-1006622960
-989845744
-973068528
-956291312
-939514096
-922736880
-905959664
-889182446
-872405224
-855628008
-838850803
-822073908
-805299068
-788526964
-771751864
-754974720
-738197504
-721420288
-704643072
-687865856
-671088640
-654311424
-637534208
-620756992
-603979776
-587202560
-570425344
-553648128
-536870912
-520093696
-503316480
-486539264
-469762048
-452984832
-436207616
-419430400
-402653184
-385875968
-369098752
-352321536
-335544320
-318767104
-301989888
-285212672
-268435456
-251658240
-234881024
-218103808
-201326592
-184549376
-167772160
-150994944
-134217728
-117440512
-100663296
-83886080
-67108864
-50331648
-33554432
