Type	threshold
OptoHybrid	0
VFAT2	10
min	0
max	255
step	1
n	1000000
----
slot	10
ctrl0	55
ctrl1	0
ctrl2	48
ctrl3	0
iPreampIn	168
iPremapFeed	80
iPreampOut	150
iShaper	150
iShaperFeed	100
iComp	75
chipId0	139
chipId1	254
latency	0
vthreshold1	25
vthreshold2	0
vcal	0
calphase	0
----
999390
17776550
34553553
51329570
68093283
84794447
101418963
118038870
134692452
151380664
168087901
184815781
201558451
218307599
235061600
251823441
268584780
285347272
302111750
318875279
335641668
352409587
369178523
385947346
402717234
419489337
436262795
453037571
469812567
486586995
503361944
520136904
536912043
553686917
570462264
587237654
604013082
620788671
637564536
654341088
671117297
687893548
704670191
721446775
738223439
755000408
771777380
788554675
805331150
822108060
838885080
855662191
872439005
889215429
905990668
922765290
939540345
956316277
973092978
989869757
1006646840
1023423722
1040200747
1056977884
1073754893
1090532060
1107309154
1124086044
1140863323
1157640042
1174417139
1191194128
1207971272
1224748281
1241525251
1258302323
1275079435
1291856410
1308633663
1325410803
1342187811
1358965102
1375742185
1392519435
1409296493
1426073749
1442850910
1459628146
1476405289
1493182482
1509959666
1526736900
1543514072
1560291314
1577068507
1593845697
1610622940
1627400172
1644177352
1660954581
1677731802
1694509040
1711286340
1728063546
1744840838
1761618009
1778395286
1795172531
1811949748
1828727073
1845504270
1862281464
1879058722
1895835904
1912613087
1929390259
1946167418
1962944577
1979721763
1996498891
2013276040
2030053221
2046830406
2063607592
2080384805
2097162017
2113939227
2130716439
-2147473643
-2130696422
-2113919216
-2097141999
-2080364784
-2063587568
-2046810352
-2030033132
-2013255920
-1996478704
-1979701488
-1962924272
-1946147056
-1929369840
-1912592624
-1895815400
-1879038192
-1862260976
-1845483760
-1828706544
-1811929328
-1795152112
-1778374896
-1761597680
-1744820464
-1728043248
-1711266032
-1694488816
-1677711600
-1660934384
-1644157168
-1627379952
-1610602736
-1593825520
-1577048304
-1560271088
-1543493872
-1526716656
-1509939440
-1493162224
-1476385008
-1459607792
-1442830576
-1426053360
-1409276148
-1392498936
-1375721752
-1358944564
-1342167452
-1325390304
-1308613346
-1291836448
-1275059755
-1258283416
-1241507576
-1224731864
-1207956044
-1191179976
-1174404044
-1157627380
-1140850544
-1124073448
-1107296240
-1090519040
-1073741824
-1056964608
-1040187392
-1023410176
-1006632960
-989855744
-973078528
-956301312
-939524096
-922746880
-905969664
-889192448
-872415232
-855638016
-838860800
-822083584
-805306368
-788529152
-771751936
-754974720
-738197504
-721420288
-704643072
-687865856
-671088640
-654311424
-637534208
-620756992
-603979776
-587202560
-570425344
-553648128
-536870912
-520093696
-503316480
-486539264
-469762048
-452984832
-436207616
-419430400
-402653184
-385875968
-369098752
-352321536
-335544320
-318767104
-301989888
-285212672
-268435456
-251658240
-234881024
-218103808
-201326592
-184549376
-167772160
-150994944
-134217728
-117440512
-100663296
-83886080
-67108864
-50331648
-33554432
