Type	threshold
OptoHybrid	0
VFAT2	3
min	0
max	255
step	1
n	1000000
----
slot	3
ctrl0	55
ctrl1	0
ctrl2	48
ctrl3	0
iPreampIn	168
iPremapFeed	80
iPreampOut	150
iShaper	150
iShaperFeed	100
iComp	75
chipId0	123
chipId1	254
latency	0
vthreshold1	25
vthreshold2	0
vcal	0
calphase	0
----
986921
17772123
34550201
51326589
68102123
84876043
101643494
118354143
134940391
151517178
168163165
184853700
201578622
218317266
235064349
251820747
268579088
285339446
302103719
318869060
335636060
352406885
369176290
385947059
402718795
419490900
436263746
453037258
469811374
486586309
503361289
520136416
536912054
553687708
570463870
587239940
604016220
620792807
637569447
654345966
671122702
687899386
704675597
721451916
738227343
755001773
771775448
788548992
805322741
822097651
838873627
855650087
872426611
889203444
905980405
922757448
939534525
956311786
973088901
989866131
1006643349
1023420577
1040197899
1056975208
1073752521
1090529773
1107307104
1124084365
1140861570
1157638757
1174415998
1191193052
1207970201
1224747260
1241524396
1258301479
1275078607
1291855755
1308632934
1325410114
1342187310
1358964514
1375741723
1392518931
1409296148
1426073360
1442850579
1459627792
1476405008
1493182224
1509959440
1526736656
1543513872
1560291088
1577068304
1593845520
1610622736
1627399952
1644177168
1660954384
1677731600
1694508816
1711286032
1728063248
1744840464
1761617680
1778394896
1795172112
1811949328
1828726544
1845503760
1862280976
1879058192
1895835408
1912612624
1929389840
1946167056
1962944272
1979721488
1996498704
2013275921
2030053136
2046830352
2063607570
2080384789
2097162006
2113939226
2130716436
-2147473635
-2130696413
-2113919196
-2097141964
-2080364734
-2063587508
-2046810258
-2030033027
-2013255771
-1996478547
-1979701261
-1962924016
-1946146785
-1929369498
-1912592273
-1895815082
-1879037842
-1862260647
-1845483453
-1828706290
-1811929113
-1795151961
-1778374792
-1761597615
-1744820429
-1728043227
-1711266017
-1694488811
-1677711597
-1660934378
-1644157167
-1627379952
-1610602736
-1593825520
-1577048304
-1560271088
-1543493872
-1526716656
-1509939440
-1493162224
-1476385008
-1459607792
-1442830576
-1426053360
-1409276144
-1392498928
-1375721712
-1358944496
-1342167280
-1325390064
-1308612848
-1291835632
-1275058416
-1258281200
-1241503984
-1224726768
-1207949552
-1191172336
-1174395120
-1157617904
-1140840688
-1124063472
-1107286256
-1090509040
-1073731824
-1056954608
-1040177390
-1023400225
-1006623024
-989845862
-973069471
-956295480
-939522264
-922746744
-905969660
-889192448
-872415232
-855638016
-838860800
-822083584
-805306368
-788529152
-771751936
-754974720
-738197504
-721420288
-704643072
-687865856
-671088640
-654311424
-637534208
-620756992
-603979776
-587202560
-570425344
-553648128
-536870912
-520093696
-503316480
-486539264
-469762048
-452984832
-436207616
-419430400
-402653184
-385875968
-369098752
-352321536
-335544320
-318767104
-301989888
-285212672
-268435456
-251658240
-234881024
-218103808
-201326592
-184549376
-167772160
-150994944
-134217728
-117440512
-100663296
-83886080
-67108864
-50331648
-33554432
