Type	threshold
OptoHybrid	0
VFAT2	12
min	0
max	255
step	1
n	1000000
----
slot	12
ctrl0	55
ctrl1	0
ctrl2	48
ctrl3	0
iPreampIn	168
iPremapFeed	80
iPreampOut	150
iShaper	150
iShaperFeed	100
iComp	75
chipId0	152
chipId1	254
latency	0
vthreshold1	25
vthreshold2	0
vcal	0
calphase	0
----
972670
17764445
34547702
51326169
68101093
84871968
101633015
118333718
134933025
151506456
168133585
184816993
201536119
218272437
235019310
251777727
268540755
285307944
302077672
318849483
335620713
352393189
369165190
385937516
402711231
419484576
436258608
453033129
469807717
486582415
503357680
520133241
536909080
553685675
570462196
587238586
604015361
620792091
637568740
654345622
671121540
687897596
704673397
721448860
738224065
754999124
771774105
788549241
805324945
822100365
838876376
855652695
872429180
889205904
905982860
922759776
939536824
956313964
973091055
989868101
1006645170
1023422202
1040199248
1056976294
1073753333
1090530396
1107307469
1124084539
1140861623
1157638655
1174415736
1191192793
1207969868
1224746991
1241524112
1258301267
1275078481
1291855662
1308632857
1325410070
1342187282
1358964499
1375741713
1392518928
1409296144
1426073360
1442850576
1459627792
1476405008
1493182224
1509959440
1526736656
1543513872
1560291088
1577068304
1593845520
1610622736
1627399952
1644177168
1660954384
1677731600
1694508816
1711286032
1728063248
1744840464
1761617680
1778394896
1795172112
1811949328
1828726544
1845503760
1862280976
1879058192
1895835408
1912612624
1929389840
1946167056
1962944272
1979721488
1996498704
2013275920
2030053136
2046830352
2063607568
2080384784
2097162000
2113939216
2130716432
-2147473648
-2130696432
-2113919216
-2097142000
-2080364784
-2063587568
-2046810352
-2030033136
-2013255920
-1996478704
-1979701488
-1962924272
-1946147056
-1929369840
-1912592624
-1895815408
-1879038192
-1862260976
-1845483760
-1828706544
-1811929328
-1795152112
-1778374896
-1761597680
-1744820464
-1728043248
-1711266032
-1694488816
-1677711599
-1660934384
-1644157163
-1627379948
-1610602730
-1593825499
-1577048272
-1560271005
-1543493742
-1526716451
-1509939085
-1493161729
-1476384291
-1459606829
-1442829399
-1426051975
-1409274718
-1392497566
-1375720443
-1358943403
-1342166445
-1325389500
-1308612491
-1291835431
-1275058338
-1258281159
-1241503970
-1224726765
-1207949552
-1191172336
-1174395120
-1157617903
-1140840688
-1124063470
-1107286254
-1090509038
-1073731823
-1056954616
-1040177460
-1023400628
-1006624764
-989850380
-973076136
-956300900
-939524072
-922746880
-905969664
-889192448
-872415232
-855638016
-838860800
-822083584
-805306368
-788529152
-771751936
-754974720
-738197504
-721420288
-704643072
-687865856
-671088640
-654311424
-637534208
-620756992
-603979776
-587202560
-570425344
-553648128
-536870912
-520093696
-503316480
-486539264
-469762048
-452984832
-436207616
-419430400
-402653184
-385875968
-369098752
-352321536
-335544320
-318767104
-301989888
-285212672
-268435456
-251658240
-234881024
-218103808
-201326592
-184549376
-167772160
-150994944
-134217728
-117440512
-100663296
-83886080
-67108864
-50331648
-33554432
