Type	threshold
OptoHybrid	0
VFAT2	20
min	0
max	255
step	1
n	1000000
----
slot	20
ctrl0	55
ctrl1	0
ctrl2	48
ctrl3	0
iPreampIn	168
iPremapFeed	80
iPreampOut	150
iShaper	150
iShaperFeed	100
iComp	75
chipId0	64
chipId1	251
latency	0
vthreshold1	25
vthreshold2	0
vcal	0
calphase	0
----
999699
17777161
34554402
51320984
68005674
84634760
101264515
117923603
134611561
151320102
168049216
184787410
201531274
218286632
235042464
251801703
268569042
285333260
302099636
318868832
335639738
352410032
369181240
385951412
402721150
419492484
436265956
453037035
469810500
486585970
503361911
520138373
536914718
553690834
570467631
587244527
604021158
620797928
637574697
654351212
671127672
687904199
704680437
721453218
738232308
755008969
771785085
788561475
805337474
822113574
838890305
855665991
872438443
889209445
905983638
922760293
939537213
956314180
973091198
989868315
1006645314
1023422415
1040199578
1056976540
1073753624
1090530727
1107307817
1124084832
1140861896
1157638991
1174416037
1191193151
1207970254
1224747322
1241524459
1258301581
1275078731
1291855935
1308633052
1325410192
1342187408
1358964582
1375741761
1392518967
1409296160
1426073387
1442850593
1459627809
1476405021
1493182229
1509959446
1526736666
1543513873
1560291088
1577068304
1593845520
1610622736
1627399952
1644177168
1660954384
1677731600
1694508816
1711286032
1728063248
1744840464
1761617680
1778394896
1795172112
1811949328
1828726544
1845503760
1862280976
1879058192
1895835408
1912612624
1929389840
1946167056
1962944272
1979721488
1996498704
2013275920
2030053138
2046830352
2063607571
2080384785
2097162007
2113939219
2130716437
-2147473641
-2130696419
-2113919206
-2097141962
-2080364742
-2063587501
-2046810290
-2030033021
-2013255769
-1996478504
-1979701226
-1962923974
-1946146623
-1929369332
-1912592082
-1895814787
-1879037497
-1862260199
-1845482962
-1828705720
-1811928562
-1795151403
-1778374254
-1761597170
-1744820028
-1728042896
-1711265775
-1694488612
-1677711453
-1660934295
-1644157116
-1627379931
-1610602734
-1593825524
-1577048360
-1560271178
-1543494014
-1526716849
-1509939818
-1493162736
-1476385784
-1459608884
-1442832192
-1426055742
-1409279243
-1392502971
-1375727024
-1358950539
-1342174512
-1325398012
-1308621460
-1291844736
-1275067780
-1258290840
-1241513800
-1224736664
-1207959508
-1191182288
-1174405096
-1157627892
-1140850684
-1124073472
-1107296256
-1090519040
-1073741824
-1056964608
-1040187392
-1023410176
-1006632960
-989855744
-973078528
-956301312
-939524096
-922746880
-905969664
-889192448
-872415232
-855638016
-838860800
-822083584
-805306368
-788529152
-771751936
-754974720
-738197504
-721420288
-704643072
-687865856
-671088640
-654311424
-637534208
-620756992
-603979776
-587202560
-570425344
-553648128
-536870912
-520093696
-503316480
-486539264
-469762048
-452984832
-436207616
-419430400
-402653184
-385875968
-369098752
-352321536
-335544320
-318767104
-301989888
-285212672
-268435456
-251658240
-234881024
-218103808
-201326592
-184549376
-167772160
-150994944
-134217728
-117440512
-100663296
-83886080
-67108864
-50331648
-33554432
