Type	threshold
OptoHybrid	0
VFAT2	4
min	0
max	255
step	1
n	1000000
----
slot	4
ctrl0	55
ctrl1	0
ctrl2	48
ctrl3	0
iPreampIn	168
iPremapFeed	80
iPreampOut	150
iShaper	150
iShaperFeed	100
iComp	75
chipId0	91
chipId1	254
latency	0
vthreshold1	25
vthreshold2	0
vcal	0
calphase	0
----
981190
17768244
34548809
51329322
68106268
84881839
101653959
118410837
135093339
151704187
168298545
184945533
201632323
218346199
235075233
251824860
268575462
285319628
302098985
318866444
335634670
352406915
369178999
385946883
402724697
419498106
436270259
453045591
469818935
486593136
503366764
520140777
536914362
553685649
570464339
587237898
604013979
620789220
637564740
654339873
671115080
687889612
704663266
721437853
738212810
754988823
771765134
788541646
805318587
822095567
838872287
855649049
872426581
889203360
905980978
922757599
939534682
956312460
973088911
989866333
1006643506
1023418709
1040196693
1056974985
1073752128
1090529630
1107306239
1124083935
1140861256
1157638453
1174415403
1191192025
1207969906
1224747378
1241524464
1258297581
1275078839
1291856039
1308630708
1325409324
1342187746
1358965001
1375742040
1392519357
1409296589
1426073851
1442851047
1459628090
1476405430
1493182836
1509960024
1526737171
1543514372
1560291631
1577064880
1593846149
1610623462
1627400799
1644178057
1660954207
1677731949
1694509831
1711286834
1728064064
1744841266
1761618642
1778395484
1795173276
1811950152
1828726871
1845500303
1862281484
1879058623
1895835505
1912604541
1929389638
1946166227
1962943622
1979719778
1996497575
2013274534
2030047250
2046827757
2063604041
2080381112
2097157652
2113933931
2130710316
-2147480280
-2130703654
-2113926960
-2097150480
-2080373597
-2063596766
-2046819731
-2030042597
-2013265711
-1996488533
-1979711353
-1962934177
-1946157003
-1929379812
-1912602608
-1895825400
-1879048180
-1862270976
-1845493760
-1828716540
-1811939328
-1795162112
-1778384896
-1761607680
-1744830464
-1728053248
-1711276032
-1694498816
-1677721600
-1660944384
-1644167168
-1627389952
-1610612736
-1593835520
-1577058304
-1560281088
-1543503872
-1526726656
-1509949440
-1493172224
-1476395008
-1459617792
-1442840576
-1426063360
-1409286144
-1392508928
-1375731712
-1358954496
-1342177280
-1325400064
-1308622848
-1291845632
-1275068416
-1258291200
-1241513984
-1224736768
-1207959552
-1191182336
-1174405120
-1157627904
-1140850688
-1124073472
-1107296256
-1090519040
-1073741824
-1056964608
-1040187392
-1023410176
-1006632960
-989855744
-973078528
-956301312
-939524096
-922746880
-905969664
-889192448
-872415232
-855638016
-838860800
-822083584
-805306368
-788529152
-771751936
-754974720
-738197504
-721420288
-704643072
-687865856
-671088640
-654311424
-637534208
-620756992
-603979776
-587202560
-570425344
-553648128
-536870912
-520093696
-503316480
-486539264
-469762048
-452984832
-436207616
-419430400
-402653184
-385875968
-369098752
-352321536
-335544320
-318767104
-301989888
-285212672
-268435456
-251658240
-234881024
-218103808
-201326592
-184549376
-167772160
-150994944
-134217728
-117440512
-100663296
-83886080
-67108864
-50331648
-33554432
