Type	threshold
OptoHybrid	0
VFAT2	19
min	0
max	255
step	1
n	1000000
----
slot	19
ctrl0	55
ctrl1	0
ctrl2	48
ctrl3	0
iPreampIn	168
iPremapFeed	80
iPreampOut	150
iShaper	150
iShaperFeed	100
iComp	75
chipId0	148
chipId1	254
latency	0
vthreshold1	25
vthreshold2	0
vcal	0
calphase	0
----
994515
17772178
34549480
51326353
68102375
84873291
101590278
118217734
134804777
151437493
168125126
184836901
201575149
218318024
235067690
251820627
268576877
285333244
302095324
318862048
335629919
352400346
369172686
385944343
402717886
419490500
436263728
453037442
469810979
486584708
503359399
520134051
536908392
553683362
570458575
587233935
604009524
620785218
637561132
654337223
671113156
687889777
704666417
721442606
738218670
754994824
771770914
788546800
805322373
822098643
838874550
855650757
872427217
889203880
905980588
922757509
939534378
956311601
973088734
989865852
1006643037
1023420237
1040197418
1056974655
1073751846
1090529064
1107306270
1124083489
1140860704
1157637928
1174415140
1191192368
1207969612
1224746821
1241524059
1258301322
1275078578
1291855863
1308633164
1325410488
1342187840
1358965250
1375742592
1392519994
1409297404
1426074850
1442852233
1459629547
1476406921
1493184108
1509961310
1526738484
1543515593
1560292591
1577069682
1593846696
1610623740
1627400736
1644177858
1660954941
1677732028
1694509248
1711286443
1728063706
1744841009
1761618391
1778395766
1795173138
1811950565
1828727986
1845505351
1862282647
1879059850
1895837048
1912614158
1929391218
1946168226
1962945205
1979722277
1996499260
2013276316
2030053389
2046830525
2063607660
2080384830
2097162031
2113939233
2130716437
-2147473647
-2130696431
-2113919216
-2097142000
-2080364784
-2063587568
-2046810352
-2030033136
-2013255920
-1996478704
-1979701488
-1962924272
-1946147056
-1929369840
-1912592624
-1895815408
-1879038192
-1862260976
-1845483760
-1828706544
-1811929328
-1795152112
-1778374896
-1761597680
-1744820464
-1728043248
-1711266032
-1694488816
-1677711600
-1660934384
-1644157168
-1627379952
-1610602736
-1593825520
-1577048304
-1560271088
-1543493872
-1526716656
-1509939440
-1493162224
-1476385008
-1459607792
-1442830576
-1426053360
-1409276144
-1392498928
-1375721712
-1358944496
-1342167280
-1325390064
-1308612848
-1291835632
-1275058416
-1258281200
-1241503984
-1224726768
-1207949552
-1191172336
-1174395120
-1157617904
-1140840688
-1124063472
-1107286256
-1090509039
-1073731822
-1056954605
-1040177383
-1023400170
-1006622958
-989845772
-973068616
-956291872
-939516792
-922744152
-905969364
-889192424
-872415232
-855638016
-838860800
-822083584
-805306368
-788529152
-771751936
-754974720
-738197504
-721420288
-704643072
-687865856
-671088640
-654311424
-637534208
-620756992
-603979776
-587202560
-570425344
-553648128
-536870912
-520093696
-503316480
-486539264
-469762048
-452984832
-436207616
-419430400
-402653184
-385875968
-369098752
-352321536
-335544320
-318767104
-301989888
-285212672
-268435456
-251658240
-234881024
-218103808
-201326592
-184549376
-167772160
-150994944
-134217728
-117440512
-100663296
-83886080
-67108864
-50331648
-33554432
