Type	threshold
OptoHybrid	0
VFAT2	19
min	0
max	255
step	1
n	1000000
----
slot	19
ctrl0	55
ctrl1	0
ctrl2	48
ctrl3	0
iPreampIn	168
iPremapFeed	80
iPreampOut	150
iShaper	150
iShaperFeed	100
iComp	75
chipId0	148
chipId1	254
latency	0
vthreshold1	25
vthreshold2	0
vcal	0
calphase	0
----
994678
17772120
34549502
51326443
68102559
84873218
101590330
118218643
134807483
151436641
168122335
184839407
201570799
218318433
235068437
251820461
268576407
285333216
302094039
318861430
335630742
352399977
369172113
385944630
402717343
419490768
436263794
453037157
469810894
486585029
503358935
520133914
536908546
553683662
570458382
587234131
604009359
620785133
637561120
654337055
671113381
687889587
704666098
721442552
738218760
754994640
771770768
788546656
805322467
822098720
838874595
855650805
872427194
889203873
905980490
922757537
939534531
956311545
973088703
989865888
1006643043
1023420231
1040197437
1056974620
1073751846
1090529063
1107306272
1124083492
1140860717
1157637915
1174415154
1191192365
1207969602
1224746837
1241524074
1258301422
1275078586
1291856379
1308633189
1325410496
1342187869
1358965290
1375742656
1392520038
1409297469
1426074889
1442852225
1459629608
1476406821
1493184109
1509961297
1526738460
1543515487
1560292634
1577069642
1593846682
1610623676
1627400754
1644177774
1660954874
1677732027
1694509206
1711286441
1728063726
1744841025
1761618401
1778395784
1795173217
1811950608
1828728005
1845505335
1862282634
1879059868
1895837052
1912614162
1929391199
1946168221
1962945205
1979722214
1996499279
2013276291
2030053374
2046830501
2063607667
2080384836
2097162027
2113939223
2130716437
-2147473648
-2130696431
-2113919214
-2097142000
-2080364784
-2063587568
-2046810352
-2030033136
-2013255920
-1996478704
-1979701488
-1962924272
-1946147056
-1929369840
-1912592624
-1895815408
-1879038192
-1862260976
-1845483760
-1828706544
-1811929328
-1795152112
-1778374896
-1761597680
-1744820464
-1728043248
-1711266032
-1694488816
-1677711600
-1660934384
-1644157168
-1627379952
-1610602736
-1593825520
-1577048304
-1560271088
-1543493872
-1526716656
-1509939440
-1493162224
-1476385008
-1459607792
-1442830576
-1426053360
-1409276144
-1392498928
-1375721712
-1358944496
-1342167280
-1325390064
-1308612848
-1291835632
-1275058416
-1258281200
-1241503984
-1224726768
-1207949552
-1191172336
-1174395120
-1157617904
-1140840688
-1124063472
-1107286256
-1090509039
-1073731819
-1056954600
-1040177385
-1023400173
-1006622965
-989845752
-973068620
-956291908
-939517096
-922744624
-905969472
-889192436
-872415232
-855638016
-838860800
-822083584
-805306368
-788529152
-771751936
-754974720
-738197504
-721420288
-704643072
-687865856
-671088640
-654311424
-637534208
-620756992
-603979776
-587202560
-570425344
-553648128
-536870912
-520093696
-503316480
-486539264
-469762048
-452984832
-436207616
-419430400
-402653184
-385875968
-369098752
-352321536
-335544320
-318767104
-301989888
-285212672
-268435456
-251658240
-234881024
-218103808
-201326592
-184549376
-167772160
-150994944
-134217728
-117440512
-100663296
-83886080
-67108864
-50331648
-33554432
