Type	threshold
OptoHybrid	0
VFAT2	10
min	0
max	255
step	1
n	1000000
----
slot	10
ctrl0	55
ctrl1	0
ctrl2	48
ctrl3	0
iPreampIn	168
iPremapFeed	80
iPreampOut	150
iShaper	150
iShaperFeed	100
iComp	75
chipId0	139
chipId1	254
latency	0
vthreshold1	25
vthreshold2	0
vcal	0
calphase	0
----
999444
17776560
34553698
51329703
68091637
84786239
101405121
118027819
134683797
151370637
168083077
184812131
201554406
218305821
235060517
251820485
268584349
285346218
302110659
318876630
335642166
352409205
369178873
385947633
402717691
419490393
436264563
453038096
469813208
486587658
503362742
520137482
536912130
553687273
570462283
587237848
604013370
620788936
637564729
654341130
671117698
687893703
704670107
721446978
738223669
755000338
771777259
788553980
805330947
822108118
838885156
855662151
872438934
889215351
905990546
922764916
939540168
956316420
973092823
989869800
1006646725
1023423642
1040200616
1056977751
1073754864
1090531895
1107309040
1124086098
1140863205
1157639992
1174417106
1191194126
1207971136
1224748197
1241525198
1258302190
1275079463
1291856378
1308633463
1325410767
1342187930
1358965054
1375742198
1392519412
1409296564
1426073765
1442850886
1459628061
1476405287
1493182523
1509959693
1526736913
1543514079
1560291263
1577068529
1593845713
1610622890
1627400117
1644177342
1660954557
1677731803
1694509064
1711286249
1728063548
1744840756
1761618004
1778395286
1795172556
1811949793
1828727089
1845504272
1862281598
1879058738
1895836351
1912613107
1929390270
1946167433
1962944580
1979721727
1996498884
2013276053
2030053213
2046830403
2063607606
2080384808
2097162015
2113939222
2130716436
-2147473647
-2130696431
-2113919215
-2097141999
-2080364784
-2063587564
-2046810352
-2030033136
-2013255920
-1996478704
-1979701488
-1962924268
-1946147056
-1929369836
-1912592624
-1895815408
-1879038192
-1862260976
-1845483760
-1828706544
-1811929328
-1795152112
-1778374896
-1761597680
-1744820464
-1728043248
-1711266032
-1694488816
-1677711600
-1660934384
-1644157168
-1627379952
-1610602736
-1593825520
-1577048304
-1560271088
-1543493872
-1526716656
-1509939440
-1493162224
-1476385008
-1459607800
-1442830576
-1426053364
-1409276160
-1392498952
-1375721752
-1358944616
-1342167448
-1325390488
-1308613420
-1291836783
-1275060232
-1258284140
-1241508163
-1224732356
-1207956636
-1191180579
-1174404387
-1157627620
-1140850572
-1124073448
-1107296252
-1090519040
-1073741824
-1056964608
-1040187392
-1023410176
-1006632960
-989855744
-973078528
-956301312
-939524096
-922746880
-905969664
-889192448
-872415232
-855638016
-838860800
-822083584
-805306368
-788529152
-771751936
-754974720
-738197504
-721420288
-704643072
-687865856
-671088640
-654311424
-637534208
-620756992
-603979776
-587202560
-570425344
-553648128
-536870912
-520093696
-503316480
-486539264
-469762048
-452984832
-436207616
-419430400
-402653184
-385875968
-369098752
-352321536
-335544320
-318767104
-301989888
-285212672
-268435456
-251658240
-234881024
-218103808
-201326592
-184549376
-167772160
-150994944
-134217728
-117440512
-100663296
-83886080
-67108864
-50331648
-33554432
