Type	threshold
OptoHybrid	0
VFAT2	12
min	0
max	255
step	1
n	1000000
----
slot	12
ctrl0	55
ctrl1	0
ctrl2	48
ctrl3	0
iPreampIn	168
iPremapFeed	80
iPreampOut	150
iShaper	150
iShaperFeed	100
iComp	75
chipId0	152
chipId1	254
latency	0
vthreshold1	25
vthreshold2	0
vcal	0
calphase	0
----
972790
17764655
34547833
51326369
68101175
84871748
101633494
118334958
134935207
151505129
168131636
184816842
201533388
218272190
235019850
251776800
268540591
285308196
302077570
318849250
335620746
352392874
369164932
385937592
402710754
419484713
436258799
453033153
469808043
486582581
503357737
520133374
536909303
553685604
570462012
587238664
604015374
620792147
637568833
654345274
671121647
687898003
704673200
721448872
738224079
754999359
771773839
788549504
805324672
822100423
838876380
855652582
872429248
889206000
905982750
922759798
939536834
956313917
973091003
989868108
1006645207
1023422201
1040199243
1056976256
1073753322
1090530417
1107307478
1124084557
1140861602
1157638703
1174415704
1191192754
1207969844
1224746956
1241524123
1258301273
1275078470
1291855656
1308632859
1325410074
1342187286
1358964501
1375741713
1392518928
1409296144
1426073360
1442850576
1459627792
1476405008
1493182224
1509959440
1526736656
1543513872
1560291088
1577068304
1593845520
1610622736
1627399952
1644177168
1660954384
1677731600
1694508816
1711286032
1728063248
1744840468
1761617680
1778394896
1795172112
1811949328
1828726544
1845503760
1862280976
1879058192
1895835408
1912612624
1929389840
1946167056
1962944272
1979721488
1996498704
2013275920
2030053136
2046830352
2063607568
2080384784
2097162000
2113939216
2130716432
-2147473648
-2130696432
-2113919216
-2097142000
-2080364784
-2063587568
-2046810352
-2030033136
-2013255920
-1996478704
-1979701488
-1962924272
-1946147056
-1929369840
-1912592624
-1895815408
-1879038192
-1862260976
-1845483760
-1828706544
-1811929328
-1795152112
-1778374896
-1761597680
-1744820464
-1728043248
-1711266032
-1694488814
-1677711600
-1660934380
-1644157167
-1627379950
-1610602717
-1593825493
-1577048263
-1560271024
-1543493754
-1526716455
-1509939110
-1493161702
-1476384291
-1459606864
-1442829358
-1426051997
-1409274707
-1392497562
-1375720448
-1358943431
-1342166489
-1325389495
-1308612499
-1291835411
-1275058303
-1258281157
-1241503961
-1224726760
-1207949552
-1191172336
-1174395120
-1157617904
-1140840688
-1124063472
-1107286255
-1090509040
-1073731822
-1056954619
-1040177432
-1023400524
-1006624628
-989850068
-973076192
-956300800
-939524060
-922746880
-905969664
-889192448
-872415232
-855638016
-838860800
-822083584
-805306368
-788529152
-771751936
-754974720
-738197504
-721420288
-704643072
-687865856
-671088640
-654311424
-637534208
-620756992
-603979776
-587202560
-570425344
-553648128
-536870912
-520093696
-503316480
-486539264
-469762048
-452984832
-436207616
-419430400
-402653184
-385875968
-369098752
-352321536
-335544320
-318767104
-301989888
-285212672
-268435456
-251658240
-234881024
-218103808
-201326592
-184549376
-167772160
-150994944
-134217728
-117440512
-100663296
-83886080
-67108864
-50331648
-33554432
