Type	threshold
OptoHybrid	0
VFAT2	4
min	0
max	255
step	1
n	1000000
----
slot	4
ctrl0	55
ctrl1	0
ctrl2	48
ctrl3	0
iPreampIn	168
iPremapFeed	80
iPreampOut	150
iShaper	150
iShaperFeed	100
iComp	75
chipId0	91
chipId1	254
latency	0
vthreshold1	25
vthreshold2	0
vcal	0
calphase	0
----
982007
17768260
34549865
51329130
68106006
84881128
101654693
118410048
135102846
151831750
168298886
184947226
201629429
218343865
235080119
251822939
268573728
285336251
302099914
318865847
335636112
352405052
369174010
385942980
402724727
419497066
436271443
453045458
469818764
486593314
503358543
520140787
536914284
553689905
570464163
587239169
604014506
620788873
637564697
654339309
671114934
687889780
704663076
721437342
738212944
754986920
771765223
788542041
805318530
822095482
838872369
855649020
872426431
889203319
905980614
922757672
939534814
956311926
973089034
989866379
1006643104
1023419708
1040197282
1056975033
1073752191
1090529345
1107306156
1124083398
1140860066
1157637179
1174415707
1191192790
1207970006
1224747313
1241524559
1258301736
1275078881
1291856032
1308625000
1325410468
1342187564
1358964727
1375740579
1392518445
1409297274
1426073908
1442850987
1459627969
1476405484
1493182593
1509960066
1526737095
1543514396
1560291546
1577068938
1593846087
1610623561
1627400504
1644177921
1660954742
1677732212
1694509110
1711286928
1728063997
1744841277
1761616598
1778394528
1795173009
1811949286
1828727293
1845503647
1862281174
1879058373
1895835277
1912612416
1929389624
1946162765
1962943976
1979721079
1996495115
2013274381
2030051380
2046828003
2063604548
2080380543
2097157796
2113934200
2130710705
-2147479938
-2130703618
-2113927043
-2097150387
-2080373422
-2063596590
-2046819656
-2030042657
-2013265630
-1996488462
-1979711354
-1962934187
-1946156976
-1929379808
-1912602607
-1895825387
-1879048179
-1862270960
-1845493760
-1828716544
-1811939328
-1795162112
-1778384896
-1761607680
-1744830464
-1728053248
-1711276032
-1694498816
-1677721600
-1660944384
-1644167168
-1627389952
-1610612736
-1593835520
-1577058304
-1560281088
-1543503872
-1526726656
-1509949440
-1493172224
-1476395008
-1459617792
-1442840576
-1426063360
-1409286144
-1392508928
-1375731712
-1358954496
-1342177280
-1325400064
-1308622848
-1291845632
-1275068416
-1258291200
-1241513984
-1224736768
-1207959552
-1191182336
-1174405120
-1157627904
-1140850688
-1124073472
-1107296256
-1090519040
-1073741824
-1056964608
-1040187392
-1023410176
-1006632960
-989855744
-973078528
-956301312
-939524096
-922746880
-905969664
-889192448
-872415232
-855638016
-838860800
-822083584
-805306368
-788529152
-771751936
-754974720
-738197504
-721420288
-704643072
-687865856
-671088640
-654311424
-637534208
-620756992
-603979776
-587202560
-570425344
-553648128
-536870912
-520093696
-503316480
-486539264
-469762048
-452984832
-436207616
-419430400
-402653184
-385875968
-369098752
-352321536
-335544320
-318767104
-301989888
-285212672
-268435456
-251658240
-234881024
-218103808
-201326592
-184549376
-167772160
-150994944
-134217728
-117440512
-100663296
-83886080
-67108864
-50331648
-33554432
