Type	threshold
OptoHybrid	0
VFAT2	10
min	0
max	255
step	1
n	1000000
----
slot	10
ctrl0	55
ctrl1	0
ctrl2	48
ctrl3	0
iPreampIn	168
iPremapFeed	80
iPreampOut	150
iShaper	150
iShaperFeed	100
iComp	75
chipId0	139
chipId1	254
latency	0
vthreshold1	25
vthreshold2	0
vcal	0
calphase	0
----
999384
17776524
34553523
51329551
68094135
84795016
101420128
118039133
134688221
151376946
168088314
184814039
201556766
218306446
235061537
251821474
268584635
285345752
302110874
318876097
335641985
352409241
369177852
385947051
402717788
419489451
436263398
453038078
469812486
486586697
503362264
520136889
536911830
553686664
570462323
587237237
604013013
620788697
637564585
654340892
671117148
687893436
704670073
721446737
738223437
755000437
771777081
788553989
805331003
822107963
838885095
855662146
872439066
889215349
905990673
922765192
939540433
956316445
973092932
989869692
1006646686
1023423667
1040200850
1056977805
1073754884
1090531772
1107309019
1124086017
1140863045
1157640165
1174417136
1191194157
1207971211
1224748268
1241525132
1258302219
1275079414
1291856491
1308633630
1325410697
1342187940
1358965033
1375742202
1392519356
1409296574
1426073769
1442850980
1459628173
1476405296
1493182475
1509959741
1526736894
1543514074
1560291277
1577068483
1593845676
1610622932
1627400077
1644177308
1660954561
1677731808
1694509057
1711286262
1728063505
1744840752
1761618029
1778395265
1795172513
1811949768
1828727004
1845504277
1862281512
1879058696
1895835907
1912613084
1929390283
1946167388
1962944578
1979721731
1996498898
2013276064
2030053226
2046830411
2063607608
2080384800
2097162016
2113939234
2130716441
-2147473645
-2130696427
-2113919216
-2097141996
-2080364784
-2063587568
-2046810348
-2030033136
-2013255920
-1996478704
-1979701488
-1962924272
-1946147056
-1929369840
-1912592624
-1895815408
-1879038192
-1862260976
-1845483760
-1828706544
-1811929328
-1795152112
-1778374896
-1761597680
-1744820464
-1728043248
-1711266032
-1694488816
-1677711600
-1660934384
-1644157168
-1627379952
-1610602736
-1593825520
-1577048304
-1560271089
-1543493855
-1526716826
-1509939492
-1493162224
-1476385008
-1459607796
-1442830576
-1426053364
-1409276148
-1392498940
-1375721768
-1358944564
-1342167428
-1325390308
-1308613387
-1291836451
-1275059923
-1258283535
-1241507666
-1224731799
-1207956171
-1191180203
-1174404048
-1157627356
-1140850500
-1124073432
-1107296244
-1090519040
-1073741824
-1056964608
-1040187392
-1023410176
-1006632960
-989855744
-973078528
-956301312
-939524096
-922746880
-905969664
-889192448
-872415232
-855638016
-838860800
-822083584
-805306368
-788529152
-771751936
-754974720
-738197504
-721420288
-704643072
-687865856
-671088640
-654311424
-637534208
-620756992
-603979776
-587202560
-570425344
-553648128
-536870912
-520093696
-503316480
-486539264
-469762048
-452984832
-436207616
-419430400
-402653184
-385875968
-369098752
-352321536
-335544320
-318767104
-301989888
-285212672
-268435456
-251658240
-234881024
-218103808
-201326592
-184549376
-167772160
-150994944
-134217728
-117440512
-100663296
-83886080
-67108864
-50331648
-33554432
