Type	threshold
OptoHybrid	0
VFAT2	20
min	0
max	255
step	1
n	1000000
----
slot	20
ctrl0	55
ctrl1	0
ctrl2	48
ctrl3	0
iPreampIn	168
iPremapFeed	80
iPreampOut	150
iShaper	150
iShaperFeed	100
iComp	75
chipId0	64
chipId1	251
latency	0
vthreshold1	25
vthreshold2	0
vcal	0
calphase	0
----
999691
17777152
34554407
51320562
67998427
84594515
101258110
117795742
134605814
151319805
168048598
184769977
201533803
218285709
235040923
251801921
268566566
285330973
302100525
318868770
335639434
352410359
369182112
385952123
402721678
419493182
436265645
453037690
469810543
486585947
503361892
520138132
536914556
553690570
570467840
587244563
604021275
620798017
637574689
654351334
671127169
687904552
704680886
721456866
738232129
755006940
771785449
788561281
805335546
822113905
838890279
855665774
872438616
889209300
905983876
922760282
939537266
956314146
973091174
989868301
1006645312
1023422470
1040199501
1056976598
1073753694
1090530722
1107307819
1124084845
1140861871
1157638953
1174416085
1191193106
1207970249
1224747342
1241524474
1258301611
1275078739
1291855865
1308633060
1325410194
1342187357
1358964568
1375741769
1392518962
1409296176
1426073384
1442850595
1459627804
1476405013
1493182227
1509959442
1526736656
1543513874
1560291090
1577068304
1593845520
1610622740
1627399952
1644177168
1660954384
1677731600
1694508816
1711286032
1728063248
1744840464
1761617680
1778394896
1795172112
1811949328
1828726544
1845503760
1862280976
1879058192
1895835408
1912612624
1929389840
1946167056
1962944322
1979721529
1996498704
2013276509
2030053136
2046830353
2063607568
2080384786
2097162003
2113939220
2130716438
-2147473639
-2130696418
-2113919196
-2097141972
-2080364736
-2063587499
-2046810260
-2030033027
-2013255765
-1996478486
-1979701215
-1962923905
-1946146606
-1929369310
-1912592019
-1895814718
-1879037465
-1862260212
-1845482965
-1828705752
-1811928598
-1795151451
-1778374294
-1761597187
-1744820062
-1728042953
-1711265814
-1694488657
-1677711500
-1660934299
-1644157127
-1627379937
-1610602745
-1593825537
-1577048405
-1560271193
-1543493999
-1526716859
-1509939834
-1493162932
-1476385947
-1459609228
-1442832528
-1426056020
-1409279652
-1392503532
-1375727504
-1358951064
-1342174612
-1325398432
-1308621684
-1291844912
-1275067936
-1258290896
-1241513792
-1224736680
-1207959516
-1191182320
-1174405108
-1157627900
-1140850684
-1124073472
-1107296252
-1090519040
-1073741824
-1056964608
-1040187392
-1023410176
-1006632960
-989855744
-973078528
-956301312
-939524096
-922746880
-905969664
-889192448
-872415232
-855638016
-838860800
-822083584
-805306368
-788529152
-771751936
-754974720
-738197504
-721420288
-704643072
-687865856
-671088640
-654311424
-637534208
-620756992
-603979776
-587202560
-570425344
-553648128
-536870912
-520093696
-503316480
-486539264
-469762048
-452984832
-436207616
-419430400
-402653184
-385875968
-369098752
-352321536
-335544320
-318767104
-301989888
-285212672
-268435456
-251658240
-234881024
-218103808
-201326592
-184549376
-167772160
-150994944
-134217728
-117440512
-100663296
-83886080
-67108864
-50331648
-33554432
