Type	threshold
OptoHybrid	0
VFAT2	19
min	0
max	255
step	1
n	1000000
----
slot	19
ctrl0	55
ctrl1	0
ctrl2	48
ctrl3	0
iPreampIn	168
iPremapFeed	80
iPreampOut	150
iShaper	150
iShaperFeed	100
iComp	75
chipId0	148
chipId1	254
latency	0
vthreshold1	25
vthreshold2	0
vcal	0
calphase	0
----
994628
17772090
34549438
51326489
68102612
84873220
101592486
118217855
134802823
151438103
168118043
184834796
201572977
218316401
235067330
251821616
268575305
285333129
302094821
318860595
335629788
352399966
369171492
385944733
402717366
419490244
436263630
453036791
469810674
486584809
503359177
520134268
536908463
553683178
570458401
587234119
604009503
620785142
637561076
654337328
671113339
687889877
704666308
721442567
738218685
754994650
771770835
788546641
805322474
822098601
838874404
855651009
872427394
889203870
905980537
922757462
939534523
956311589
973088703
989865877
1006643051
1023420234
1040197446
1056974640
1073751853
1090529057
1107306266
1124083485
1140860712
1157637929
1174415145
1191192361
1207969594
1224746823
1241524059
1258301320
1275078578
1291855887
1308633159
1325410481
1342187847
1358965255
1375742658
1392520032
1409297476
1426074830
1442852286
1459629593
1476406876
1493184114
1509961347
1526738461
1543515570
1560292615
1577069694
1593846675
1610623714
1627400715
1644177805
1660954892
1677732041
1694509217
1711286468
1728063758
1744841024
1761618388
1778395815
1795173183
1811950644
1828728049
1845505345
1862282657
1879059890
1895837027
1912614158
1929391251
1946168230
1962945253
1979722233
1996499254
2013276286
2030053394
2046830510
2063607683
2080384840
2097162028
2113939231
2130716438
-2147473644
-2130696432
-2113919216
-2097141999
-2080364784
-2063587568
-2046810352
-2030033136
-2013255920
-1996478704
-1979701488
-1962924272
-1946147056
-1929369840
-1912592624
-1895815408
-1879038192
-1862260976
-1845483760
-1828706544
-1811929328
-1795152112
-1778374896
-1761597680
-1744820464
-1728043248
-1711266032
-1694488816
-1677711600
-1660934384
-1644157168
-1627379920
-1610602736
-1593825478
-1577048232
-1560271088
-1543493872
-1526716656
-1509939440
-1493162224
-1476385008
-1459607792
-1442830576
-1426053360
-1409276144
-1392498928
-1375721712
-1358944496
-1342167280
-1325390064
-1308612848
-1291835632
-1275058416
-1258281200
-1241503984
-1224726768
-1207949552
-1191172336
-1174395120
-1157617904
-1140840688
-1124063472
-1107286255
-1090509038
-1073731818
-1056954596
-1040177380
-1023400172
-1006622964
-989845752
-973068596
-956291904
-939517020
-922744576
-905969400
-889192440
-872415232
-855638016
-838860800
-822083584
-805306368
-788529152
-771751936
-754974720
-738197504
-721420288
-704643072
-687865856
-671088640
-654311424
-637534208
-620756992
-603979776
-587202560
-570425344
-553648128
-536870912
-520093696
-503316480
-486539264
-469762048
-452984832
-436207616
-419430400
-402653184
-385875968
-369098752
-352321536
-335544320
-318767104
-301989888
-285212672
-268435456
-251658240
-234881024
-218103808
-201326592
-184549376
-167772160
-150994944
-134217728
-117440512
-100663296
-83886080
-67108864
-50331648
-33554432
