Type	threshold
OptoHybrid	0
VFAT2	20
min	0
max	255
step	1
n	1000000
----
slot	20
ctrl0	55
ctrl1	0
ctrl2	48
ctrl3	0
iPreampIn	168
iPremapFeed	80
iPreampOut	150
iShaper	150
iShaperFeed	100
iComp	75
chipId0	64
chipId1	251
latency	0
vthreshold1	25
vthreshold2	0
vcal	0
calphase	0
----
999710
17777123
34554383
51320656
68003691
84626309
101269113
117920253
134608445
151321974
168047818
184786281
201533745
218284131
235041618
251803321
268566245
285331328
302100279
318868314
335638851
352410626
369181043
385949701
402720716
419492639
436265475
453037468
469810479
486585752
503361863
520138148
536914748
553691102
570467801
587244535
604021008
620798127
637574743
654351182
671127633
687901975
704680139
721457122
738233026
755009407
771785195
788560699
805337609
822114028
838889658
855665685
872438633
889209111
905983904
922760199
939537150
956313879
973091095
989868285
1006645334
1023422381
1040199511
1056976582
1073753644
1090530669
1107307801
1124084869
1140861914
1157638987
1174416120
1191193164
1207970231
1224747363
1241524467
1258301578
1275078777
1291855931
1308633030
1325410224
1342187388
1358964597
1375741768
1392518966
1409296174
1426073385
1442850587
1459627805
1476405013
1493182233
1509959441
1526736660
1543513872
1560291088
1577068304
1593845520
1610622738
1627399952
1644177168
1660954384
1677731600
1694508816
1711286036
1728063248
1744840464
1761617680
1778394896
1795172112
1811949328
1828726544
1845503760
1862280976
1879058192
1895835408
1912612624
1929389840
1946167056
1962944272
1979721488
1996498704
2013275921
2030053137
2046830355
2063607568
2080384786
2097162001
2113939218
2130716437
-2147473639
-2130696421
-2113919197
-2097141986
-2080364748
-2063587520
-2046810282
-2030033017
-2013255760
-1996478512
-1979701276
-1962923957
-1946146687
-1929369387
-1912592048
-1895814758
-1879037489
-1862260136
-1845482938
-1828705760
-1811928529
-1795151397
-1778374275
-1761597103
-1744820043
-1728042891
-1711265758
-1694488643
-1677711457
-1660934291
-1644157109
-1627379914
-1610602738
-1593825539
-1577048342
-1560271179
-1543493949
-1526716868
-1509939784
-1493162732
-1476385910
-1459608943
-1442832284
-1426055600
-1409279028
-1392502980
-1375726884
-1358950536
-1342174268
-1325397904
-1308621452
-1291844672
-1275067852
-1258290848
-1241513764
-1224736660
-1207959468
-1191182276
-1174405112
-1157627780
-1140850688
-1124073472
-1107296252
-1090519040
-1073741824
-1056964608
-1040187392
-1023410176
-1006632960
-989855744
-973078528
-956301312
-939524096
-922746880
-905969664
-889192448
-872415232
-855638016
-838860800
-822083584
-805306368
-788529152
-771751936
-754974720
-738197504
-721420288
-704643072
-687865856
-671088640
-654311424
-637534208
-620756992
-603979776
-587202560
-570425344
-553648128
-536870912
-520093696
-503316480
-486539264
-469762048
-452984832
-436207616
-419430400
-402653184
-385875968
-369098752
-352321536
-335544320
-318767104
-301989888
-285212672
-268435456
-251658240
-234881024
-218103808
-201326592
-184549376
-167772160
-150994944
-134217728
-117440512
-100663296
-83886080
-67108864
-50331648
-33554432
