Type	threshold
OptoHybrid	0
VFAT2	4
min	0
max	255
step	1
n	1000000
----
slot	4
ctrl0	55
ctrl1	0
ctrl2	48
ctrl3	0
iPreampIn	168
iPremapFeed	80
iPreampOut	150
iShaper	150
iShaperFeed	100
iComp	75
chipId0	91
chipId1	254
latency	0
vthreshold1	25
vthreshold2	0
vcal	0
calphase	0
----
981379
17766093
34549505
51328842
68106601
84882297
101654500
118412336
135099165
151696218
168298994
184944526
201628236
218345275
235077447
251824598
268571106
285323445
302099905
318865805
335634729
352406138
369178831
385951196
402725270
419497362
436271531
453045908
469819425
486592934
503367244
520140477
536914734
553684847
570455907
587239144
604012370
620788987
637564569
654340419
671115235
687889726
704663084
721437782
738212750
754988700
771765284
788542108
805318622
822095161
838872364
855648815
872425725
889203489
905980685
922757525
939534802
956311980
973088776
989866177
1006643252
1023420709
1040196738
1056974868
1073752224
1090529477
1107306617
1124083907
1140861223
1157638207
1174415702
1191192428
1207970506
1224747438
1241524594
1258299298
1275076727
1291855723
1308631857
1325410714
1342186584
1358964234
1375742192
1392519252
1409296741
1426073691
1442850983
1459627885
1476405088
1493182601
1509960022
1526737046
1543514368
1560291255
1577068844
1593846335
1610623451
1627400354
1644177973
1660954051
1677731861
1694509715
1711286946
1728064279
1744840824
1761618033
1778395358
1795172257
1811949233
1828726624
1845504243
1862280869
1879054034
1895835007
1912612991
1929389696
1946166824
1962943780
1979720866
1996497712
2013275129
2030051485
2046827865
2063604601
2080380922
2097157726
2113934144
2130710541
-2147480312
-2130703640
-2113927604
-2097150546
-2080373633
-2063596704
-2046819738
-2030042787
-2013265647
-1996488498
-1979711403
-1962934179
-1946157016
-1929379811
-1912602612
-1895825395
-1879048180
-1862270960
-1845493748
-1828716540
-1811939328
-1795162112
-1778384896
-1761607680
-1744830460
-1728053248
-1711276032
-1694498816
-1677721600
-1660944384
-1644167168
-1627389952
-1610612736
-1593835520
-1577058304
-1560281088
-1543503872
-1526726656
-1509949440
-1493172224
-1476395008
-1459617792
-1442840576
-1426063360
-1409286144
-1392508928
-1375731712
-1358954496
-1342177280
-1325400064
-1308622848
-1291845632
-1275068416
-1258291200
-1241513984
-1224736768
-1207959552
-1191182336
-1174405120
-1157627904
-1140850688
-1124073472
-1107296256
-1090519040
-1073741824
-1056964608
-1040187392
-1023410176
-1006632960
-989855744
-973078528
-956301312
-939524096
-922746880
-905969664
-889192448
-872415232
-855638016
-838860800
-822083584
-805306368
-788529152
-771751936
-754974720
-738197504
-721420288
-704643072
-687865856
-671088640
-654311424
-637534208
-620756992
-603979776
-587202560
-570425344
-553648128
-536870912
-520093696
-503316480
-486539264
-469762048
-452984832
-436207616
-419430400
-402653184
-385875968
-369098752
-352321536
-335544320
-318767104
-301989888
-285212672
-268435456
-251658240
-234881024
-218103808
-201326592
-184549376
-167772160
-150994944
-134217728
-117440512
-100663296
-83886080
-67108864
-50331648
-33554432
