Type	threshold
OptoHybrid	0
VFAT2	19
min	0
max	255
step	1
n	1000000
----
slot	19
ctrl0	55
ctrl1	0
ctrl2	48
ctrl3	0
iPreampIn	168
iPremapFeed	80
iPreampOut	150
iShaper	150
iShaperFeed	100
iComp	75
chipId0	148
chipId1	254
latency	0
vthreshold1	25
vthreshold2	0
vcal	0
calphase	0
----
994787
17772218
34549502
51326390
68102426
84873416
101591446
118219450
134802820
151438712
168122204
184834183
201574448
218319247
235067245
251821270
268576023
285332409
302096235
318861035
335629555
352400738
369171944
385944537
402717739
419490466
436263323
453037096
469810737
486584894
503359526
520133639
536908566
553683588
570458818
587233831
604009397
620785016
637560806
654337148
671112989
687889617
704666230
721442563
738218769
754994853
771770686
788546557
805322643
822098652
838874698
855650760
872427236
889203656
905980563
922757400
939534486
956311553
973088711
989865859
1006643077
1023420229
1040197445
1056974638
1073751860
1090529055
1107306270
1124083487
1140860705
1157637924
1174415153
1191192364
1207969601
1224746832
1241524066
1258301299
1275078616
1291855883
1308633163
1325410479
1342187881
1358965253
1375742645
1392519992
1409297428
1426074872
1442852228
1459629606
1476406913
1493184143
1509961301
1526738429
1543515532
1560292610
1577069672
1593846691
1610623697
1627400765
1644177815
1660954909
1677732041
1694509208
1711286419
1728063708
1744841046
1761618409
1778395818
1795173208
1811950608
1828727960
1845505354
1862282669
1879059919
1895837036
1912614135
1929391180
1946168203
1962945233
1979722228
1996499278
2013276295
2030053388
2046830510
2063607662
2080384836
2097162035
2113939240
2130716439
-2147473645
-2130696431
-2113919215
-2097142000
-2080364784
-2063587567
-2046810352
-2030033136
-2013255920
-1996478704
-1979701488
-1962924272
-1946147056
-1929369840
-1912592624
-1895815408
-1879038192
-1862260976
-1845483760
-1828706544
-1811929328
-1795152112
-1778374896
-1761597680
-1744820464
-1728043248
-1711266032
-1694488816
-1677711600
-1660934384
-1644157168
-1627379952
-1610602736
-1593825520
-1577048304
-1560271088
-1543493872
-1526716656
-1509939440
-1493162224
-1476385008
-1459607792
-1442830576
-1426053360
-1409276144
-1392498928
-1375721712
-1358944496
-1342167280
-1325390064
-1308612848
-1291835632
-1275058416
-1258281200
-1241503984
-1224726768
-1207949552
-1191172336
-1174395120
-1157617904
-1140840688
-1124063472
-1107286264
-1090509039
-1073731823
-1056954597
-1040177380
-1023400171
-1006622959
-989845760
-973068648
-956291900
-939516840
-922744536
-905969424
-889192424
-872415232
-855638016
-838860800
-822083584
-805306368
-788529152
-771751936
-754974720
-738197504
-721420288
-704643072
-687865856
-671088640
-654311424
-637534208
-620756992
-603979776
-587202560
-570425344
-553648128
-536870912
-520093696
-503316480
-486539264
-469762048
-452984832
-436207616
-419430400
-402653184
-385875968
-369098752
-352321536
-335544320
-318767104
-301989888
-285212672
-268435456
-251658240
-234881024
-218103808
-201326592
-184549376
-167772160
-150994944
-134217728
-117440512
-100663296
-83886080
-67108864
-50331648
-33554432
