Type	threshold
OptoHybrid	0
VFAT2	4
min	0
max	255
step	1
n	1000000
----
slot	4
ctrl0	55
ctrl1	0
ctrl2	48
ctrl3	0
iPreampIn	168
iPremapFeed	80
iPreampOut	150
iShaper	150
iShaperFeed	100
iComp	75
chipId0	91
chipId1	254
latency	0
vthreshold1	25
vthreshold2	0
vcal	0
calphase	0
----
976423
17767657
34549542
51329163
68106055
84881900
101654541
118411037
135104653
151711104
168310373
184940313
201636872
218346728
235080670
251824356
268575739
285336909
302098454
318866580
335636088
352407827
369178788
385950616
402724488
419497988
436272120
453045107
469818636
486592615
503367055
520140843
536914602
553689024
570464328
587238764
604014062
620788848
637564637
654340156
671115132
687889183
704663505
721437319
738212891
754988411
771765395
788539621
805318793
822095462
838872108
855649348
872426354
889203455
905980395
922757615
939530602
956311675
973089079
989865768
1006643471
1023420222
1040197814
1056974559
1073752333
1090528707
1107306419
1124083091
1140860991
1157637832
1174415297
1191192470
1207970258
1224747060
1241524255
1258301384
1275078288
1291856002
1308633175
1325410528
1342186020
1358964905
1375743141
1392519522
1409296347
1426073779
1442850722
1459627758
1476397194
1493182517
1509960108
1526737099
1543514328
1560291416
1577068764
1593845404
1610623500
1627400684
1644178144
1660953974
1677732041
1694509642
1711286552
1728064101
1744840630
1761618581
1778395368
1795172918
1811948957
1828726944
1845504384
1862281225
1879058435
1895835231
1912608666
1929389775
1946166435
1962939461
1979720543
1996497363
2013274331
2030050809
2046827306
2063603856
2080380310
2097156624
2113933201
2130709758
-2147481046
-2130704643
-2113927641
-2097150764
-2080373955
-2063597044
-2046819966
-2030042880
-2013265744
-1996488591
-1979711400
-1962934231
-1946157025
-1929379840
-1912602620
-1895825400
-1879048184
-1862270968
-1845493760
-1828716544
-1811939328
-1795162112
-1778384896
-1761607680
-1744830464
-1728053248
-1711276032
-1694498816
-1677721600
-1660944384
-1644167168
-1627389952
-1610612736
-1593835520
-1577058304
-1560281088
-1543503872
-1526726656
-1509949440
-1493172224
-1476395008
-1459617792
-1442840576
-1426063360
-1409286144
-1392508928
-1375731712
-1358954496
-1342177280
-1325400064
-1308622848
-1291845632
-1275068416
-1258291200
-1241513984
-1224736768
-1207959552
-1191182336
-1174405120
-1157627904
-1140850688
-1124073472
-1107296256
-1090519040
-1073741824
-1056964608
-1040187392
-1023410176
-1006632960
-989855744
-973078528
-956301312
-939524096
-922746880
-905969664
-889192448
-872415232
-855638016
-838860800
-822083584
-805306368
-788529152
-771751936
-754974720
-738197504
-721420288
-704643072
-687865856
-671088640
-654311424
-637534208
-620756992
-603979776
-587202560
-570425344
-553648128
-536870912
-520093696
-503316480
-486539264
-469762048
-452984832
-436207616
-419430400
-402653184
-385875968
-369098752
-352321536
-335544320
-318767104
-301989888
-285212672
-268435456
-251658240
-234881024
-218103808
-201326592
-184549376
-167772160
-150994944
-134217728
-117440512
-100663296
-83886080
-67108864
-50331648
-33554432
