Type	threshold
OptoHybrid	0
VFAT2	11
min	0
max	255
step	1
n	1000000
----
slot	11
ctrl0	55
ctrl1	0
ctrl2	48
ctrl3	0
iPreampIn	168
iPremapFeed	80
iPreampOut	150
iShaper	150
iShaperFeed	100
iComp	75
chipId0	175
chipId1	250
latency	0
vthreshold1	25
vthreshold2	0
vcal	0
calphase	0
----
996576
17774760
34551048
51325533
68096884
84859260
101585804
118254873
134858446
151431790
168058009
184741256
201467661
218217543
234976707
251742054
268513195
285286141
302059776
318834059
335609213
352383373
369157705
385931337
402704867
419478844
436253614
453028804
469804525
486580014
503356233
520132723
536908915
553685040
570461343
587237505
604013676
620789995
637566591
654343113
671120033
687896865
704673770
721450627
738227444
755004068
771780211
788556279
805331986
822107595
838883614
855659432
872435614
889211921
905988164
922764788
939540640
956316816
973093084
989869616
1006646041
1023422308
1040199068
1056975672
1073752526
1090529405
1107306526
1124083596
1140860796
1157637968
1174415168
1191192397
1207969615
1224746842
1241524082
1258301345
1275078593
1291855881
1308633120
1325410377
1342187658
1358964902
1375742172
1392519377
1409296635
1426073821
1442850964
1459628152
1476405334
1493182470
1509959612
1526736810
1543513993
1560291168
1577068351
1593845556
1610622751
1627399965
1644177180
1660954388
1677731604
1694508820
1711286032
1728063250
1744840465
1761617680
1778394898
1795172116
1811949333
1828726549
1845503766
1862280984
1879058217
1895835429
1912612654
1929389896
1946167108
1962944336
1979721588
1996498816
2013276054
2030053311
2046830569
2063607817
2080385093
2097162318
2113939593
2130716810
-2147473244
-2130696047
-2113918806
-2097141611
-2080364442
-2063587256
-2046810064
-2030032906
-2013255710
-1996478558
-1979701358
-1962924183
-1946146982
-1929369784
-1912592579
-1895815380
-1879038173
-1862260964
-1845483757
-1828706542
-1811929327
-1795152110
-1778374806
-1761597328
-1744820442
-1728043248
-1711266032
-1694488816
-1677711600
-1660934384
-1644157168
-1627379952
-1610602736
-1593825520
-1577048304
-1560271088
-1543493872
-1526716656
-1509939440
-1493162224
-1476385008
-1459607792
-1442830576
-1426053360
-1409276144
-1392498928
-1375721712
-1358944496
-1342167280
-1325390064
-1308612848
-1291835632
-1275058416
-1258281200
-1241503984
-1224726768
-1207949552
-1191172336
-1174395120
-1157617904
-1140840688
-1124063472
-1107286256
-1090509040
-1073731824
-1056954608
-1040177392
-1023400176
-1006622960
-989845744
-973068528
-956291312
-939514096
-922736880
-905959664
-889182447
-872405227
-855628015
-838850805
-822073928
-805299180
-788526956
-771751848
-754974720
-738197504
-721420288
-704643072
-687865856
-671088640
-654311424
-637534208
-620756992
-603979776
-587202560
-570425344
-553648128
-536870912
-520093696
-503316480
-486539264
-469762048
-452984832
-436207616
-419430400
-402653184
-385875968
-369098752
-352321536
-335544320
-318767104
-301989888
-285212672
-268435456
-251658240
-234881024
-218103808
-201326592
-184549376
-167772160
-150994944
-134217728
-117440512
-100663296
-83886080
-67108864
-50331648
-33554432
