Type	threshold
OptoHybrid	0
VFAT2	10
min	0
max	255
step	1
n	1000000
----
slot	10
ctrl0	55
ctrl1	0
ctrl2	48
ctrl3	0
iPreampIn	168
iPremapFeed	80
iPreampOut	150
iShaper	150
iShaperFeed	100
iComp	75
chipId0	139
chipId1	254
latency	0
vthreshold1	25
vthreshold2	0
vcal	0
calphase	0
----
999412
17776513
34553552
51329575
68093221
84794026
101416186
118037310
134688302
151376551
168087955
184817401
201555257
218307296
235062274
251821358
268584778
285345473
302110855
318875883
335641528
352408167
369178052
385948097
402716815
419489168
436262869
453038066
469811953
486587392
503362203
520136859
536912036
553686892
570462386
587237115
604013004
620788749
637564445
654340730
671117291
687893649
704670097
721446635
738223543
755000167
771777228
788554169
805331079
822108185
838885077
855662201
872439089
889215580
905990734
922765482
939540493
956316451
973092942
989869889
1006646901
1023423726
1040200712
1056977614
1073754933
1090531920
1107309019
1124086101
1140863169
1157640191
1174417255
1191194246
1207971252
1224748240
1241525296
1258302348
1275079477
1291856527
1308633714
1325410819
1342188028
1358965581
1375742290
1392519360
1409296586
1426073731
1442850954
1459628129
1476405370
1493182509
1509959733
1526736843
1543514042
1560291288
1577068469
1593845713
1610622901
1627400128
1644177370
1660954566
1677731794
1694509029
1711286283
1728063513
1744840765
1761617990
1778395286
1795172573
1811949781
1828726984
1845504270
1862281500
1879058686
1895835915
1912613115
1929390292
1946167419
1962944572
1979721707
1996498889
2013276038
2030053235
2046830393
2063607612
2080384796
2097162013
2113939225
2130716438
-2147473633
-2130696430
-2113919216
-2097142000
-2080364784
-2063587568
-2046810352
-2030033132
-2013255920
-1996478700
-1979701488
-1962924272
-1946147056
-1929369840
-1912592624
-1895815408
-1879038192
-1862260976
-1845483760
-1828706544
-1811929328
-1795152112
-1778374896
-1761597680
-1744820464
-1728043248
-1711266032
-1694488816
-1677711600
-1660934384
-1644157168
-1627379952
-1610602736
-1593825520
-1577048304
-1560271088
-1543493872
-1526716656
-1509939440
-1493162224
-1476385008
-1459607792
-1442830580
-1426053360
-1409276152
-1392498940
-1375721732
-1358944584
-1342167388
-1325390268
-1308613407
-1291836483
-1275060020
-1258283507
-1241507427
-1224731907
-1207956055
-1191180212
-1174403964
-1157627412
-1140850524
-1124073432
-1107296252
-1090519040
-1073741824
-1056964608
-1040187392
-1023410176
-1006632960
-989855744
-973078528
-956301312
-939524096
-922746880
-905969664
-889192448
-872415232
-855638016
-838860800
-822083584
-805306368
-788529152
-771751936
-754974720
-738197504
-721420288
-704643072
-687865856
-671088640
-654311424
-637534208
-620756992
-603979776
-587202560
-570425344
-553648128
-536870912
-520093696
-503316480
-486539264
-469762048
-452984832
-436207616
-419430400
-402653184
-385875968
-369098752
-352321536
-335544320
-318767104
-301989888
-285212672
-268435456
-251658240
-234881024
-218103808
-201326592
-184549376
-167772160
-150994944
-134217728
-117440512
-100663296
-83886080
-67108864
-50331648
-33554432
