Type	threshold
OptoHybrid	0
VFAT2	19
min	0
max	255
step	1
n	1000000
----
slot	19
ctrl0	55
ctrl1	0
ctrl2	48
ctrl3	0
iPreampIn	168
iPremapFeed	80
iPreampOut	150
iShaper	150
iShaperFeed	100
iComp	75
chipId0	148
chipId1	254
latency	0
vthreshold1	25
vthreshold2	0
vcal	0
calphase	0
----
994624
17772246
34549464
51326430
68102409
84873381
101591432
118216140
134807073
151435179
168122119
184838455
201571373
218319048
235069147
251821465
268576481
285333650
302095261
318861911
335629451
352399725
369171910
385944502
402717636
419491077
436263747
453036706
469810670
486584757
503359333
520133955
536908268
553683597
570458639
587233803
604009309
620785054
637561021
654337187
671113391
687889807
704665955
721442608
738218674
754994939
771770786
788546603
805322489
822098484
838874657
855650738
872427173
889203912
905980725
922757472
939534513
956311570
973088740
989865869
1006643022
1023420231
1040197461
1056974619
1073751852
1090529059
1107306269
1124083484
1140860698
1157637919
1174415140
1191192370
1207969587
1224746832
1241524070
1258301325
1275078585
1291855842
1308633170
1325410516
1342187810
1358965195
1375742594
1392520014
1409297428
1426074764
1442852219
1459629562
1476406875
1493184112
1509961303
1526738412
1543515577
1560292583
1577069671
1593846671
1610623687
1627400766
1644177816
1660954927
1677732056
1694509211
1711286438
1728063714
1744841056
1761618349
1778395782
1795173196
1811950582
1828728002
1845505328
1862282660
1879059902
1895837084
1912614162
1929391281
1946168249
1962945262
1979722202
1996499280
2013276352
2030053399
2046830518
2063607664
2080384847
2097162029
2113939232
2130716436
-2147473646
-2130696432
-2113919215
-2097141999
-2080364784
-2063587568
-2046810352
-2030033136
-2013255920
-1996478704
-1979701488
-1962924272
-1946147056
-1929369840
-1912592624
-1895815408
-1879038192
-1862260929
-1845483723
-1828706432
-1811929018
-1795152112
-1778374896
-1761597680
-1744820464
-1728043248
-1711266032
-1694488816
-1677711600
-1660934384
-1644157168
-1627379952
-1610602736
-1593825520
-1577048304
-1560271088
-1543493872
-1526716656
-1509939440
-1493162224
-1476385008
-1459607792
-1442830576
-1426053360
-1409276144
-1392498928
-1375721712
-1358944496
-1342167280
-1325390064
-1308612848
-1291835632
-1275058416
-1258281200
-1241503984
-1224726768
-1207949552
-1191172336
-1174395120
-1157617904
-1140840688
-1124063472
-1107286256
-1090509039
-1073731824
-1056954601
-1040177382
-1023400165
-1006622963
-989845748
-973068640
-956291880
-939516924
-922744272
-905969412
-889192432
-872415232
-855638016
-838860800
-822083584
-805306368
-788529152
-771751936
-754974720
-738197504
-721420288
-704643072
-687865856
-671088640
-654311424
-637534208
-620756992
-603979776
-587202560
-570425344
-553648128
-536870912
-520093696
-503316480
-486539264
-469762048
-452984832
-436207616
-419430400
-402653184
-385875968
-369098752
-352321536
-335544320
-318767104
-301989888
-285212672
-268435456
-251658240
-234881024
-218103808
-201326592
-184549376
-167772160
-150994944
-134217728
-117440512
-100663296
-83886080
-67108864
-50331648
-33554432
