Type	threshold
OptoHybrid	0
VFAT2	21
min	0
max	255
step	1
n	1000000
----
slot	21
ctrl0	55
ctrl1	0
ctrl2	48
ctrl3	0
iPreampIn	168
iPremapFeed	80
iPreampOut	150
iShaper	150
iShaperFeed	100
iComp	75
chipId0	167
chipId1	254
latency	0
vthreshold1	25
vthreshold2	0
vcal	0
calphase	0
----
999997
17777213
34554429
51331648
68108864
84886080
101663296
118440512
135217724
151994902
168772114
185549338
202326567
219103785
235881003
252658228
269435433
286212666
302989882
319767102
336544315
353321531
370098743
386875945
403653172
420430397
437207604
453984827
470762041
487539246
504316474
521093690
537870902
554648119
571425336
588202554
604979774
621756986
638534208
655311419
672088635
688865854
705643071
722420287
739197503
755974719
772751933
789529148
806306366
823083583
839860796
856638015
873415232
890192447
906969664
923746880
940524096
957301312
974078528
990855743
1007632958
1024410174
1041187391
1057964606
1074741824
1091519039
1108296255
1125073472
1141850688
1158627903
1175405120
1192182331
1208959552
1225736768
1242513981
1259291195
1276068413
1292845631
1309622846
1326400064
1343177279
1359954494
1376731711
1393508923
1410286143
1427063355
1443840572
1460617790
1477395004
1494172223
1510949436
1527726653
1544503871
1561281088
1578058299
1594835519
1611612736
1628389951
1645167166
1661944383
1678721598
1695498816
1712276032
1729053248
1745830458
1762607678
1779384896
1796162111
1812939325
1829716541
1846493755
1863270973
1880048184
1896825408
1913602622
1930379836
1947157052
1963934269
1980711483
1997488704
2014265914
2031043132
2047820350
2064597568
2081374783
2098151995
2114929211
2131706430
-2146483652
-2129706433
-2112929216
-2096152000
-2079374784
-2062597568
-2045820352
-2029043137
-2012265920
-1995488704
-1978711488
-1961934273
-1945157056
-1928379841
-1911602624
-1894825408
-1878048193
-1861270979
-1844493760
-1827716544
-1810939328
-1794162114
-1777384897
-1760607680
-1743830465
-1727053248
-1710276032
-1693498816
-1676721602
-1659944384
-1643167170
-1626389952
-1609612736
-1592835520
-1576058305
-1559281088
-1542503872
-1525726656
-1508949440
-1492172224
-1475395008
-1458617792
-1441840576
-1425063361
-1408286144
-1391508928
-1374731712
-1357954496
-1341177280
-1324400065
-1307622848
-1290845632
-1274068416
-1257291200
-1240513984
-1223736768
-1206959552
-1190182336
-1173405120
-1156627904
-1139850688
-1123073472
-1106296256
-1089519040
-1072741824
-1055964608
-1039187392
-1022410176
-1005632960
-988855744
-972078528
-955301312
-938524096
-921746880
-904969664
-888192448
-871415232
-854638016
-837860800
-821083584
-804306368
-787529152
-770751936
-753974720
-737197504
-720420288
-703643072
-686865856
-670088640
-653311424
-636534208
-619756992
-602979776
-586202560
-569425344
-552648128
-535870912
-519093696
-502316480
-485539264
-468762048
-451984832
-435207616
-418430400
-401653184
-384875968
-368098752
-351321536
-334544320
-317767104
-300989888
-284212672
-267435456
-250658240
-233881024
-217103808
-200326592
-183549376
-166772160
-149994944
-133217728
-116440512
-99663296
-82886080
-66108864
-49331648
-32554432
