Type	threshold
OptoHybrid	0
VFAT2	4
min	0
max	255
step	1
n	1000000
----
slot	4
ctrl0	55
ctrl1	0
ctrl2	48
ctrl3	0
iPreampIn	168
iPremapFeed	80
iPreampOut	150
iShaper	150
iShaperFeed	100
iComp	75
chipId0	91
chipId1	254
latency	0
vthreshold1	25
vthreshold2	0
vcal	0
calphase	0
----
981653
17769083
34549997
51329204
68105606
84881892
101655420
118410032
135096039
151836129
168310184
184948312
201632245
218349254
235078772
251825008
268576949
285334329
302100443
318865419
335635004
352408306
369178722
385951321
402724495
419498764
436270407
453043410
469818165
486593392
503367446
520140420
536915024
553689296
570463047
587238969
604014042
620789747
637564642
654340208
671115210
687889316
704663290
721437967
738212583
754988716
771765262
788541886
805318585
822095590
838872188
855649664
872426246
889203210
905980129
922757666
939534780
956311752
973088857
989866235
1006641156
1023420640
1040197711
1056974571
1073752577
1090529369
1107306927
1124084086
1140860703
1157636190
1174415218
1191192475
1207968012
1224747204
1241524805
1258301818
1275078958
1291855733
1308633314
1325409602
1342187923
1358964694
1375741672
1392519369
1409296471
1426073611
1442850838
1459628042
1476405216
1493182480
1509959919
1526737047
1543514458
1560291575
1577068722
1593846249
1610623271
1627400809
1644177973
1660955080
1677732389
1694509756
1711285892
1728064154
1744840261
1761618315
1778395173
1795172743
1811944734
1828726995
1845504299
1862281309
1879056854
1895835397
1912612495
1929389658
1946166592
1962943745
1979720281
1996497420
2013274466
2030051158
2046827884
2063604404
2080381061
2097158064
2113934144
2130710129
-2147480259
-2130703895
-2113926967
-2097150446
-2080373611
-2063596630
-2046819760
-2030042633
-2013265639
-1996488477
-1979711363
-1962934223
-1946156983
-1929379808
-1912602608
-1895825391
-1879048184
-1862270971
-1845493760
-1828716540
-1811939328
-1795162112
-1778384896
-1761607680
-1744830464
-1728053248
-1711276032
-1694498816
-1677721600
-1660944384
-1644167168
-1627389952
-1610612736
-1593835520
-1577058304
-1560281088
-1543503872
-1526726656
-1509949440
-1493172224
-1476395008
-1459617792
-1442840576
-1426063360
-1409286144
-1392508928
-1375731712
-1358954496
-1342177280
-1325400064
-1308622848
-1291845632
-1275068416
-1258291200
-1241513984
-1224736768
-1207959552
-1191182336
-1174405120
-1157627904
-1140850688
-1124073472
-1107296256
-1090519040
-1073741824
-1056964608
-1040187392
-1023410176
-1006632960
-989855744
-973078528
-956301312
-939524096
-922746880
-905969664
-889192448
-872415232
-855638016
-838860800
-822083584
-805306368
-788529152
-771751936
-754974720
-738197504
-721420288
-704643072
-687865856
-671088640
-654311424
-637534208
-620756992
-603979776
-587202560
-570425344
-553648128
-536870912
-520093696
-503316480
-486539264
-469762048
-452984832
-436207616
-419430400
-402653184
-385875968
-369098752
-352321536
-335544320
-318767104
-301989888
-285212672
-268435456
-251658240
-234881024
-218103808
-201326592
-184549376
-167772160
-150994944
-134217728
-117440512
-100663296
-83886080
-67108864
-50331648
-33554432
