Type	threshold
OptoHybrid	0
VFAT2	20
min	0
max	255
step	1
n	1000000
----
slot	20
ctrl0	55
ctrl1	0
ctrl2	48
ctrl3	0
iPreampIn	168
iPremapFeed	80
iPreampOut	150
iShaper	150
iShaperFeed	100
iComp	75
chipId0	64
chipId1	251
latency	0
vthreshold1	25
vthreshold2	0
vcal	0
calphase	0
----
999637
17777145
34554414
51321335
68000606
84631248
101262558
117923257
134608756
151318414
167918745
184782454
201532597
218284008
235041632
251799767
268565561
285331347
302098899
318868712
335639285
352409502
369181271
385950763
402720975
419492522
436265782
453037405
469810608
486585880
503362043
520138353
536914610
553691076
570467954
587244458
604021264
620797862
637574591
654351095
671127856
687904431
704680906
721456708
738232621
755009189
771784761
788561346
805337677
822114008
838890106
855665615
872438425
889209296
905983776
922760200
939537165
956314075
973091263
989868366
1006644912
1023422442
1040199516
1056976532
1073753626
1090530656
1107307781
1124084896
1140861930
1157639070
1174416076
1191193128
1207970292
1224747401
1241524472
1258301595
1275078733
1291855876
1308633045
1325410208
1342187369
1358964574
1375741778
1392518968
1409296173
1426073395
1442850591
1459627811
1476405017
1493182227
1509959440
1526736661
1543513874
1560291090
1577068354
1593845564
1610622736
1627400560
1644177168
1660954384
1677731600
1694508816
1711286032
1728063248
1744840464
1761617680
1778394896
1795172112
1811949328
1828726544
1845503760
1862280976
1879058192
1895835408
1912612624
1929389840
1946167056
1962944272
1979721488
1996498706
2013275920
2030053136
2046830353
2063607568
2080384784
2097162002
2113939220
2130716441
-2147473637
-2130696422
-2113919196
-2097141977
-2080364739
-2063587510
-2046810287
-2030033022
-2013255766
-1996478506
-1979701233
-1962923972
-1946146671
-1929369361
-1912592087
-1895814757
-1879037478
-1862260201
-1845482967
-1828705737
-1811928537
-1795151404
-1778374275
-1761597150
-1744820017
-1728042897
-1711265773
-1694488595
-1677711453
-1660934275
-1644157107
-1627379941
-1610602726
-1593825538
-1577048354
-1560271168
-1543493990
-1526716805
-1509939769
-1493162748
-1476385852
-1459608944
-1442832315
-1426055463
-1409279135
-1392502960
-1375726684
-1358950468
-1342174348
-1325397846
-1308621375
-1291844712
-1275067856
-1258290812
-1241513824
-1224736612
-1207959488
-1191182304
-1174405104
-1157627900
-1140850684
-1124073468
-1107296256
-1090519040
-1073741824
-1056964608
-1040187392
-1023410176
-1006632960
-989855744
-973078528
-956301312
-939524096
-922746880
-905969664
-889192448
-872415232
-855638016
-838860800
-822083584
-805306368
-788529152
-771751936
-754974720
-738197504
-721420288
-704643072
-687865856
-671088640
-654311424
-637534208
-620756992
-603979776
-587202560
-570425344
-553648128
-536870912
-520093696
-503316480
-486539264
-469762048
-452984832
-436207616
-419430400
-402653184
-385875968
-369098752
-352321536
-335544320
-318767104
-301989888
-285212672
-268435456
-251658240
-234881024
-218103808
-201326592
-184549376
-167772160
-150994944
-134217728
-117440512
-100663296
-83886080
-67108864
-50331648
-33554432
