Type	threshold
OptoHybrid	0
VFAT2	12
min	0
max	255
step	1
n	1000000
----
slot	12
ctrl0	55
ctrl1	0
ctrl2	48
ctrl3	0
iPreampIn	168
iPremapFeed	80
iPreampOut	150
iShaper	150
iShaperFeed	100
iComp	75
chipId0	152
chipId1	254
latency	0
vthreshold1	25
vthreshold2	0
vcal	0
calphase	0
----
972519
17764636
34547817
51326339
68101243
84871570
101633602
118333395
134932319
151503763
168133783
184816966
201533666
218274048
235019866
251776618
268541184
285308336
302077635
318849077
335620417
352392965
369165527
385937895
402711874
419485057
436258827
453033465
469807826
486582480
503357637
520133367
536909245
553685834
570462055
587238765
604015448
620792005
637568848
654345179
671121420
687897578
704673278
721448976
738223692
754999145
771774410
788549298
805324633
822100351
838876345
855652560
872429083
889205850
905982761
922759847
939536869
956313896
973091041
989868101
1006645126
1023422216
1040199240
1056976300
1073753342
1090530415
1107307469
1124084586
1140861620
1157638721
1174415705
1191192794
1207969886
1224746984
1241524122
1258301287
1275078470
1291855658
1308632865
1325410070
1342187283
1358964502
1375741712
1392518930
1409296145
1426073360
1442850576
1459627792
1476405008
1493182224
1509959440
1526736656
1543513872
1560291088
1577068304
1593845520
1610622736
1627399952
1644177168
1660954384
1677731600
1694508816
1711286032
1728063248
1744840464
1761617680
1778394896
1795172112
1811949328
1828726544
1845503760
1862280976
1879058192
1895835408
1912612624
1929389840
1946167056
1962944272
1979721488
1996498704
2013275920
2030053136
2046830352
2063607568
2080384784
2097162000
2113939216
2130716432
-2147473648
-2130696432
-2113919216
-2097142000
-2080364784
-2063587568
-2046810352
-2030033136
-2013255920
-1996478704
-1979701488
-1962924272
-1946147056
-1929369840
-1912592624
-1895815408
-1879038192
-1862260976
-1845483760
-1828706544
-1811929328
-1795152112
-1778374896
-1761597680
-1744820464
-1728043248
-1711266032
-1694488816
-1677711597
-1660934383
-1644157160
-1627379949
-1610602724
-1593825500
-1577048261
-1560271018
-1543493741
-1526716463
-1509939112
-1493161749
-1476384338
-1459606808
-1442829413
-1426052040
-1409274724
-1392497569
-1375720395
-1358943422
-1342166488
-1325389480
-1308612481
-1291835380
-1275058314
-1258281166
-1241503972
-1224726764
-1207949552
-1191172336
-1174395120
-1157617904
-1140840687
-1124063471
-1107286255
-1090509037
-1073731823
-1056954608
-1040177440
-1023400568
-1006624596
-989849924
-973076020
-956300796
-939524036
-922746880
-905969664
-889192448
-872415232
-855638016
-838860800
-822083584
-805306368
-788529152
-771751936
-754974720
-738197504
-721420276
-704643060
-687865636
-671088640
-654311424
-637534208
-620756992
-603979776
-587202560
-570425344
-553648128
-536870912
-520093696
-503316480
-486539264
-469762048
-452984832
-436207616
-419430400
-402653184
-385875968
-369098752
-352321536
-335544320
-318767104
-301989888
-285212672
-268435456
-251658240
-234881024
-218103808
-201326592
-184549376
-167772160
-150994944
-134217728
-117440512
-100663296
-83886080
-67108864
-50331648
-33554432
