Type	threshold
OptoHybrid	1
VFAT2	11
min	0
max	255
step	1
n	1000000
----
slot	11
ctrl0	55
ctrl1	0
ctrl2	48
ctrl3	0
iPreampIn	168
iPremapFeed	80
iPreampOut	150
iShaper	150
iShaperFeed	100
iComp	75
chipId0	175
chipId1	254
latency	0
vthreshold1	25
vthreshold2	0
vcal	0
calphase	0
----
997801
17774405
34549240
51321579
68063452
84738208
101329333
117914836
134548415
151235335
167952576
184692770
201444089
218201902
234966652
251734168
268504103
285275768
302048637
318822867
335597788
352372590
369146882
385921331
402696316
419472018
436247762
453023904
469799912
486576243
503352415
520128851
536905151
553681923
570458383
587235138
604011650
620788093
637564683
654341108
671117402
687894041
704670309
721446699
738223398
754999691
771776080
788552651
805328970
822105145
838881438
855657817
872433991
889210509
905986420
922762794
939539139
956315710
973092508
989869350
1006646480
1023423668
1040200890
1056978180
1073755248
1090532334
1107309383
1124086336
1140863383
1157640476
1174417638
1191194804
1207971946
1224749123
1241526243
1258303323
1275080363
1291857358
1308634302
1325411274
1342188242
1358965243
1375742252
1392519329
1409296408
1426073555
1442850680
1459627848
1476405056
1493182250
1509959450
1526736660
1543513876
1560291088
1577068304
1593845520
1610622732
1627399952
1644177168
1660954384
1677731600
1694508816
1711286032
1728063248
1744840464
1761617680
1778394892
1795172100
1811949320
1828726524
1845503740
1862280940
1879058084
1895835288
1912612372
1929389428
1946166509
1962943249
1979719980
1996496564
2013273152
2030049480
2046825696
2063601804
2080378132
2097154508
2113930824
2130707460
-2147482972
-2130706052
-2113929044
-2097151888
-2080374716
-2063597544
-2046820332
-2030043128
-2013265916
-1996488704
-1979711488
-1962934272
-1946157056
-1929379840
-1912602624
-1895825408
-1879048192
-1862270976
-1845493760
-1828716544
-1811939328
-1795162112
-1778384896
-1761607680
-1744830464
-1728053248
-1711276032
-1694498816
-1677721600
-1660944384
-1644167168
-1627389952
-1610612736
-1593835520
-1577058304
-1560281088
-1543503872
-1526726656
-1509949440
-1493172224
-1476395008
-1459617792
-1442840576
-1426063360
-1409286144
-1392508928
-1375731712
-1358954496
-1342177280
-1325400064
-1308622848
-1291845632
-1275068416
-1258291200
-1241513984
-1224736768
-1207959552
-1191182336
-1174405120
-1157627904
-1140850688
-1124073472
-1107296256
-1090519040
-1073741824
-1056964608
-1040187392
-1023410176
-1006632960
-989855744
-973078528
-956301312
-939524096
-922746880
-905969664
-889192448
-872415232
-855638016
-838860800
-822083584
-805306368
-788529152
-771751936
-754974720
-738197504
-721420288
-704643072
-687865856
-671088640
-654311424
-637534208
-620756992
-603979776
-587202560
-570425344
-553648128
-536870912
-520093696
-503316480
-486539264
-469762048
-452984832
-436207616
-419430400
-402653184
-385875968
-369098752
-352321536
-335544320
-318767104
-301989888
-285212672
-268435456
-251658240
-234881024
-218103808
-201326592
-184549376
-167772160
-150994944
-134217728
-117440512
-100663296
-83886080
-67108864
-50331648
-33554432
