Type	threshold
OptoHybrid	1
VFAT2	19
min	0
max	255
step	1
n	1000000
----
slot	19
ctrl0	55
ctrl1	0
ctrl2	48
ctrl3	0
iPreampIn	168
iPremapFeed	80
iPreampOut	150
iShaper	150
iShaperFeed	100
iComp	75
chipId0	163
chipId1	254
latency	0
vthreshold1	25
vthreshold2	0
vcal	0
calphase	0
----
996114
17773339
34549804
51305243
67974327
84578559
101184129
117840306
134537348
151249189
167981780
184723495
201471694
218228721
234990206
251755756
268522783
285291444
302060370
318831647
335604122
352377221
369150876
385925145
402699195
419473708
436247979
453023210
469798618
486573712
503349601
520125425
536901508
553677595
570453889
587230064
604006428
620782953
637559215
654335185
671111153
687886886
704662650
721438171
738213785
754989722
771765266
788541711
805318142
822094821
838871513
855648527
872425667
889202823
905980102
922757310
939534625
956311985
973089348
989866681
1006643998
1023421345
1040198678
1056976032
1073753263
1090530462
1107307654
1124084846
1140862004
1157639100
1174416223
1191193349
1207970443
1224747490
1241524587
1258301660
1275078790
1291855868
1308633033
1325410181
1342187352
1358964544
1375741729
1392518946
1409296152
1426073363
1442850582
1459627792
1476405008
1493182224
1509959441
1526736656
1543513872
1560291088
1577068304
1593845520
1610622736
1627399952
1644177168
1660954384
1677731600
1694508816
1711286032
1728063248
1744840464
1761617680
1778394896
1795172108
1811949328
1828726544
1845503760
1862280968
1879058184
1895835405
1912612604
1929389816
1946167012
1962944224
1979721360
1996498476
2013275512
2030052594
2046829328
2063606184
2080383048
2097159617
2113935997
2130712264
-2147478640
-2130702467
-2113925991
-2097149652
-2080373160
-2063596504
-2046819588
-2030042756
-2013265744
-1996488640
-1979711456
-1962934232
-1946157052
-1929379836
-1912602624
-1895825404
-1879048192
-1862270976
-1845493760
-1828716544
-1811939328
-1795162112
-1778384896
-1761607680
-1744830464
-1728053248
-1711276032
-1694498816
-1677721600
-1660944384
-1644167168
-1627389952
-1610612736
-1593835520
-1577058304
-1560281088
-1543503872
-1526726656
-1509949440
-1493172224
-1476395008
-1459617792
-1442840576
-1426063360
-1409286144
-1392508928
-1375731712
-1358954496
-1342177280
-1325400064
-1308622848
-1291845632
-1275068416
-1258291200
-1241513984
-1224736768
-1207959552
-1191182336
-1174405120
-1157627904
-1140850688
-1124073472
-1107296256
-1090519040
-1073741824
-1056964608
-1040187392
-1023410176
-1006632960
-989855744
-973078528
-956301312
-939524096
-922746880
-905969664
-889192448
-872415232
-855638016
-838860800
-822083584
-805306368
-788529152
-771751936
-754974720
-738197504
-721420288
-704643072
-687865856
-671088640
-654311424
-637534208
-620756992
-603979776
-587202560
-570425344
-553648128
-536870912
-520093696
-503316480
-486539264
-469762048
-452984832
-436207616
-419430400
-402653184
-385875968
-369098752
-352321536
-335544320
-318767104
-301989888
-285212672
-268435456
-251658240
-234881024
-218103808
-201326592
-184549376
-167772160
-150994944
-134217728
-117440512
-100663296
-83886080
-67108864
-50331648
-33554432
