Type	threshold
OptoHybrid	1
VFAT2	3
min	0
max	255
step	1
n	1000000
----
slot	3
ctrl0	55
ctrl1	0
ctrl2	48
ctrl3	0
iPreampIn	168
iPremapFeed	80
iPreampOut	150
iShaper	150
iShaperFeed	100
iComp	75
chipId0	120
chipId1	250
latency	0
vthreshold1	25
vthreshold2	0
vcal	0
calphase	0
----
990797
17771082
34546500
51317754
68071696
84743812
101342466
117937693
134579664
151270169
167985970
184718589
201467318
218219175
234980719
251746745
268515682
285285470
302057030
318829644
335602535
352377159
369151494
385925904
402700501
419475548
436250832
453026660
469802569
486578703
503355178
520131840
536908491
553685299
570461968
587238626
604015075
620791445
637567619
654343714
671119489
687895392
704671134
721446727
738222400
754997751
771773730
788549373
805325707
822101915
838878081
855654625
872430769
889207480
905983994
922760364
939536870
956313606
973090265
989867073
1006643875
1023420852
1040197848
1056974894
1073751974
1090529144
1107306295
1124083506
1140860702
1157637908
1174415126
1191192337
1207969553
1224746768
1241523985
1258301200
1275078416
1291855632
1308632848
1325410064
1342187280
1358964496
1375741712
1392518928
1409296144
1426073360
1442850576
1459627792
1476405008
1493182224
1509959440
1526736656
1543513872
1560291088
1577068304
1593845520
1610622736
1627399952
1644177168
1660954384
1677731600
1694508816
1711286032
1728063248
1744840464
1761617680
1778394896
1795172112
1811949328
1828726544
1845503760
1862280976
1879058192
1895835408
1912612624
1929389840
1946167056
1962944272
1979721488
1996498704
2013275920
2030053136
2046830352
2063607568
2080384784
2097162000
2113939216
2130716432
-2147473648
-2130696432
-2113919216
-2097142000
-2080364784
-2063587568
-2046810352
-2030033136
-2013255920
-1996478703
-1979701488
-1962924271
-1946147054
-1929369839
-1912592623
-1895815403
-1879038180
-1862260956
-1845483728
-1828706486
-1811929218
-1795151925
-1778374636
-1761597287
-1744819942
-1728042637
-1711265352
-1694488211
-1677711080
-1660933962
-1644156900
-1627379788
-1610602633
-1593825466
-1577048288
-1560271081
-1543493872
-1526716656
-1509939440
-1493162224
-1476385008
-1459607792
-1442830576
-1426053360
-1409276144
-1392498928
-1375721712
-1358944496
-1342167280
-1325390064
-1308612848
-1291835632
-1275058416
-1258281200
-1241503984
-1224726768
-1207949552
-1191172336
-1174395120
-1157617904
-1140840688
-1124063472
-1107286256
-1090509040
-1073731824
-1056954608
-1040177392
-1023400176
-1006622960
-989845744
-973068528
-956291312
-939514096
-922736880
-905959664
-889182448
-872405236
-855628066
-838851868
-822080120
-805306124
-788529148
-771751936
-754974720
-738197504
-721420288
-704643072
-687865856
-671088640
-654311424
-637534208
-620756992
-603979776
-587202560
-570425344
-553648128
-536870912
-520093696
-503316480
-486539264
-469762048
-452984832
-436207616
-419430400
-402653184
-385875968
-369098752
-352321536
-335544320
-318767104
-301989888
-285212672
-268435456
-251658240
-234881024
-218103808
-201326592
-184549376
-167772160
-150994944
-134217728
-117440512
-100663296
-83886080
-67108864
-50331648
-33554432
