Type	threshold
OptoHybrid	1
VFAT2	11
min	0
max	255
step	1
n	1000000
----
slot	11
ctrl0	55
ctrl1	0
ctrl2	48
ctrl3	0
iPreampIn	168
iPremapFeed	80
iPreampOut	150
iShaper	150
iShaperFeed	100
iComp	75
chipId0	175
chipId1	254
latency	0
vthreshold1	25
vthreshold2	0
vcal	0
calphase	0
----
997778
17774471
34549407
51319533
68055577
84726365
101307855
117892445
134536960
151227955
167951963
184694020
201445308
218204227
234968228
251735401
268505323
285276719
302049080
318823219
335597894
352372322
369146651
385921296
402696536
419472110
436248088
453024041
469800313
486576557
503352667
520128975
536905310
553681878
570458415
587235209
604011751
620788509
637564773
654341057
671117365
687893795
704670414
721446704
738223378
754999705
771776250
788552624
805328953
822105224
838881560
855657728
872434057
889210526
905986684
922762838
939539220
956315726
973092321
989869290
1006646319
1023423504
1040200752
1056977988
1073755179
1090532210
1107309279
1124086289
1140863316
1157640441
1174417591
1191194788
1207971961
1224749125
1241526284
1258303338
1275080396
1291857417
1308634344
1325411281
1342188264
1358965281
1375742302
1392519350
1409296473
1426073562
1442850704
1459627877
1476405062
1493182255
1509959463
1526736667
1543513873
1560291090
1577068309
1593845520
1610622736
1627399952
1644177168
1660954384
1677731600
1694508816
1711286032
1728063248
1744840464
1761617681
1778394900
1795172108
1811949328
1828726528
1845503744
1862280952
1879058152
1895835356
1912612476
1929389524
1946166597
1962943572
1979720540
1996497160
2013273620
2030049978
2046826220
2063602604
2080378792
2097154756
2113931272
2130707920
-2147482616
-2130705860
-2113928896
-2097151803
-2080374696
-2063597540
-2046820332
-2030043120
-2013265916
-1996488704
-1979711488
-1962934268
-1946157056
-1929379840
-1912602624
-1895825408
-1879048187
-1862270976
-1845493760
-1828716544
-1811939328
-1795162112
-1778384896
-1761607680
-1744830464
-1728053248
-1711276032
-1694498816
-1677721600
-1660944384
-1644167168
-1627389952
-1610612736
-1593835520
-1577058304
-1560281088
-1543503872
-1526726656
-1509949440
-1493172224
-1476395008
-1459617792
-1442840576
-1426063360
-1409286144
-1392508928
-1375731712
-1358954496
-1342177280
-1325400064
-1308622848
-1291845632
-1275068416
-1258291196
-1241513984
-1224736768
-1207959552
-1191182336
-1174405120
-1157627899
-1140850688
-1124073472
-1107296256
-1090519040
-1073741824
-1056964608
-1040187392
-1023410176
-1006632960
-989855744
-973078528
-956301312
-939524096
-922746880
-905969664
-889192448
-872415228
-855638016
-838860800
-822083584
-805306368
-788529152
-771751936
-754974720
-738197504
-721420288
-704643072
-687865856
-671088640
-654311424
-637534208
-620756992
-603979776
-587202560
-570425344
-553648128
-536870912
-520093696
-503316480
-486539264
-469762048
-452984832
-436207612
-419430400
-402653184
-385875968
-369098752
-352321536
-335544320
-318767104
-301989888
-285212672
-268435456
-251658240
-234881024
-218103808
-201326592
-184549376
-167772160
-150994944
-134217728
-117440512
-100663296
-83886080
-67108864
-50331648
-33554432
