Type	threshold
OptoHybrid	1
VFAT2	11
min	0
max	255
step	1
n	1000000
----
slot	11
ctrl0	55
ctrl1	0
ctrl2	48
ctrl3	0
iPreampIn	168
iPremapFeed	80
iPreampOut	150
iShaper	150
iShaperFeed	100
iComp	75
chipId0	175
chipId1	254
latency	0
vthreshold1	25
vthreshold2	0
vcal	0
calphase	0
----
997733
17774359
34549384
51321787
68065538
84741869
101336301
117921014
134555483
151241903
167958186
184698143
201447331
218204991
234968294
251735055
268504435
285275813
302048765
318823204
335598097
352372347
369146779
385921204
402696313
419472036
436247704
453023742
469799884
486576241
503352518
520128738
536905123
553681708
570458130
587235080
604011697
620788369
637564777
654340973
671117547
687894060
704670484
721446907
738223351
754999742
771776297
788552503
805328830
822105268
838881453
855657788
872434134
889210345
905986523
922762967
939539252
956315741
973092488
989869239
1006646461
1023423710
1040200939
1056978131
1073755233
1090532377
1107309359
1124086297
1140863336
1157640444
1174417628
1191194784
1207971944
1224749124
1241526250
1258303340
1275080396
1291857341
1308634302
1325411238
1342188236
1358965236
1375742295
1392519344
1409296422
1426073564
1442850696
1459627889
1476405045
1493182246
1509959448
1526736662
1543513875
1560291092
1577068304
1593845520
1610622736
1627399952
1644177168
1660954384
1677731600
1694508816
1711286032
1728063248
1744840464
1761617680
1778394896
1795172108
1811949316
1828726528
1845503744
1862280917
1879058116
1895835280
1912612420
1929389376
1946166416
1962943332
1979719984
1996496764
2013273176
2030049632
2046825953
2063602188
2080378152
2097154460
2113930984
2130707540
-2147482980
-2130706020
-2113928988
-2097151888
-2080374720
-2063597560
-2046820340
-2030043116
-2013265920
-1996488704
-1979711488
-1962934272
-1946157056
-1929379840
-1912602624
-1895825408
-1879048192
-1862270976
-1845493760
-1828716544
-1811939328
-1795162112
-1778384896
-1761607680
-1744830464
-1728053248
-1711276032
-1694498816
-1677721600
-1660944384
-1644167168
-1627389952
-1610612736
-1593835520
-1577058304
-1560281088
-1543503872
-1526726656
-1509949440
-1493172224
-1476395008
-1459617792
-1442840576
-1426063360
-1409286144
-1392508928
-1375731712
-1358954496
-1342177280
-1325400064
-1308622848
-1291845632
-1275068416
-1258291200
-1241513984
-1224736768
-1207959552
-1191182336
-1174405120
-1157627904
-1140850688
-1124073472
-1107296256
-1090519040
-1073741824
-1056964608
-1040187392
-1023410176
-1006632960
-989855744
-973078528
-956301312
-939524096
-922746880
-905969664
-889192448
-872415232
-855638016
-838860800
-822083584
-805306368
-788529152
-771751936
-754974720
-738197504
-721420288
-704643072
-687865856
-671088640
-654311424
-637534208
-620756992
-603979776
-587202560
-570425344
-553648128
-536870912
-520093696
-503316480
-486539264
-469762048
-452984832
-436207616
-419430400
-402653184
-385875968
-369098752
-352321536
-335544320
-318767104
-301989888
-285212672
-268435456
-251658240
-234881024
-218103808
-201326592
-184549376
-167772160
-150994944
-134217728
-117440512
-100663296
-83886080
-67108864
-50331648
-33554432
