Type	threshold
OptoHybrid	1
VFAT2	20
min	0
max	255
step	1
n	1000000
----
slot	20
ctrl0	55
ctrl1	0
ctrl2	48
ctrl3	0
iPreampIn	168
iPremapFeed	80
iPreampOut	150
iShaper	150
iShaperFeed	100
iComp	75
chipId0	132
chipId1	250
latency	0
vthreshold1	25
vthreshold2	0
vcal	0
calphase	0
----
999393
17776592
34549409
51298332
67979078
84669551
101360004
118064740
134810330
151552268
168299749
185046907
201808333
218560934
235308684
252053404
268823716
285591017
302353930
319106836
335874499
352637530
369405043
386163686
402924885
419692616
436455127
453216980
469984404
486750571
503514438
520284116
537054314
553820059
570594069
587369187
604139253
620902232
637671257
654445938
671219023
687988024
704757890
721531713
738302999
755077106
771849466
788622092
805394679
822168279
838941692
855715028
872488009
889261925
906035351
922808906
939583530
956357125
973130294
989906119
1006679390
1023454863
1040229738
1057004250
1073779907
1090553490
1107328848
1124106204
1140880602
1157655560
1174430650
1191206204
1207982537
1224759408
1241535647
1258311779
1275088288
1291862917
1308638849
1325414148
1342190775
1358966693
1375742692
1392519390
1409296711
1426073253
1442849755
1459626510
1476403135
1493179652
1509956233
1526733462
1543509925
1560285774
1577062959
1593840177
1610617757
1627394164
1644171329
1660947576
1677724946
1694501617
1711278780
1728055816
1744832934
1761609957
1778387209
1795163615
1811941013
1828717992
1845494843
1862272054
1879049195
1895826100
1912603288
1929380571
1946157561
1962934763
1979712084
1996489176
2013266361
2030043474
2046820673
2063597973
2080375104
2097152219
2113929424
2130706637
-2147483467
-2130706295
-2113929110
-2097151892
-2080374640
-2063597487
-2046820228
-2030043020
-2013265864
-1996488639
-1979711385
-1962934236
-1946156992
-1929379807
-1912602567
-1895825376
-1879048156
-1862270952
-1845493732
-1828716527
-1811939312
-1795162100
-1778384864
-1761607664
-1744830444
-1728053229
-1711276016
-1694498804
-1677721592
-1660944376
-1644167164
-1627389948
-1610612736
-1593835520
-1577058304
-1560281088
-1543503868
-1526726656
-1509949436
-1493172224
-1476395008
-1459617792
-1442840576
-1426063360
-1409286144
-1392508928
-1375731712
-1358954496
-1342177280
-1325400064
-1308622848
-1291845632
-1275068416
-1258291200
-1241513984
-1224736768
-1207959552
-1191182336
-1174405120
-1157627904
-1140850688
-1124073472
-1107296256
-1090519040
-1073741824
-1056964608
-1040187392
-1023410176
-1006632960
-989855744
-973078528
-956301312
-939524096
-922746880
-905969664
-889192448
-872415232
-855638016
-838860800
-822083584
-805306368
-788529152
-771751936
-754974720
-738197504
-721420288
-704643072
-687865856
-671088640
-654311424
-637534208
-620756992
-603979776
-587202560
-570425344
-553648128
-536870912
-520093696
-503316480
-486539264
-469762048
-452984832
-436207616
-419430400
-402653184
-385875968
-369098752
-352321536
-335544320
-318767104
-301989888
-285212672
-268435456
-251658240
-234881024
-218103808
-201326592
-184549376
-167772160
-150994944
-134217728
-117440512
-100663296
-83886080
-67108864
-50331648
-33554432
