Type	threshold
OptoHybrid	1
VFAT2	13
min	0
max	255
step	1
n	1000000
----
slot	13
ctrl0	55
ctrl1	0
ctrl2	48
ctrl3	0
iPreampIn	168
iPremapFeed	80
iPreampOut	150
iShaper	150
iShaperFeed	100
iComp	75
chipId0	116
chipId1	254
latency	0
vthreshold1	25
vthreshold2	0
vcal	0
calphase	0
----
993843
17774947
34552835
51325931
68072390
84757537
101376560
117987331
134630446
151312594
168026568
184759472
201501686
218254576
235011805
251773064
268539353
285306773
302075978
318846581
335617183
352388827
369161178
385933211
402705993
419479955
436254426
453029539
469805148
486581311
503357279
520134028
536910647
553687296
570464100
587240898
604017321
620794091
637570524
654346907
671122644
687898640
704674914
721450485
738225776
755001025
771776128
788551338
805327035
822102348
838878395
855654549
872430756
889207025
905983871
922760857
939537477
956314651
973091363
989868626
1006645622
1023422715
1040199850
1056976916
1073754050
1090531143
1107308226
1124085360
1140862436
1157639576
1174416789
1191193930
1207971181
1224748459
1241525759
1258303086
1275080374
1291857673
1308635003
1325412280
1342189558
1358966836
1375744101
1392521329
1409298563
1426075769
1442852992
1459630171
1476407343
1493184558
1509961741
1526738949
1543516167
1560293407
1577070611
1593847868
1610625109
1627402340
1644179568
1660956794
1677734013
1694511275
1711288479
1728065694
1744842869
1761620039
1778397177
1795174267
1811951340
1828728393
1845505485
1862282486
1879059534
1895836587
1912613589
1929390560
1946167609
1962944667
1979721735
1996498862
2013275992
2030053183
2046830381
2063607581
2080384789
2097162003
2113939217
2130716432
-2147473648
-2130696432
-2113919216
-2097142000
-2080364784
-2063587568
-2046810352
-2030033136
-2013255920
-1996478704
-1979701488
-1962924272
-1946147056
-1929369840
-1912592624
-1895815408
-1879038192
-1862260976
-1845483760
-1828706544
-1811929328
-1795152112
-1778374896
-1761597680
-1744820464
-1728043248
-1711266032
-1694488816
-1677711600
-1660934384
-1644157168
-1627379952
-1610602736
-1593825520
-1577048304
-1560271088
-1543493872
-1526716656
-1509939440
-1493162224
-1476385008
-1459607792
-1442830576
-1426053360
-1409276144
-1392498928
-1375721712
-1358944496
-1342167284
-1325390076
-1308612860
-1291835692
-1275058528
-1258281464
-1241504540
-1224727960
-1207951616
-1191175704
-1174399744
-1157623936
-1140848184
-1124072004
-1107295632
-1090518844
-1073741780
-1056964576
-1040187392
-1023410176
-1006632960
-989855744
-973078528
-956301312
-939524096
-922746880
-905969664
-889192448
-872415232
-855638016
-838860800
-822083584
-805306368
-788529152
-771751936
-754974720
-738197504
-721420288
-704643072
-687865856
-671088640
-654311424
-637534208
-620756992
-603979776
-587202560
-570425344
-553648128
-536870912
-520093696
-503316480
-486539264
-469762048
-452984832
-436207616
-419430400
-402653184
-385875968
-369098752
-352321536
-335544320
-318767104
-301989888
-285212672
-268435456
-251658240
-234881024
-218103808
-201326592
-184549376
-167772160
-150994944
-134217728
-117440512
-100663296
-83886080
-67108864
-50331648
-33554432
