Type	threshold
OptoHybrid	1
VFAT2	13
min	0
max	255
step	1
n	1000000
----
slot	13
ctrl0	55
ctrl1	0
ctrl2	48
ctrl3	0
iPreampIn	168
iPremapFeed	80
iPreampOut	150
iShaper	150
iShaperFeed	100
iComp	75
chipId0	116
chipId1	254
latency	0
vthreshold1	25
vthreshold2	0
vcal	0
calphase	0
----
993612
17775019
34553178
51325611
68072605
84759734
101379568
117986430
134631827
151312393
168025768
184758544
201501600
218255794
235011290
251773445
268538679
285306586
302075813
318845995
335617259
352389088
369160415
385933308
402706509
419479901
436254325
453029415
469804862
486581298
503357515
520134002
536910704
553687380
570463993
587240812
604017409
620793741
637570602
654346965
671123018
687899076
704674801
721450639
738225751
755000933
771775800
788551617
805327283
822102307
838878397
855654422
872430818
889207229
905983809
922760624
939537634
956314440
973091485
989868582
1006645688
1023422717
1040199835
1056976932
1073753996
1090531106
1107308203
1124085352
1140862435
1157639576
1174416740
1191193941
1207971166
1224748458
1241525754
1258303073
1275080364
1291857697
1308634980
1325412238
1342189548
1358966832
1375744066
1392521337
1409298546
1426075780
1442852953
1459630169
1476407346
1493184513
1509961711
1526738970
1543516149
1560293384
1577070618
1593847824
1610625107
1627402338
1644179564
1660956801
1677734046
1694511281
1711288460
1728065678
1744842870
1761620012
1778397162
1795174258
1811950877
1828728423
1845505491
1862282533
1879059575
1895836608
1912613554
1929390585
1946167629
1962944667
1979721727
1996498871
2013276008
2030053187
2046830383
2063607580
2080384791
2097162002
2113939219
2130716432
-2147473648
-2130696432
-2113919216
-2097142000
-2080364784
-2063587568
-2046810352
-2030033136
-2013255920
-1996478704
-1979701488
-1962924272
-1946147056
-1929369840
-1912592624
-1895815408
-1879038192
-1862260976
-1845483760
-1828706544
-1811929328
-1795152112
-1778374896
-1761597680
-1744820464
-1728043248
-1711266032
-1694488816
-1677711600
-1660934384
-1644157168
-1627379952
-1610602736
-1593825520
-1577048304
-1560271088
-1543493872
-1526716656
-1509939440
-1493162224
-1476385008
-1459607792
-1442830576
-1426053359
-1409276144
-1392498932
-1375721712
-1358944500
-1342167284
-1325390064
-1308612860
-1291835676
-1275058512
-1258281376
-1241504420
-1224727804
-1207951472
-1191175464
-1174399580
-1157623588
-1140847724
-1124071788
-1107295608
-1090518800
-1073741728
-1056964600
-1040187392
-1023410176
-1006632960
-989855744
-973078528
-956301312
-939524096
-922746880
-905969664
-889192448
-872415232
-855638016
-838860800
-822083584
-805306368
-788529152
-771751936
-754974720
-738197504
-721420288
-704643072
-687865856
-671088640
-654311424
-637534208
-620756992
-603979776
-587202560
-570425344
-553648128
-536870912
-520093696
-503316480
-486539264
-469762048
-452984832
-436207616
-419430400
-402653184
-385875968
-369098752
-352321536
-335544320
-318767104
-301989888
-285212672
-268435456
-251658240
-234881024
-218103808
-201326592
-184549376
-167772160
-150994944
-134217728
-117440512
-100663296
-83886080
-67108864
-50331648
-33554432
