Type	threshold
OptoHybrid	1
VFAT2	4
min	0
max	255
step	1
n	1000000
----
slot	4
ctrl0	55
ctrl1	0
ctrl2	48
ctrl3	0
iPreampIn	168
iPremapFeed	80
iPreampOut	150
iShaper	150
iShaperFeed	100
iComp	75
chipId0	180
chipId1	254
latency	0
vthreshold1	25
vthreshold2	0
vcal	0
calphase	0
----
984860
17769355
34549441
51320940
68065620
84749200
101373708
117979763
134616387
151304308
168017921
184753411
201498624
218245292
235002898
251766548
268535220
285304404
302076216
318846588
335619743
352393200
369166805
385940822
402715069
419491606
436266910
453042482
469818408
486590841
503369616
520145478
536921035
553697291
570473424
587249938
604025920
620802892
637578080
654354078
671130623
687907458
704684571
721461307
738238958
755014415
771790784
788568671
805345957
822122064
838900670
855677334
872453174
889230087
906006467
922782657
939559330
956336048
973113194
989890169
1006667178
1023443682
1040220941
1056996450
1073773482
1090548990
1107324951
1124100775
1140877375
1157652299
1174430784
1191207356
1207984128
1224760688
1241536984
1258313728
1275091009
1291867393
1308644308
1325421415
1342197749
1358974953
1375751165
1392527969
1409304619
1426080185
1442857160
1459633676
1476410149
1493186688
1509963397
1526740315
1543517028
1560294028
1577071255
1593848264
1610625348
1627402522
1644179716
1660956936
1677734116
1694511344
1711288520
1728065752
1744842968
1761620184
1778397396
1795174612
1811951828
1828729044
1845506260
1862283476
1879060692
1895837908
1912615124
1929392340
1946169556
1962946772
1979723988
1996501204
2013278420
2030055636
2046832852
2063610068
2080387284
2097164500
2113941716
2130718932
-2147471148
-2130693932
-2113916716
-2097139500
-2080362284
-2063585068
-2046807852
-2030030636
-2013253420
-1996476204
-1979698988
-1962921772
-1946144556
-1929367340
-1912590124
-1895812908
-1879035692
-1862258476
-1845481260
-1828704044
-1811926828
-1795149612
-1778372396
-1761595180
-1744817964
-1728040748
-1711263532
-1694486316
-1677709100
-1660931884
-1644154668
-1627377452
-1610600236
-1593823020
-1577045804
-1560268588
-1543491372
-1526714156
-1509936940
-1493159724
-1476382508
-1459605292
-1442828076
-1426050860
-1409273644
-1392496428
-1375719212
-1358941996
-1342164780
-1325387564
-1308610348
-1291833132
-1275055916
-1258278700
-1241501484
-1224724268
-1207947052
-1191169836
-1174392620
-1157615404
-1140838188
-1124060972
-1107283756
-1090506540
-1073729324
-1056952108
-1040174892
-1023397676
-1006620460
-989843244
-973066028
-956288812
-939511596
-922734380
-905957164
-889179948
-872402732
-855625516
-838848300
-822071084
-805293852
-788516808
-771739391
-754962236
-738184972
-721410273
-704631834
-687855176
-671076309
-654301627
-637526861
-620747600
-603974536
-587202188
-570425344
-553648128
-536870912
-520093696
-503316480
-486539264
-469762048
-452984832
-436207616
-419430400
-402653184
-385875968
-369098752
-352321536
-335544320
-318767104
-301989888
-285212672
-268435456
-251658240
-234881024
-218103808
-201326592
-184549376
-167772160
-150994944
-134217728
-117440512
-100663296
-83886080
-67108864
-50331648
-33554432
