Type	threshold
OptoHybrid	1
VFAT2	5
min	0
max	255
step	1
n	1000000
----
slot	5
ctrl0	55
ctrl1	0
ctrl2	48
ctrl3	0
iPreampIn	168
iPremapFeed	80
iPreampOut	150
iShaper	150
iShaperFeed	100
iComp	75
chipId0	151
chipId1	254
latency	0
vthreshold1	25
vthreshold2	0
vcal	0
calphase	0
----
983542
17767560
34548354
51327021
68104175
84871717
101601565
118192178
134737624
151358553
168038409
184759687
201498385
218247712
235007105
251770315
268537557
285308304
302079315
318851936
335623817
352397679
369170527
385943976
402717587
419491209
436264836
453038486
469812431
486586494
503360802
520135138
536909999
553684614
570459909
587235242
604011516
620787379
637563910
654339946
671116448
687892791
704669005
721445083
738221294
754997168
771773056
788548663
805324702
822100575
838876554
855652540
872428432
889205063
905981570
922758405
939535127
956312007
973089025
989866115
1006643197
1023420348
1040197498
1056974680
1073751868
1090529072
1107306276
1124083488
1140860700
1157637916
1174415128
1191192336
1207969556
1224746772
1241523984
1258301200
1275078416
1291855632
1308632848
1325410064
1342187280
1358964496
1375741712
1392518928
1409296144
1426073360
1442850576
1459627792
1476405008
1493182224
1509959440
1526736656
1543513872
1560291088
1577068304
1593845520
1610622736
1627399952
1644177168
1660954384
1677731600
1694508816
1711286032
1728063248
1744840464
1761617680
1778394896
1795172112
1811949328
1828726544
1845503760
1862280976
1879058192
1895835408
1912612624
1929389840
1946167056
1962944272
1979721488
1996498704
2013275920
2030053136
2046830352
2063607568
2080384784
2097162000
2113939216
2130716432
-2147473648
-2130696432
-2113919216
-2097142000
-2080364784
-2063587568
-2046810352
-2030033136
-2013255920
-1996478704
-1979701488
-1962924272
-1946147056
-1929369840
-1912592624
-1895815408
-1879038192
-1862260976
-1845483760
-1828706544
-1811929328
-1795152112
-1778374896
-1761597680
-1744820464
-1728043248
-1711266032
-1694488816
-1677711600
-1660934384
-1644157168
-1627379952
-1610602736
-1593825520
-1577048304
-1560271088
-1543493872
-1526716656
-1509939440
-1493162224
-1476385008
-1459607792
-1442830576
-1426053360
-1409276144
-1392498928
-1375721712
-1358944496
-1342167280
-1325390064
-1308612848
-1291835632
-1275058416
-1258281200
-1241503984
-1224726768
-1207949552
-1191172336
-1174395124
-1157617904
-1140840692
-1124063472
-1107286256
-1090509052
-1073731872
-1056954732
-1040177652
-1023400940
-1006624768
-989850076
-973075840
-956300436
-939523896
-922746844
-905969656
-889192448
-872415232
-855638016
-838860800
-822083584
-805306368
-788529152
-771751936
-754974720
-738197504
-721420288
-704643072
-687865856
-671088640
-654311424
-637534208
-620756992
-603979776
-587202560
-570425344
-553648128
-536870912
-520093696
-503316480
-486539264
-469762048
-452984832
-436207616
-419430400
-402653184
-385875968
-369098752
-352321536
-335544320
-318767104
-301989888
-285212672
-268435456
-251658240
-234881024
-218103808
-201326592
-184549376
-167772160
-150994944
-134217728
-117440512
-100663296
-83886080
-67108864
-50331648
-33554432
