Type	threshold
OptoHybrid	1
VFAT2	11
min	0
max	255
step	1
n	1000000
----
slot	11
ctrl0	55
ctrl1	0
ctrl2	48
ctrl3	0
iPreampIn	168
iPremapFeed	80
iPreampOut	150
iShaper	150
iShaperFeed	100
iComp	75
chipId0	175
chipId1	254
latency	0
vthreshold1	25
vthreshold2	0
vcal	0
calphase	0
----
997764
17774433
34549422
51321657
68066240
84742479
101338521
117926163
134554681
151244944
167961278
184697857
201448957
218205006
234968342
251735696
268504636
285275573
302048895
318823174
335597798
352372581
369146665
385921262
402696487
419471728
436247614
453023716
469799986
486576044
503352367
520128865
536905158
553681811
570458334
587234947
604011627
620788293
637564786
654341097
671117567
687894106
704670431
721446827
738223277
754999761
771776275
788552532
805328977
822105120
838881602
855657891
872434071
889210455
905986763
922762927
939539218
956315667
973092397
989869384
1006646569
1023423650
1040200993
1056978063
1073755259
1090532274
1107309332
1124086373
1140863379
1157640479
1174417593
1191194807
1207971966
1224749112
1241526271
1258303333
1275080330
1291857390
1308634306
1325411221
1342188237
1358965225
1375742268
1392519319
1409296414
1426073530
1442850710
1459627878
1476405044
1493182240
1509959447
1526736665
1543513872
1560291088
1577068305
1593845520
1610622736
1627399952
1644177168
1660954384
1677731600
1694508816
1711286032
1728063248
1744840460
1761617680
1778394896
1795172104
1811949328
1828726544
1845503748
1862280924
1879058092
1895835228
1912612384
1929389440
1946166476
1962943248
1979720232
1996496820
2013273248
2030049388
2046825660
2063601877
2080378084
2097154428
2113930792
2130707452
-2147483020
-2130706076
-2113929004
-2097151876
-2080374744
-2063597524
-2046820340
-2030043128
-2013265912
-1996488704
-1979711488
-1962934272
-1946157056
-1929379840
-1912602624
-1895825408
-1879048192
-1862270976
-1845493760
-1828716544
-1811939328
-1795162112
-1778384896
-1761607680
-1744830464
-1728053248
-1711276032
-1694498816
-1677721600
-1660944384
-1644167168
-1627389952
-1610612736
-1593835520
-1577058304
-1560281088
-1543503872
-1526726656
-1509949440
-1493172224
-1476395008
-1459617792
-1442840576
-1426063360
-1409286144
-1392508928
-1375731712
-1358954496
-1342177280
-1325400064
-1308622848
-1291845632
-1275068416
-1258291200
-1241513984
-1224736768
-1207959552
-1191182336
-1174405120
-1157627904
-1140850688
-1124073472
-1107296256
-1090519040
-1073741824
-1056964608
-1040187392
-1023410176
-1006632960
-989855744
-973078528
-956301312
-939524096
-922746880
-905969664
-889192448
-872415232
-855638016
-838860800
-822083584
-805306368
-788529152
-771751936
-754974720
-738197504
-721420288
-704643072
-687865856
-671088640
-654311424
-637534208
-620756992
-603979776
-587202560
-570425344
-553648128
-536870912
-520093696
-503316480
-486539264
-469762048
-452984832
-436207616
-419430400
-402653184
-385875968
-369098752
-352321536
-335544320
-318767104
-301989888
-285212672
-268435456
-251658240
-234881024
-218103808
-201326592
-184549376
-167772160
-150994944
-134217728
-117440512
-100663296
-83886080
-67108864
-50331648
-33554432
