Type	threshold
OptoHybrid	1
VFAT2	5
min	0
max	255
step	1
n	1000000
----
slot	5
ctrl0	55
ctrl1	0
ctrl2	48
ctrl3	0
iPreampIn	168
iPremapFeed	80
iPreampOut	150
iShaper	150
iShaperFeed	100
iComp	75
chipId0	151
chipId1	254
latency	0
vthreshold1	25
vthreshold2	0
vcal	0
calphase	0
----
984289
17767909
34548282
51327015
68103881
84868712
101582522
118183050
134719840
151345348
168028165
184752067
201491974
218244921
235004750
251768621
268536670
285306809
302077972
318850981
335623700
352396476
369169304
385942656
402716429
419489561
436263505
453036990
469810770
486585144
503359257
520133872
536908750
553683606
570458804
587234821
604010593
620786858
637563171
654339451
671115588
687892063
704668098
721444379
738220086
754996096
771771819
788547853
805323727
822099554
838875716
855651594
872427949
889204566
905981277
922758031
939534930
956311856
973088987
989865998
1006643206
1023420316
1040197536
1056974688
1073751865
1090529076
1107306268
1124083488
1140860700
1157637912
1174415124
1191192340
1207969556
1224746774
1241523989
1258301200
1275078416
1291855632
1308632848
1325410064
1342187285
1358964496
1375741712
1392518928
1409296148
1426073360
1442850576
1459627792
1476405008
1493182224
1509959440
1526736656
1543513872
1560291088
1577068304
1593845520
1610622740
1627399952
1644177168
1660954384
1677731600
1694508824
1711286032
1728063248
1744840464
1761617680
1778394896
1795172112
1811949328
1828726548
1845503760
1862280976
1879058192
1895835408
1912612625
1929389840
1946167056
1962944272
1979721488
1996498708
2013275920
2030053136
2046830352
2063607568
2080384784
2097162000
2113939216
2130716436
-2147473648
-2130696432
-2113919216
-2097142000
-2080364784
-2063587568
-2046810352
-2030033136
-2013255920
-1996478704
-1979701488
-1962924272
-1946147056
-1929369840
-1912592624
-1895815408
-1879038192
-1862260976
-1845483760
-1828706544
-1811929328
-1795152112
-1778374896
-1761597680
-1744820464
-1728043248
-1711266032
-1694488816
-1677711600
-1660934380
-1644157168
-1627379952
-1610602736
-1593825520
-1577048304
-1560271088
-1543493872
-1526716656
-1509939436
-1493162224
-1476385008
-1459607792
-1442830568
-1426053360
-1409276144
-1392498924
-1375721712
-1358944496
-1342167280
-1325390064
-1308612848
-1291835632
-1275058416
-1258281200
-1241503984
-1224726768
-1207949552
-1191172336
-1174395124
-1157617904
-1140840692
-1124063484
-1107286284
-1090509100
-1073731936
-1056954868
-1040178092
-1023401768
-1006626640
-989852276
-973077228
-956300956
-939524012
-922746856
-905969664
-889192448
-872415232
-855638016
-838860800
-822083584
-805306368
-788529152
-771751936
-754974720
-738197504
-721420288
-704643072
-687865856
-671088640
-654311424
-637534208
-620756992
-603979776
-587202560
-570425344
-553648128
-536870912
-520093696
-503316480
-486539264
-469762048
-452984832
-436207616
-419430400
-402653184
-385875968
-369098752
-352321536
-335544320
-318767104
-301989888
-285212672
-268435456
-251658240
-234881024
-218103808
-201326592
-184549376
-167772160
-150994944
-134217728
-117440512
-100663296
-83886080
-67108864
-50331648
-33554432
