Type	threshold
OptoHybrid	1
VFAT2	12
min	0
max	255
step	1
n	1000000
----
slot	12
ctrl0	55
ctrl1	0
ctrl2	48
ctrl3	0
iPreampIn	168
iPremapFeed	80
iPreampOut	150
iShaper	150
iShaperFeed	100
iComp	75
chipId0	99
chipId1	254
latency	0
vthreshold1	25
vthreshold2	0
vcal	0
calphase	0
----
995239
17773897
34550156
51322103
68055805
84683108
101248232
117847665
134506667
151213293
167940392
184682800
201436016
218195812
234961703
251731080
268502560
285275049
302048647
318822620
335596470
352369927
369143979
385917821
402692393
419467560
436243307
453019159
469795132
486571276
503347803
520124059
536900678
553677417
570454135
587230894
604007206
620783951
637560396
654336959
671113532
687890059
704666522
721443100
738219492
754995676
771772071
788548105
805324301
822100030
838876568
855652906
872429399
889206098
905983007
922759846
939536927
956314013
973091127
989868283
1006645464
1023422694
1040199888
1056977090
1073754305
1090531521
1107308732
1124085934
1140863157
1157640346
1174417547
1191194756
1207971942
1224749095
1241526251
1258303391
1275080513
1291857598
1308634684
1325411809
1342188875
1358965964
1375743025
1392520047
1409297148
1426074214
1442851267
1459628340
1476405438
1493182506
1509959660
1526736780
1543513971
1560291169
1577068378
1593845596
1610622856
1627400106
1644177329
1660954576
1677731812
1694509065
1711286253
1728063486
1744840647
1761617766
1778394889
1795171956
1811948735
1828725669
1845502389
1862279039
1879055696
1895832093
1912608560
1929384771
1946161362
1962937619
1979714051
1996490651
2013267237
2030044217
2046821121
2063598025
2080375144
2097152192
2113929352
2130706524
-2147483596
-2130706404
-2113929188
-2097151992
-2080374784
-2063597568
-2046820352
-2030043132
-2013265920
-1996488704
-1979711488
-1962934272
-1946157056
-1929379840
-1912602624
-1895825408
-1879048192
-1862270976
-1845493760
-1828716544
-1811939328
-1795162112
-1778384896
-1761607680
-1744830464
-1728053248
-1711276032
-1694498816
-1677721600
-1660944384
-1644167168
-1627389952
-1610612736
-1593835520
-1577058304
-1560281088
-1543503872
-1526726656
-1509949440
-1493172224
-1476395008
-1459617792
-1442840576
-1426063360
-1409286144
-1392508928
-1375731712
-1358954496
-1342177280
-1325400064
-1308622848
-1291845632
-1275068416
-1258291200
-1241513984
-1224736768
-1207959552
-1191182336
-1174405120
-1157627904
-1140850688
-1124073472
-1107296256
-1090519040
-1073741824
-1056964608
-1040187392
-1023410176
-1006632960
-989855744
-973078528
-956301312
-939524096
-922746880
-905969664
-889192448
-872415232
-855638016
-838860800
-822083584
-805306368
-788529152
-771751936
-754974720
-738197504
-721420288
-704643072
-687865856
-671088640
-654311424
-637534208
-620756992
-603979776
-587202560
-570425344
-553648128
-536870912
-520093696
-503316480
-486539264
-469762048
-452984832
-436207616
-419430400
-402653184
-385875968
-369098752
-352321536
-335544320
-318767104
-301989888
-285212672
-268435456
-251658240
-234881024
-218103808
-201326592
-184549376
-167772160
-150994944
-134217728
-117440512
-100663296
-83886080
-67108864
-50331648
-33554432
