Type	threshold
OptoHybrid	1
VFAT2	5
min	0
max	255
step	1
n	1000000
----
slot	5
ctrl0	55
ctrl1	0
ctrl2	48
ctrl3	0
iPreampIn	168
iPremapFeed	80
iPreampOut	150
iShaper	150
iShaperFeed	100
iComp	75
chipId0	151
chipId1	254
latency	0
vthreshold1	25
vthreshold2	0
vcal	0
calphase	0
----
983382
17767613
34548010
51326952
68103756
84872167
101597159
118193571
134737431
151359717
168037463
184759210
201499287
218247951
235006448
251771251
268538265
285308451
302079335
318851925
335623977
352397101
369170252
385943856
402717988
419491325
436265057
453038915
469812734
486586395
503360662
520135209
536909516
553684827
570459762
587235614
604011428
620787572
637564088
654340007
671116309
687892956
704669093
721445170
738221297
754997247
771772932
788548705
805324867
822100636
838876463
855652521
872428638
889205196
905981472
922758298
939535138
956312105
973089033
989866110
1006643237
1023420372
1040197525
1056974690
1073751893
1090529068
1107306276
1124083484
1140860692
1157637908
1174415120
1191192340
1207969556
1224746768
1241523984
1258301200
1275078416
1291855632
1308632848
1325410064
1342187280
1358964496
1375741712
1392518928
1409296144
1426073360
1442850576
1459627820
1476405008
1493182228
1509959440
1526736656
1543513872
1560291088
1577068304
1593845520
1610622736
1627399952
1644177168
1660954384
1677731600
1694508816
1711286032
1728063248
1744840464
1761617680
1778394896
1795172112
1811949328
1828726544
1845503760
1862280976
1879058192
1895835408
1912612624
1929389840
1946167056
1962944272
1979721488
1996498704
2013275920
2030053136
2046830352
2063607568
2080384784
2097162000
2113939216
2130716432
-2147473648
-2130696432
-2113919216
-2097142000
-2080364784
-2063587568
-2046810352
-2030033136
-2013255920
-1996478704
-1979701488
-1962924272
-1946147056
-1929369840
-1912592624
-1895815408
-1879038192
-1862260976
-1845483760
-1828706544
-1811929328
-1795152112
-1778374896
-1761597680
-1744820464
-1728043248
-1711266032
-1694488816
-1677711600
-1660934384
-1644157168
-1627379952
-1610602736
-1593825520
-1577048304
-1560271088
-1543493872
-1526716656
-1509939440
-1493162224
-1476385008
-1459607792
-1442830576
-1426053360
-1409276144
-1392498928
-1375721712
-1358944496
-1342167280
-1325390064
-1308612848
-1291835632
-1275058416
-1258281200
-1241503984
-1224726768
-1207949552
-1191172336
-1174395120
-1157617908
-1140840688
-1124063476
-1107286256
-1090509060
-1073731868
-1056954752
-1040177684
-1023400808
-1006624784
-989849936
-973075652
-956300556
-939523880
-922746836
-905969664
-889192448
-872415232
-855638016
-838860800
-822083584
-805306368
-788529152
-771751936
-754974720
-738197504
-721420288
-704643072
-687865856
-671088640
-654311424
-637534208
-620756992
-603979776
-587202560
-570425344
-553648128
-536870912
-520093696
-503316480
-486539264
-469762048
-452984832
-436207616
-419430400
-402653184
-385875968
-369098752
-352321536
-335544320
-318767104
-301989888
-285212672
-268435456
-251658240
-234881024
-218103808
-201326592
-184549376
-167772160
-150994944
-134217728
-117440512
-100663296
-83886080
-67108864
-50331648
-33554432
