Type	threshold
OptoHybrid	1
VFAT2	13
min	0
max	255
step	1
n	1000000
----
slot	13
ctrl0	55
ctrl1	0
ctrl2	48
ctrl3	0
iPreampIn	168
iPremapFeed	80
iPreampOut	150
iShaper	150
iShaperFeed	100
iComp	75
chipId0	116
chipId1	254
latency	0
vthreshold1	25
vthreshold2	0
vcal	0
calphase	0
----
993295
17774784
34553096
51326126
68072019
84757627
101380318
117989037
134626377
151312389
168025814
184757881
201501643
218253846
235010502
251773298
268538547
285307016
302076041
318846536
335617335
352388878
369160548
385933122
402705943
419479715
436254066
453029468
469805006
486581252
503357473
520134114
536910571
553687343
570464157
587240766
604017286
620794147
637570521
654347038
671123025
687899218
704675072
721450756
738225617
755000905
771776342
788551339
805326887
822102574
838878224
855654238
872430500
889207166
905983743
922760634
939537570
956314541
973091464
989868529
1006645611
1023422780
1040199830
1056976930
1073754045
1090531123
1107308207
1124085340
1140862437
1157639596
1174416755
1191193965
1207971193
1224748456
1241525721
1258303009
1275080339
1291857668
1308635002
1325412318
1342189576
1358966823
1375744097
1392521319
1409298546
1426075776
1442852980
1459630172
1476407354
1493184539
1509961747
1526738948
1543516174
1560293386
1577070620
1593847847
1610625096
1627402319
1644179542
1660956849
1677734043
1694511279
1711288520
1728065684
1744842869
1761620086
1778397163
1795174308
1811951328
1828728411
1845505493
1862282518
1879059578
1895836599
1912613600
1929390620
1946167645
1962944697
1979721762
1996498891
2013276010
2030053180
2046830382
2063607589
2080384789
2097162005
2113939216
2130716432
-2147473648
-2130696432
-2113919216
-2097142000
-2080364784
-2063587568
-2046810352
-2030033136
-2013255920
-1996478704
-1979701488
-1962924272
-1946147056
-1929369840
-1912592624
-1895815408
-1879038192
-1862260976
-1845483760
-1828706544
-1811929328
-1795152112
-1778374896
-1761597680
-1744820464
-1728043248
-1711266032
-1694488816
-1677711600
-1660934384
-1644157168
-1627379952
-1610602736
-1593825520
-1577048304
-1560271088
-1543493872
-1526716656
-1509939440
-1493162224
-1476385008
-1459607792
-1442830576
-1426053364
-1409276144
-1392498928
-1375721712
-1358944495
-1342167283
-1325390072
-1308612868
-1291835672
-1275058476
-1258281380
-1241504392
-1224727676
-1207951344
-1191175440
-1174399400
-1157623508
-1140847804
-1124071760
-1107295408
-1090518792
-1073741776
-1056964584
-1040187392
-1023410176
-1006632960
-989855744
-973078528
-956301312
-939524096
-922746880
-905969664
-889192448
-872415232
-855638016
-838860800
-822083584
-805306368
-788529152
-771751936
-754974720
-738197504
-721420288
-704643072
-687865856
-671088640
-654311424
-637534208
-620756992
-603979776
-587202560
-570425344
-553648128
-536870912
-520093696
-503316480
-486539264
-469762048
-452984832
-436207616
-419430400
-402653184
-385875968
-369098752
-352321536
-335544320
-318767104
-301989888
-285212672
-268435456
-251658240
-234881024
-218103808
-201326592
-184549376
-167772160
-150994944
-134217728
-117440512
-100663296
-83886080
-67108864
-50331648
-33554432
