Type	threshold
OptoHybrid	1
VFAT2	20
min	0
max	255
step	1
n	1000000
----
slot	20
ctrl0	55
ctrl1	0
ctrl2	48
ctrl3	0
iPreampIn	168
iPremapFeed	80
iPreampOut	150
iShaper	150
iShaperFeed	100
iComp	75
chipId0	132
chipId1	250
latency	0
vthreshold1	25
vthreshold2	0
vcal	0
calphase	0
----
999209
17776518
34550971
51304256
68000927
84675368
101353169
118080008
134737953
151514742
168285769
185039093
201801867
218544044
235296589
251929748
268821528
285582626
302340293
319088132
335856008
352629402
369388039
386146504
402913229
419674034
436451643
453207157
469969706
486739603
503509832
520245018
537048769
553816279
570587639
587354796
604124533
620895788
637667671
654440448
671213129
687986232
704758027
721531461
738303674
755077433
771850545
788624419
805397289
822171170
838942842
855717310
872491052
889264867
906037853
922813353
939588010
956363940
973138985
989911125
1006686853
1023459713
1040233116
1057010452
1073785205
1090561042
1107334973
1124109957
1140885124
1157660009
1174435089
1191209324
1207987136
1224760198
1241536193
1258313212
1275087653
1291863534
1308638905
1325414433
1342192639
1358968379
1375743825
1392520777
1409296808
1426073504
1442850075
1459627232
1476403696
1493179883
1509957087
1526733774
1543510241
1560287750
1577064201
1593841305
1610617892
1627394577
1644171574
1660948168
1677725301
1694502259
1711279083
1728056055
1744833000
1761609838
1778386881
1795163957
1811941090
1828717817
1845495251
1862272178
1879049630
1895826603
1912603805
1929380978
1946158236
1962935201
1979712434
1996489515
2013266581
2030043752
2046820936
2063598132
2080375169
2097152320
2113929481
2130706738
-2147483396
-2130706258
-2113928993
-2097151844
-2080374634
-2063597421
-2046820288
-2030042968
-2013265796
-1996488614
-1979711418
-1962934208
-1946156996
-1929379780
-1912602583
-1895825368
-1879048132
-1862270960
-1845493735
-1828716528
-1811939308
-1795162086
-1778384884
-1761607676
-1744830449
-1728053240
-1711276028
-1694498808
-1677721600
-1660944384
-1644167160
-1627389948
-1610612728
-1593835516
-1577058300
-1560281066
-1543503868
-1526726656
-1509949440
-1493172216
-1476395004
-1459617792
-1442840576
-1426063360
-1409286140
-1392508928
-1375731712
-1358954496
-1342177280
-1325400064
-1308622848
-1291845632
-1275068416
-1258291200
-1241513984
-1224736768
-1207959552
-1191182336
-1174405120
-1157627904
-1140850688
-1124073472
-1107296256
-1090519040
-1073741824
-1056964608
-1040187392
-1023410176
-1006632960
-989855744
-973078528
-956301312
-939524096
-922746880
-905969664
-889192448
-872415232
-855638016
-838860800
-822083584
-805306368
-788529152
-771751936
-754974720
-738197504
-721420288
-704643072
-687865856
-671088640
-654311424
-637534208
-620756992
-603979776
-587202560
-570425344
-553648128
-536870912
-520093696
-503316480
-486539264
-469762048
-452984832
-436207616
-419430400
-402653184
-385875968
-369098752
-352321536
-335544320
-318767104
-301989888
-285212672
-268435456
-251658240
-234881024
-218103808
-201326592
-184549376
-167772160
-150994944
-134217728
-117440512
-100663296
-83886080
-67108864
-50331648
-33554432
