Type	threshold
OptoHybrid	1
VFAT2	13
min	0
max	255
step	1
n	1000000
----
slot	13
ctrl0	55
ctrl1	0
ctrl2	48
ctrl3	0
iPreampIn	168
iPremapFeed	80
iPreampOut	150
iShaper	150
iShaperFeed	100
iComp	75
chipId0	116
chipId1	254
latency	0
vthreshold1	25
vthreshold2	0
vcal	0
calphase	0
----
993649
17774831
34553010
51325658
68070677
84756773
101374903
117985369
134627541
151310085
168025849
184757425
201500807
218253955
235010334
251773288
268538274
285306446
302075254
318846020
335616697
352389050
369160623
385933575
402706245
419480115
436254391
453029517
469805052
486581256
503357298
520134063
536910749
553687472
570464314
587240819
604017319
620794110
637570746
654346867
671123165
687898833
704675033
721450150
738225426
755001078
771776946
788551559
805326730
822102479
838878375
855654501
872430719
889207175
905983938
922760640
939537431
956314541
973091486
989868558
1006645613
1023422727
1040199806
1056976962
1073754065
1090531170
1107308233
1124085365
1140862442
1157639613
1174416754
1191193956
1207971208
1224748462
1241525792
1258303070
1275080383
1291857693
1308634991
1325412284
1342189554
1358966856
1375744085
1392521340
1409298567
1426075784
1442852976
1459630177
1476407350
1493184556
1509961723
1526738927
1543516171
1560293401
1577070619
1593847849
1610625107
1627402344
1644179554
1660956804
1677734056
1694511303
1711288480
1728065686
1744842857
1761620011
1778397161
1795174234
1811951341
1828728375
1845505457
1862282522
1879059536
1895836571
1912613552
1929390555
1946167603
1962944683
1979721747
1996498856
2013276015
2030053181
2046830375
2063607581
2080384793
2097162001
2113939216
2130716433
-2147473648
-2130696432
-2113919216
-2097142000
-2080364784
-2063587568
-2046810352
-2030033136
-2013255920
-1996478704
-1979701488
-1962924272
-1946147056
-1929369840
-1912592624
-1895815408
-1879038192
-1862260976
-1845483760
-1828706544
-1811929328
-1795152112
-1778374896
-1761597680
-1744820464
-1728043248
-1711266032
-1694488816
-1677711600
-1660934384
-1644157168
-1627379952
-1610602736
-1593825520
-1577048304
-1560271088
-1543493872
-1526716656
-1509939440
-1493162224
-1476385008
-1459607792
-1442830576
-1426053360
-1409276144
-1392498928
-1375721712
-1358944496
-1342167280
-1325390076
-1308612868
-1291835692
-1275058508
-1258281460
-1241504652
-1224728036
-1207951940
-1191175836
-1174400128
-1157624220
-1140848340
-1124072172
-1107295700
-1090518884
-1073741768
-1056964604
-1040187388
-1023410172
-1006632960
-989855744
-973078528
-956301312
-939524096
-922746880
-905969664
-889192448
-872415232
-855638016
-838860800
-822083584
-805306368
-788529152
-771751936
-754974720
-738197504
-721420288
-704643072
-687865856
-671088640
-654311424
-637534208
-620756992
-603979776
-587202560
-570425344
-553648128
-536870912
-520093696
-503316480
-486539264
-469762048
-452984832
-436207616
-419430400
-402653184
-385875968
-369098752
-352321536
-335544320
-318767104
-301989888
-285212672
-268435456
-251658240
-234881024
-218103808
-201326592
-184549376
-167772160
-150994944
-134217728
-117440512
-100663296
-83886080
-67108864
-50331648
-33554432
