Type	threshold
OptoHybrid	1
VFAT2	19
min	0
max	255
step	1
n	1000000
----
slot	19
ctrl0	55
ctrl1	0
ctrl2	48
ctrl3	0
iPreampIn	168
iPremapFeed	80
iPreampOut	150
iShaper	150
iShaperFeed	100
iComp	75
chipId0	163
chipId1	254
latency	0
vthreshold1	25
vthreshold2	0
vcal	0
calphase	0
----
996174
17773351
34549802
51306554
67973630
84577051
101188831
117839878
134536579
151253780
167982816
184724479
201472359
218228770
234990490
251755811
268523536
285291741
302060917
318831273
335603957
352377620
369151351
385925079
402699191
419473387
436248033
453023032
469798285
486573744
503349556
520125389
536901356
553677512
570453760
587230097
604006642
620782742
637559215
654335204
671111232
687886994
704662462
721438330
738213708
754989495
771765377
788541637
805318057
822094677
838871655
855648594
872425613
889202906
905980037
922757289
939534671
956311976
973089296
989866650
1006644064
1023421379
1040198658
1056975943
1073753241
1090530499
1107307686
1124084865
1140862042
1157639115
1174416241
1191193329
1207970438
1224747542
1241524579
1258301692
1275078756
1291855847
1308633010
1325410170
1342187338
1358964546
1375741734
1392518948
1409296150
1426073367
1442850578
1459627794
1476405009
1493182224
1509959440
1526736656
1543513872
1560291088
1577068304
1593845520
1610622736
1627399952
1644177168
1660954384
1677731600
1694508816
1711286032
1728063248
1744840464
1761617680
1778394896
1795172112
1811949328
1828726544
1845503760
1862280976
1879058184
1895835404
1912612608
1929389820
1946167012
1962944209
1979721360
1996498420
2013275541
2030052521
2046829366
2063606278
2080382974
2097159505
2113935952
2130712300
-2147478684
-2130702464
-2113926200
-2097149600
-2080373244
-2063596544
-2046819764
-2030042780
-2013265716
-1996488596
-1979711464
-1962934248
-1946157052
-1929379840
-1912602624
-1895825408
-1879048192
-1862270976
-1845493760
-1828716544
-1811939328
-1795162112
-1778384896
-1761607680
-1744830464
-1728053248
-1711276032
-1694498816
-1677721600
-1660944384
-1644167168
-1627389952
-1610612736
-1593835520
-1577058304
-1560281088
-1543503872
-1526726656
-1509949440
-1493172224
-1476395008
-1459617792
-1442840576
-1426063360
-1409286144
-1392508928
-1375731712
-1358954496
-1342177280
-1325400064
-1308622848
-1291845632
-1275068416
-1258291200
-1241513984
-1224736768
-1207959552
-1191182336
-1174405120
-1157627904
-1140850688
-1124073472
-1107296256
-1090519040
-1073741824
-1056964608
-1040187392
-1023410176
-1006632960
-989855744
-973078528
-956301312
-939524096
-922746880
-905969664
-889192448
-872415232
-855638016
-838860800
-822083584
-805306368
-788529152
-771751936
-754974720
-738197504
-721420288
-704643072
-687865856
-671088640
-654311424
-637534208
-620756992
-603979776
-587202560
-570425344
-553648128
-536870912
-520093696
-503316480
-486539264
-469762048
-452984832
-436207616
-419430400
-402653184
-385875968
-369098752
-352321536
-335544320
-318767104
-301989888
-285212672
-268435456
-251658240
-234881024
-218103808
-201326592
-184549376
-167772160
-150994944
-134217728
-117440512
-100663296
-83886080
-67108864
-50331648
-33554432
