Type	threshold
OptoHybrid	1
VFAT2	19
min	0
max	255
step	1
n	1000000
----
slot	19
ctrl0	55
ctrl1	0
ctrl2	48
ctrl3	0
iPreampIn	168
iPremapFeed	80
iPreampOut	150
iShaper	150
iShaperFeed	100
iComp	75
chipId0	163
chipId1	254
latency	0
vthreshold1	25
vthreshold2	0
vcal	0
calphase	0
----
996041
17773383
34549714
51304861
67972003
84571911
101185066
117841445
134531202
151251265
167982552
184720288
201471642
218228339
234989519
251755357
268523427
285291728
302060570
318831791
335603714
352377560
369151645
385925135
402699180
419473445
436248120
453022793
469798582
486573733
503349672
520125521
536901490
553677490
570453763
587230044
604006462
620782669
637559027
654335084
671110902
687886834
704662319
721438197
738213608
754989257
771765400
788541413
805318085
822094678
838871529
855648605
872425665
889202890
905980076
922757339
939534651
956311984
973089337
989866659
1006644035
1023421367
1040198684
1056975961
1073753255
1090530478
1107307708
1124084856
1140861981
1157639078
1174416205
1191193361
1207970408
1224747477
1241524579
1258301667
1275078745
1291855880
1308633015
1325410175
1342187363
1358964528
1375741731
1392518943
1409296149
1426073364
1442850578
1459627792
1476405009
1493182224
1509959441
1526736656
1543513872
1560291088
1577068304
1593845520
1610622736
1627399952
1644177168
1660954384
1677731600
1694508816
1711286032
1728063248
1744840464
1761617680
1778394892
1795172112
1811949328
1828726544
1845503760
1862280972
1879058184
1895835392
1912612600
1929389820
1946166992
1962944201
1979721393
1996498500
2013275520
2030052560
2046829484
2063606264
2080382902
2097159528
2113935784
2130712288
-2147478832
-2130702384
-2113926192
-2097149732
-2080373216
-2063596496
-2046819728
-2030042820
-2013265748
-1996488620
-1979711456
-1962934248
-1946157048
-1929379824
-1912602620
-1895825408
-1879048192
-1862270976
-1845493760
-1828716544
-1811939328
-1795162112
-1778384896
-1761607680
-1744830464
-1728053248
-1711276032
-1694498816
-1677721600
-1660944384
-1644167168
-1627389952
-1610612736
-1593835520
-1577058304
-1560281088
-1543503872
-1526726656
-1509949440
-1493172224
-1476395008
-1459617792
-1442840576
-1426063360
-1409286144
-1392508928
-1375731712
-1358954496
-1342177280
-1325400064
-1308622848
-1291845632
-1275068416
-1258291200
-1241513984
-1224736768
-1207959552
-1191182336
-1174405120
-1157627904
-1140850688
-1124073472
-1107296256
-1090519040
-1073741824
-1056964608
-1040187392
-1023410176
-1006632960
-989855744
-973078528
-956301312
-939524096
-922746880
-905969664
-889192448
-872415232
-855638016
-838860800
-822083584
-805306368
-788529152
-771751936
-754974720
-738197504
-721420288
-704643072
-687865856
-671088640
-654311424
-637534208
-620756992
-603979776
-587202560
-570425344
-553648128
-536870912
-520093696
-503316480
-486539264
-469762048
-452984832
-436207616
-419430400
-402653184
-385875968
-369098752
-352321536
-335544320
-318767104
-301989888
-285212672
-268435456
-251658240
-234881024
-218103808
-201326592
-184549376
-167772160
-150994944
-134217728
-117440512
-100663296
-83886080
-67108864
-50331648
-33554432
