Type	threshold
OptoHybrid	1
VFAT2	11
min	0
max	255
step	1
n	1000000
----
slot	11
ctrl0	55
ctrl1	0
ctrl2	48
ctrl3	0
iPreampIn	168
iPremapFeed	80
iPreampOut	150
iShaper	150
iShaperFeed	100
iComp	75
chipId0	175
chipId1	254
latency	0
vthreshold1	25
vthreshold2	0
vcal	0
calphase	0
----
997789
17774436
34549378
51321686
68065037
84739682
101327908
117913148
134551253
151233104
167955186
184694210
201444950
218203931
234967961
251734550
268504911
285275549
302048343
318822938
335597720
352372649
369146923
385921477
402696579
419472167
436247828
453023688
469799631
486576104
503352361
520128646
536905090
553681856
570458235
587235115
604011752
620788203
637564592
654340972
671117588
687893807
704670325
721446805
738223352
754999843
771776132
788552477
805328870
822105188
838881332
855657717
872434084
889210395
905986596
922762912
939539050
956315705
973092485
989869378
1006646494
1023423753
1040200921
1056978084
1073755223
1090532226
1107309303
1124086284
1140863340
1157640510
1174417635
1191194784
1207971942
1224749108
1241526225
1258303336
1275080331
1291857366
1308634301
1325411289
1342188223
1358965214
1375742262
1392519349
1409296397
1426073550
1442850692
1459627869
1476405046
1493182246
1509959448
1526736662
1543513873
1560291089
1577068304
1593845521
1610622736
1627399952
1644177168
1660954384
1677731600
1694508816
1711286032
1728063248
1744840464
1761617676
1778394896
1795172108
1811949308
1828726536
1845503744
1862280924
1879058100
1895835272
1912612405
1929389472
1946166380
1962943257
1979720064
1996496576
2013273252
2030049292
2046825608
2063601600
2080378049
2097154444
2113930876
2130707468
-2147482984
-2130706032
-2113929024
-2097151896
-2080374736
-2063597536
-2046820340
-2030043124
-2013265916
-1996488704
-1979711488
-1962934272
-1946157056
-1929379840
-1912602624
-1895825408
-1879048192
-1862270976
-1845493760
-1828716544
-1811939328
-1795162112
-1778384896
-1761607680
-1744830464
-1728053248
-1711276032
-1694498816
-1677721600
-1660944384
-1644167168
-1627389952
-1610612736
-1593835520
-1577058304
-1560281088
-1543503872
-1526726656
-1509949440
-1493172224
-1476395008
-1459617792
-1442840576
-1426063360
-1409286144
-1392508928
-1375731712
-1358954496
-1342177280
-1325400064
-1308622848
-1291845632
-1275068416
-1258291200
-1241513984
-1224736768
-1207959552
-1191182336
-1174405120
-1157627904
-1140850688
-1124073472
-1107296256
-1090519040
-1073741824
-1056964608
-1040187392
-1023410176
-1006632960
-989855744
-973078528
-956301312
-939524096
-922746880
-905969664
-889192448
-872415232
-855638016
-838860800
-822083584
-805306368
-788529152
-771751936
-754974720
-738197504
-721420288
-704643072
-687865856
-671088640
-654311424
-637534208
-620756992
-603979776
-587202560
-570425344
-553648128
-536870912
-520093696
-503316480
-486539264
-469762048
-452984832
-436207616
-419430400
-402653184
-385875968
-369098752
-352321536
-335544320
-318767104
-301989888
-285212672
-268435456
-251658240
-234881024
-218103808
-201326592
-184549376
-167772160
-150994944
-134217728
-117440512
-100663296
-83886080
-67108864
-50331648
-33554432
