Type	threshold
OptoHybrid	1
VFAT2	20
min	0
max	255
step	1
n	1000000
----
slot	20
ctrl0	55
ctrl1	0
ctrl2	48
ctrl3	0
iPreampIn	168
iPremapFeed	80
iPreampOut	150
iShaper	150
iShaperFeed	100
iComp	75
chipId0	132
chipId1	250
latency	0
vthreshold1	25
vthreshold2	0
vcal	0
calphase	0
----
999567
17776631
34551467
51305768
68000239
84679329
101366815
118066309
134792090
151532912
168263588
185023349
201754813
218522090
235266195
252004057
268766296
285527148
302295333
319060172
335836798
352585403
369345251
386110873
402881637
419649264
436410649
453175285
469913060
486715205
503489849
520258833
537031466
553804924
570577640
587349360
604119889
620892787
637665765
654438573
671211709
687985968
704758923
721532525
738306276
755079152
771852436
788625280
805399275
822172178
838945179
855719271
872493896
889267389
906041477
922815449
939588126
956363731
973138939
989911344
1006686934
1023459936
1040234574
1057010170
1073784715
1090559461
1107334605
1124109636
1140884777
1157661057
1174436577
1191213170
1207988589
1224763660
1241539563
1258314379
1275090615
1291866577
1308642346
1325417656
1342194320
1358971369
1375747382
1392523415
1409299153
1426076651
1442853113
1459630066
1476407363
1493183110
1509959687
1526735448
1543511805
1560288435
1577065521
1593841426
1610618525
1627395874
1644172295
1660949417
1677725420
1694502456
1711279139
1728056391
1744832981
1761610495
1778387106
1795164202
1811941106
1828718691
1845495641
1862272502
1879049630
1895826779
1912603879
1929381130
1946158091
1962935545
1979712586
1996489648
2013266676
2030044048
2046821144
2063598341
2080375500
2097152590
2113929586
2130706809
-2147483291
-2130706076
-2113928974
-2097151782
-2080374564
-2063597418
-2046820190
-2030043024
-2013265846
-1996488620
-1979711424
-1962934230
-1946157010
-1929379796
-1912602577
-1895825367
-1879048156
-1862270936
-1845493728
-1828716497
-1811939288
-1795162084
-1778384872
-1761607660
-1744830444
-1728053228
-1711276028
-1694498808
-1677721592
-1660944364
-1644167164
-1627389952
-1610612728
-1593835520
-1577058304
-1560281080
-1543503866
-1526726656
-1509949436
-1493172224
-1476395008
-1459617792
-1442840572
-1426063360
-1409286144
-1392508928
-1375731712
-1358954496
-1342177280
-1325400064
-1308622848
-1291845632
-1275068416
-1258291200
-1241513984
-1224736768
-1207959552
-1191182336
-1174405120
-1157627904
-1140850688
-1124073472
-1107296256
-1090519040
-1073741824
-1056964608
-1040187392
-1023410176
-1006632960
-989855744
-973078528
-956301312
-939524096
-922746880
-905969664
-889192448
-872415232
-855638016
-838860800
-822083584
-805306368
-788529152
-771751936
-754974720
-738197504
-721420288
-704643072
-687865856
-671088640
-654311424
-637534208
-620756992
-603979776
-587202560
-570425344
-553648128
-536870912
-520093696
-503316480
-486539264
-469762048
-452984832
-436207616
-419430400
-402653184
-385875968
-369098752
-352321536
-335544320
-318767104
-301989888
-285212672
-268435456
-251658240
-234881024
-218103808
-201326592
-184549376
-167772160
-150994944
-134217728
-117440512
-100663296
-83886080
-67108864
-50331648
-33554432
