Type	threshold
OptoHybrid	1
VFAT2	20
min	0
max	255
step	1
n	1000000
----
slot	20
ctrl0	55
ctrl1	0
ctrl2	48
ctrl3	0
iPreampIn	168
iPremapFeed	80
iPreampOut	150
iShaper	150
iShaperFeed	100
iComp	75
chipId0	132
chipId1	250
latency	0
vthreshold1	25
vthreshold2	0
vcal	0
calphase	0
----
999563
17776661
34551558
51306621
68006414
84664013
101367415
118076438
134805611
151549157
168269451
185036631
201797252
218518764
235312328
252063118
268829381
285586448
302350808
319113542
335870753
352568897
369390076
386159804
402925345
419682530
436460215
453226020
469983410
486751717
503517026
520274824
537048761
553815663
570587893
587356127
604125543
620899784
637671791
654442888
671213756
687988729
704758986
721532364
738304867
755078453
771850586
788622476
805395963
822170473
838942255
855716706
872489327
889262488
906035590
922809922
939583019
956357454
973131946
989908756
1006681919
1023455168
1040230788
1057007179
1073780266
1090553166
1107328863
1124107022
1140880101
1157656331
1174431898
1191207737
1207984475
1224760957
1241536025
1258313028
1275087542
1291864627
1308640768
1325416667
1342192713
1358968465
1375744955
1392522368
1409298632
1426073788
1442850078
1459627395
1476403873
1493180794
1509956356
1526733256
1543510383
1560286757
1577063151
1593839959
1610616836
1627393275
1644170558
1660947457
1677724848
1694501895
1711278846
1728056028
1744832941
1761609972
1778386931
1795163930
1811941283
1828718401
1845495335
1862272221
1879049629
1895826498
1912603663
1929380678
1946157796
1962934866
1979711960
1996489218
2013266408
2030043590
2046820766
2063597900
2080375179
2097152204
2113929443
2130706689
-2147483438
-2130706191
-2113929028
-2097151863
-2080374640
-2063597438
-2046820206
-2030043034
-2013265836
-1996488639
-1979711422
-1962934222
-1946157024
-1929379828
-1912602592
-1895825376
-1879048176
-1862270968
-1845493744
-1828716528
-1811939302
-1795162096
-1778384892
-1761607676
-1744830460
-1728053240
-1711276020
-1694498816
-1677721596
-1660944384
-1644167168
-1627389948
-1610612736
-1593835520
-1577058304
-1560281088
-1543503872
-1526726656
-1509949440
-1493172224
-1476395008
-1459617792
-1442840576
-1426063360
-1409286144
-1392508928
-1375731712
-1358954496
-1342177280
-1325400064
-1308622848
-1291845632
-1275068416
-1258291200
-1241513984
-1224736768
-1207959552
-1191182336
-1174405120
-1157627904
-1140850688
-1124073472
-1107296256
-1090519040
-1073741824
-1056964608
-1040187392
-1023410176
-1006632960
-989855744
-973078528
-956301312
-939524096
-922746880
-905969664
-889192448
-872415232
-855638016
-838860800
-822083584
-805306368
-788529152
-771751936
-754974720
-738197504
-721420288
-704643072
-687865856
-671088640
-654311424
-637534208
-620756992
-603979776
-587202560
-570425344
-553648128
-536870912
-520093696
-503316480
-486539264
-469762048
-452984832
-436207616
-419430400
-402653184
-385875968
-369098752
-352321536
-335544320
-318767104
-301989888
-285212672
-268435456
-251658240
-234881024
-218103808
-201326592
-184549376
-167772160
-150994944
-134217728
-117440512
-100663296
-83886080
-67108864
-50331648
-33554432
