Type	threshold
OptoHybrid	1
VFAT2	13
min	0
max	255
step	1
n	1000000
----
slot	13
ctrl0	55
ctrl1	0
ctrl2	48
ctrl3	0
iPreampIn	168
iPremapFeed	80
iPreampOut	150
iShaper	150
iShaperFeed	100
iComp	75
chipId0	116
chipId1	254
latency	0
vthreshold1	25
vthreshold2	0
vcal	0
calphase	0
----
994274
17775100
34552816
51322645
68060773
84732429
101350236
117964919
134611886
151300714
168019684
184752127
201497097
218250130
235008724
251771538
268537976
285305815
302074866
318845331
335616723
352387972
369159962
385932511
402705562
419479407
436254009
453028858
469804774
486580996
503357302
520133839
536910536
553687373
570463939
587240705
604017268
620793948
637570343
654346781
671122933
687898705
704674491
721450222
738225329
755000439
771775709
788551025
805326352
822102123
838878011
855654106
872430603
889207100
905983757
922760617
939537436
956314426
973091461
989868565
1006645603
1023422671
1040199819
1056976926
1073754041
1090531126
1107308209
1124085380
1140862456
1157639630
1174416815
1191194005
1207971250
1224748460
1241525790
1258303073
1275080402
1291857708
1308634988
1325412296
1342189609
1358966846
1375744075
1392521316
1409298543
1426075744
1442852965
1459630142
1476407311
1493184511
1509961709
1526738913
1543516151
1560293370
1577070613
1593847822
1610625075
1627402316
1644179577
1660956808
1677734021
1694511255
1711288459
1728065663
1744842815
1761619959
1778397092
1795174161
1811951295
1828728342
1845505400
1862282405
1879059454
1895836478
1912613490
1929390521
1946167552
1962944627
1979721693
1996498834
2013276002
2030053192
2046830370
2063607574
2080384787
2097162007
2113939216
2130716432
-2147473644
-2130696432
-2113919216
-2097142000
-2080364784
-2063587568
-2046810348
-2030033136
-2013255920
-1996478704
-1979701488
-1962924272
-1946147056
-1929369840
-1912592624
-1895815408
-1879038192
-1862260976
-1845483760
-1828706540
-1811929328
-1795152112
-1778374896
-1761597680
-1744820464
-1728043248
-1711266028
-1694488816
-1677711600
-1660934384
-1644157168
-1627379952
-1610602736
-1593825520
-1577048304
-1560271088
-1543493872
-1526716656
-1509939440
-1493162220
-1476385008
-1459607792
-1442830575
-1426053360
-1409276144
-1392498932
-1375721712
-1358944496
-1342167284
-1325390080
-1308612888
-1291835748
-1275058600
-1258281696
-1241504860
-1224728524
-1207952572
-1191176608
-1174400759
-1157624848
-1140848940
-1124072620
-1107295920
-1090518952
-1073741804
-1056964604
-1040187392
-1023410176
-1006632960
-989855744
-973078528
-956301312
-939524096
-922746880
-905969664
-889192448
-872415232
-855638016
-838860800
-822083584
-805306368
-788529152
-771751936
-754974720
-738197504
-721420288
-704643072
-687865856
-671088640
-654311424
-637534208
-620756992
-603979770
-587202560
-570425344
-553648128
-536870912
-520093696
-503316480
-486539264
-469762048
-452984832
-436207616
-419430400
-402653184
-385875968
-369098752
-352321536
-335544320
-318767104
-301989888
-285212672
-268435456
-251658240
-234881024
-218103808
-201326592
-184549376
-167772160
-150994944
-134217728
-117440512
-100663296
-83886080
-67108864
-50331648
-33554432
