Type	threshold
OptoHybrid	1
VFAT2	19
min	0
max	255
step	1
n	1000000
----
slot	19
ctrl0	55
ctrl1	0
ctrl2	48
ctrl3	0
iPreampIn	168
iPremapFeed	80
iPreampOut	150
iShaper	150
iShaperFeed	100
iComp	75
chipId0	163
chipId1	254
latency	0
vthreshold1	25
vthreshold2	0
vcal	0
calphase	0
----
996080
17773214
34549891
51306361
67973952
84574259
101187668
117842077
134533107
151252024
167982382
184721931
201471849
218228547
234989769
251755769
268523019
285291479
302060890
318831698
335603715
352377388
369151120
385925113
402699118
419473211
436248130
453023151
469798378
486573739
503349814
520125405
536901482
553677512
570454026
587230100
604006613
620782870
637559018
654335081
671111184
687887029
704662558
721438198
738213567
754989528
771765518
788541441
805318115
822094715
838871595
855648603
872425644
889202783
905980082
922757329
939534622
956311980
973089326
989866668
1006644043
1023421364
1040198690
1056975976
1073753246
1090530483
1107307754
1124084873
1140862026
1157639140
1174416209
1191193308
1207970471
1224747504
1241524592
1258301669
1275078777
1291855875
1308633025
1325410158
1342187342
1358964537
1375741740
1392518948
1409296149
1426073364
1442850577
1459627796
1476405008
1493182224
1509959440
1526736656
1543513872
1560291088
1577068304
1593845520
1610622736
1627399952
1644177168
1660954384
1677731600
1694508816
1711286032
1728063248
1744840464
1761617680
1778394896
1795172112
1811949328
1828726544
1845503760
1862280976
1879058184
1895835400
1912612600
1929389800
1946167012
1962944196
1979721349
1996498465
2013275532
2030052553
2046829525
2063606280
2080382910
2097159408
2113935936
2130712321
-2147478564
-2130702247
-2113926059
-2097149692
-2080373188
-2063596552
-2046819692
-2030042736
-2013265756
-1996488636
-1979711448
-1962934260
-1946157048
-1929379840
-1912602624
-1895825408
-1879048192
-1862270976
-1845493760
-1828716544
-1811939328
-1795162112
-1778384896
-1761607680
-1744830464
-1728053248
-1711276032
-1694498816
-1677721600
-1660944384
-1644167168
-1627389952
-1610612736
-1593835520
-1577058304
-1560281088
-1543503872
-1526726656
-1509949440
-1493172224
-1476395008
-1459617792
-1442840576
-1426063360
-1409286144
-1392508928
-1375731712
-1358954496
-1342177280
-1325400064
-1308622848
-1291845632
-1275068416
-1258291200
-1241513984
-1224736768
-1207959552
-1191182336
-1174405120
-1157627904
-1140850688
-1124073472
-1107296256
-1090519040
-1073741824
-1056964608
-1040187392
-1023410176
-1006632960
-989855744
-973078528
-956301312
-939524096
-922746880
-905969664
-889192448
-872415232
-855638016
-838860800
-822083584
-805306368
-788529152
-771751936
-754974720
-738197504
-721420288
-704643072
-687865856
-671088640
-654311424
-637534208
-620756992
-603979776
-587202560
-570425344
-553648128
-536870912
-520093696
-503316480
-486539264
-469762048
-452984832
-436207616
-419430400
-402653184
-385875968
-369098752
-352321536
-335544320
-318767104
-301989888
-285212672
-268435456
-251658240
-234881024
-218103808
-201326592
-184549376
-167772160
-150994944
-134217728
-117440512
-100663296
-83886080
-67108864
-50331648
-33554432
