Type	threshold
OptoHybrid	1
VFAT2	4
min	0
max	255
step	1
n	1000000
----
slot	4
ctrl0	55
ctrl1	0
ctrl2	48
ctrl3	0
iPreampIn	168
iPremapFeed	80
iPreampOut	150
iShaper	150
iShaperFeed	100
iComp	75
chipId0	180
chipId1	254
latency	0
vthreshold1	25
vthreshold2	0
vcal	0
calphase	0
----
985151
17768760
34549053
51320754
68063780
84751032
101370121
117979217
134615938
151305637
168023346
184754887
201496303
218243990
235004407
251767910
268534437
285304869
302076194
318847574
335620284
352392840
369166205
385940657
402716013
419490304
436266692
453042524
469818942
486594318
503369967
520145344
536921326
553697963
570473700
587249445
604026216
620802393
637578448
654352709
671130406
687907954
704683870
721461764
738238149
754998645
771792202
788568664
805344461
822123214
838898175
855676686
872453013
889230203
906005722
922783055
939560017
956336590
973113006
989890447
1006667533
1023443985
1040220650
1056996850
1073773058
1090549028
1107325003
1124101044
1140877570
1157653759
1174430843
1191207195
1207983681
1224760543
1241537501
1258313809
1275090955
1291867797
1308644418
1325421195
1342198067
1358974731
1375751408
1392527784
1409304553
1426080272
1442857147
1459633414
1476410076
1493186561
1509963273
1526740144
1543517160
1560294034
1577071176
1593848216
1610625426
1627402562
1644179696
1660956898
1677734152
1694511336
1711288532
1728065752
1744842964
1761620180
1778397396
1795174612
1811951828
1828729044
1845506260
1862283476
1879060692
1895837908
1912615124
1929392340
1946169556
1962946772
1979723988
1996501204
2013278420
2030055636
2046832852
2063610068
2080387284
2097164500
2113941716
2130718932
-2147471148
-2130693932
-2113916716
-2097139500
-2080362284
-2063585068
-2046807852
-2030030636
-2013253420
-1996476204
-1979698988
-1962921772
-1946144556
-1929367340
-1912590124
-1895812908
-1879035692
-1862258476
-1845481260
-1828704044
-1811926828
-1795149612
-1778372396
-1761595180
-1744817964
-1728040748
-1711263532
-1694486316
-1677709100
-1660931884
-1644154668
-1627377452
-1610600236
-1593823020
-1577045804
-1560268588
-1543491372
-1526714156
-1509936940
-1493159724
-1476382508
-1459605292
-1442828076
-1426050860
-1409273644
-1392496428
-1375719212
-1358941996
-1342164780
-1325387564
-1308610348
-1291833132
-1275055916
-1258278700
-1241501484
-1224724268
-1207947052
-1191169836
-1174392620
-1157615404
-1140838188
-1124060972
-1107283756
-1090506540
-1073729324
-1056952108
-1040174892
-1023397676
-1006620460
-989843244
-973066028
-956288812
-939511596
-922734380
-905957164
-889179948
-872402732
-855625516
-838848300
-822071084
-805293884
-788516676
-771739603
-754962205
-738184972
-721407713
-704631505
-687855188
-671076675
-654303497
-637524206
-620747548
-603974480
-587202136
-570425344
-553648128
-536870912
-520093696
-503316480
-486539264
-469762048
-452984832
-436207616
-419430400
-402653184
-385875968
-369098752
-352321536
-335544320
-318767104
-301989888
-285212672
-268435456
-251658240
-234881024
-218103808
-201326592
-184549376
-167772160
-150994944
-134217728
-117440512
-100663296
-83886080
-67108864
-50331648
-33554432
