Type	threshold
OptoHybrid	1
VFAT2	12
min	0
max	255
step	1
n	1000000
----
slot	12
ctrl0	55
ctrl1	0
ctrl2	48
ctrl3	0
iPreampIn	168
iPremapFeed	80
iPreampOut	150
iShaper	150
iShaperFeed	100
iComp	75
chipId0	99
chipId1	254
latency	0
vthreshold1	25
vthreshold2	0
vcal	0
calphase	0
----
995166
17773918
34550131
51321581
68053805
84683254
101232364
117847507
134507197
151209756
167940754
184683346
201435304
218195894
234961658
251730282
268501978
285275222
302048647
318822590
335596470
352369930
369143809
385918002
402692387
419467297
436243052
453018847
469794944
486571194
503347760
520124036
536900584
553677307
570454088
587230711
604007325
620783934
637560496
654336948
671113446
687890090
704666532
721443007
738219413
754995661
771772071
788548183
805324319
822100362
838876702
855652928
872429446
889206244
905982994
922759768
939536830
956313957
973091132
989868270
1006645484
1023422691
1040199882
1056977088
1073754298
1090531509
1107308733
1124085948
1140863144
1157640356
1174417536
1191194746
1207971915
1224749093
1241526255
1258303378
1275080476
1291857600
1308634715
1325411776
1342188855
1358965929
1375742996
1392520091
1409297146
1426074209
1442851263
1459628347
1476405412
1493182514
1509959651
1526736825
1543513995
1560291181
1577068382
1593845625
1610622853
1627400058
1644177320
1660954561
1677731800
1694509067
1711286266
1728063504
1744840646
1761617768
1778394834
1795171902
1811948864
1828725721
1845502503
1862279080
1879055601
1895832043
1912608470
1929384755
1946161202
1962937481
1979714155
1996490779
2013267234
2030043988
2046821105
2063598076
2080375121
2097152185
2113929300
2130706488
-2147483616
-2130706404
-2113929200
-2097151976
-2080374784
-2063597564
-2046820352
-2030043132
-2013265920
-1996488704
-1979711488
-1962934272
-1946157056
-1929379840
-1912602624
-1895825408
-1879048192
-1862270976
-1845493760
-1828716544
-1811939328
-1795162112
-1778384896
-1761607680
-1744830464
-1728053248
-1711276032
-1694498816
-1677721600
-1660944384
-1644167168
-1627389952
-1610612736
-1593835520
-1577058304
-1560281088
-1543503872
-1526726656
-1509949440
-1493172224
-1476395008
-1459617792
-1442840576
-1426063360
-1409286144
-1392508928
-1375731712
-1358954496
-1342177280
-1325400064
-1308622848
-1291845632
-1275068416
-1258291200
-1241513984
-1224736768
-1207959552
-1191182336
-1174405120
-1157627904
-1140850688
-1124073472
-1107296256
-1090519040
-1073741824
-1056964608
-1040187392
-1023410176
-1006632960
-989855744
-973078528
-956301312
-939524096
-922746880
-905969664
-889192448
-872415232
-855638016
-838860800
-822083584
-805306368
-788529152
-771751936
-754974720
-738197504
-721420288
-704643072
-687865856
-671088640
-654311424
-637534208
-620756992
-603979776
-587202560
-570425344
-553648128
-536870912
-520093696
-503316480
-486539264
-469762048
-452984832
-436207616
-419430400
-402653184
-385875968
-369098752
-352321536
-335544320
-318767104
-301989888
-285212672
-268435456
-251658240
-234881024
-218103808
-201326592
-184549376
-167772160
-150994944
-134217728
-117440512
-100663296
-83886080
-67108864
-50331648
-33554432
