Type	threshold
OptoHybrid	1
VFAT2	3
min	0
max	255
step	1
n	1000000
----
slot	3
ctrl0	55
ctrl1	0
ctrl2	48
ctrl3	0
iPreampIn	168
iPremapFeed	80
iPreampOut	150
iShaper	150
iShaperFeed	100
iComp	75
chipId0	120
chipId1	250
latency	0
vthreshold1	25
vthreshold2	0
vcal	0
calphase	0
----
990778
17770954
34546487
51317817
68071092
84741066
101340505
117940698
134580952
151269100
167986208
184718949
201467241
218221265
234981354
251746915
268515979
285285595
302057574
318830039
335602919
352376982
369151848
385926064
402700573
419475733
436250627
453026670
469802428
486578779
503355211
520131833
536908505
553685275
570461918
587238596
604014964
620791302
637567402
654343508
671119470
687895336
704670904
721446473
738221847
754997454
771773422
788549359
805325489
822101782
838878329
855654633
872430856
889207561
905984102
922760432
939537135
956313647
973090253
989866955
1006643912
1023420761
1040197815
1056974903
1073751971
1090529138
1107306299
1124083506
1140860701
1157637908
1174415127
1191192338
1207969552
1224746768
1241523984
1258301200
1275078416
1291855632
1308632848
1325410064
1342187284
1358964496
1375741712
1392518928
1409296144
1426073360
1442850576
1459627792
1476405008
1493182224
1509959440
1526736656
1543513872
1560291088
1577068304
1593845520
1610622736
1627399952
1644177168
1660954384
1677731600
1694508816
1711286032
1728063248
1744840464
1761617680
1778394896
1795172112
1811949328
1828726544
1845503760
1862280976
1879058192
1895835408
1912612624
1929389840
1946167056
1962944272
1979721488
1996498704
2013275920
2030053136
2046830352
2063607568
2080384784
2097162000
2113939216
2130716432
-2147473648
-2130696432
-2113919216
-2097142000
-2080364784
-2063587568
-2046810352
-2030033136
-2013255920
-1996478704
-1979701488
-1962924272
-1946147055
-1929369840
-1912592620
-1895815403
-1879038181
-1862260959
-1845483731
-1828706485
-1811929237
-1795151932
-1778374661
-1761597322
-1744819967
-1728042674
-1711265434
-1694488159
-1677711037
-1660933959
-1644156852
-1627379751
-1610602629
-1593825472
-1577048289
-1560271078
-1543493868
-1526716656
-1509939440
-1493162224
-1476385008
-1459607792
-1442830576
-1426053360
-1409276144
-1392498928
-1375721712
-1358944496
-1342167280
-1325390064
-1308612848
-1291835632
-1275058416
-1258281200
-1241503984
-1224726768
-1207949552
-1191172336
-1174395120
-1157617904
-1140840688
-1124063472
-1107286256
-1090509040
-1073731824
-1056954608
-1040177392
-1023400176
-1006622960
-989845744
-973068528
-956291312
-939514096
-922736880
-905959664
-889182447
-872405235
-855628072
-838851692
-822079776
-805306172
-788529152
-771751936
-754974720
-738197504
-721420288
-704643072
-687865856
-671088640
-654311424
-637534208
-620756992
-603979776
-587202560
-570425344
-553648128
-536870912
-520093696
-503316480
-486539264
-469762048
-452984832
-436207616
-419430400
-402653184
-385875968
-369098752
-352321536
-335544320
-318767104
-301989888
-285212672
-268435456
-251658240
-234881024
-218103808
-201326592
-184549376
-167772160
-150994944
-134217728
-117440512
-100663296
-83886080
-67108864
-50331648
-33554432
