Type	threshold
OptoHybrid	1
VFAT2	13
min	0
max	255
step	1
n	1000000
----
slot	13
ctrl0	55
ctrl1	0
ctrl2	48
ctrl3	0
iPreampIn	168
iPremapFeed	80
iPreampOut	150
iShaper	150
iShaperFeed	100
iComp	75
chipId0	116
chipId1	254
latency	0
vthreshold1	25
vthreshold2	0
vcal	0
calphase	0
----
993347
17774737
34553069
51325590
68069730
84758092
101374377
117986805
134628691
151317678
168024246
184757991
201500688
218252862
235011085
251773457
268539303
285307350
302075794
318846654
335617698
352388648
369160752
385933369
402706631
419479932
436254335
453029418
469805120
486581141
503357521
520134134
536910638
553687470
570463979
587240812
604017240
620794121
637569501
654347003
671122936
687899098
704675024
721450324
738225223
755001049
771772603
788551089
805326870
822102928
838878366
855654685
872430925
889207477
905983842
922760769
939537537
956314491
973091502
989868601
1006645678
1023422720
1040199840
1056976945
1073754043
1090531110
1107308224
1124085341
1140862439
1157639565
1174416732
1191193903
1207971169
1224748412
1241525700
1258303007
1275080327
1291857657
1308634986
1325412291
1342189555
1358966804
1375744078
1392521328
1409298555
1426075782
1442852963
1459630161
1476407360
1493184536
1509961739
1526738954
1543516167
1560293375
1577070595
1593847847
1610625090
1627402342
1644179556
1660956795
1677734028
1694511379
1711288510
1728065696
1744842857
1761620002
1778397152
1795174246
1811951335
1828728443
1845505476
1862282515
1879059531
1895836586
1912613517
1929390603
1946167615
1962944679
1979721744
1996498865
2013276021
2030053196
2046830379
2063607576
2080384790
2097162002
2113939219
2130716433
-2147473648
-2130696431
-2113919216
-2097142000
-2080364784
-2063587568
-2046810352
-2030033136
-2013255920
-1996478704
-1979701488
-1962924272
-1946147056
-1929369840
-1912592624
-1895815408
-1879038192
-1862260976
-1845483760
-1828706544
-1811929328
-1795152112
-1778374896
-1761597680
-1744820464
-1728043248
-1711266032
-1694488816
-1677711600
-1660934384
-1644157168
-1627379952
-1610602736
-1593825520
-1577048304
-1560271088
-1543493872
-1526716656
-1509939440
-1493162224
-1476385008
-1459607792
-1442830576
-1426053360
-1409276144
-1392498928
-1375721712
-1358944496
-1342167280
-1325390072
-1308612852
-1291835668
-1275058512
-1258281416
-1241504468
-1224727792
-1207951260
-1191175392
-1174399480
-1157623676
-1140847800
-1124071620
-1107295436
-1090518796
-1073741748
-1056964576
-1040187376
-1023410176
-1006632960
-989855744
-973078528
-956301312
-939524096
-922746880
-905969664
-889192448
-872415232
-855638016
-838860800
-822083584
-805306368
-788529152
-771751936
-754974720
-738197504
-721420288
-704643072
-687865856
-671088640
-654311424
-637534208
-620756992
-603979776
-587202560
-570425344
-553648128
-536870912
-520093696
-503316480
-486539264
-469762048
-452984832
-436207616
-419430400
-402653184
-385875968
-369098752
-352321536
-335544320
-318767104
-301989888
-285212672
-268435456
-251658240
-234881024
-218103808
-201326592
-184549376
-167772160
-150994944
-134217728
-117440512
-100663296
-83886080
-67108864
-50331648
-33554432
