Type	threshold
OptoHybrid	1
VFAT2	20
min	0
max	255
step	1
n	1000000
----
slot	20
ctrl0	55
ctrl1	0
ctrl2	48
ctrl3	0
iPreampIn	168
iPremapFeed	80
iPreampOut	150
iShaper	150
iShaperFeed	100
iComp	75
chipId0	132
chipId1	250
latency	0
vthreshold1	25
vthreshold2	0
vcal	0
calphase	0
----
999538
17776737
34551475
51306242
68007683
84669585
101370246
118070750
134807288
151546149
168290041
185019438
201788101
218547407
235299900
252064300
268813788
285580226
302330940
319096224
335851742
352494665
369386167
386144508
402888395
419682445
436446574
453207089
469971589
486731078
503507989
520272888
537043025
553814548
570584342
587356135
604129658
620899505
637668096
654442790
671212305
687987826
704758490
721531784
738304360
755078468
771851109
788623957
805397740
822171286
838943441
855716406
872490153
889262134
906036789
922811886
939587612
956362247
973134130
989909251
1006682355
1023457879
1040232838
1057006955
1073782686
1090555967
1107332679
1124108702
1140884832
1157659769
1174436277
1191212725
1207986904
1224761924
1241537133
1258312744
1275089398
1291865995
1308641951
1325418223
1342195108
1358970941
1375745987
1392521656
1409298347
1426075766
1442853023
1459628862
1476404934
1493181134
1509957352
1526733675
1543510072
1560286586
1577063577
1593840822
1610617293
1627394541
1644172252
1660948669
1677725918
1694502582
1711279180
1728055809
1744832979
1761609514
1778386857
1795164255
1811941265
1828718077
1845495075
1862272163
1879049291
1895826611
1912603887
1929380876
1946157953
1962935090
1979712092
1996489328
2013266585
2030043691
2046820958
2063597983
2080375265
2097152388
2113929638
2130706766
-2147483367
-2130706193
-2113929001
-2097151810
-2080374581
-2063597351
-2046820183
-2030043000
-2013265821
-1996488648
-1979711432
-1962934212
-1946157016
-1929379804
-1912602580
-1895825384
-1879048152
-1862270956
-1845493736
-1828716516
-1811939284
-1795162100
-1778384888
-1761607672
-1744830452
-1728053232
-1711276024
-1694498804
-1677721596
-1660944384
-1644167168
-1627389952
-1610612736
-1593835520
-1577058300
-1560281084
-1543503868
-1526726656
-1509949440
-1493172224
-1476395008
-1459617788
-1442840576
-1426063360
-1409286144
-1392508928
-1375731712
-1358954496
-1342177280
-1325400064
-1308622848
-1291845632
-1275068416
-1258291200
-1241513984
-1224736768
-1207959552
-1191182336
-1174405120
-1157627904
-1140850688
-1124073472
-1107296256
-1090519040
-1073741824
-1056964608
-1040187392
-1023410176
-1006632960
-989855744
-973078528
-956301312
-939524096
-922746880
-905969664
-889192448
-872415232
-855638016
-838860800
-822083584
-805306368
-788529152
-771751936
-754974720
-738197504
-721420288
-704643072
-687865856
-671088640
-654311424
-637534208
-620756992
-603979776
-587202560
-570425344
-553648128
-536870912
-520093696
-503316480
-486539264
-469762048
-452984832
-436207616
-419430400
-402653184
-385875968
-369098752
-352321536
-335544320
-318767104
-301989888
-285212672
-268435456
-251658240
-234881024
-218103808
-201326592
-184549376
-167772160
-150994944
-134217728
-117440512
-100663296
-83886080
-67108864
-50331648
-33554432
