Type	threshold
OptoHybrid	1
VFAT2	3
min	0
max	255
step	1
n	1000000
----
slot	3
ctrl0	55
ctrl1	0
ctrl2	48
ctrl3	0
iPreampIn	168
iPremapFeed	80
iPreampOut	150
iShaper	150
iShaperFeed	100
iComp	75
chipId0	120
chipId1	250
latency	0
vthreshold1	25
vthreshold2	0
vcal	0
calphase	0
----
990786
17770799
34546508
51317835
68073063
84745820
101341578
117940746
134584462
151267788
167987363
184720420
201464013
218221145
234981244
251746503
268516440
285286383
302057207
318829466
335602882
352377317
369151718
385926293
402700685
419475481
436250815
453026693
469802699
486578857
503355299
520131832
536908526
553685288
570461921
587238590
604015145
620791455
637567575
654343524
671119550
687895261
704671053
721446775
738222196
754997855
771773545
788549260
805325601
822101838
838878205
855654624
872431112
889207546
905983828
922760491
939537131
956313649
973090354
989867068
1006643880
1023420927
1040197792
1056974901
1073751969
1090529117
1107306315
1124083497
1140860706
1157637909
1174415128
1191192343
1207969553
1224746768
1241523984
1258301200
1275078416
1291855632
1308632848
1325410064
1342187280
1358964496
1375741712
1392518928
1409296144
1426073360
1442850576
1459627792
1476405008
1493182224
1509959440
1526736656
1543513872
1560291088
1577068304
1593845520
1610622736
1627399952
1644177168
1660954384
1677731600
1694508816
1711286032
1728063248
1744840464
1761617680
1778394896
1795172112
1811949328
1828726544
1845503760
1862280976
1879058192
1895835408
1912612624
1929389840
1946167056
1962944272
1979721488
1996498704
2013275920
2030053136
2046830352
2063607568
2080384784
2097162000
2113939216
2130716432
-2147473648
-2130696432
-2113919216
-2097142000
-2080364784
-2063587568
-2046810352
-2030033136
-2013255920
-1996478704
-1979701488
-1962924272
-1946147056
-1929369840
-1912592622
-1895815405
-1879038187
-1862260954
-1845483731
-1828706497
-1811929230
-1795151938
-1778374658
-1761597299
-1744820007
-1728042673
-1711265398
-1694488170
-1677711020
-1660933908
-1644156843
-1627379761
-1610602620
-1593825477
-1577048283
-1560271084
-1543493871
-1526716654
-1509939440
-1493162224
-1476385008
-1459607792
-1442830576
-1426053360
-1409276144
-1392498928
-1375721712
-1358944496
-1342167280
-1325390064
-1308612848
-1291835632
-1275058416
-1258281200
-1241503984
-1224726768
-1207949552
-1191172336
-1174395120
-1157617904
-1140840688
-1124063472
-1107286256
-1090509040
-1073731824
-1056954608
-1040177392
-1023400176
-1006622960
-989845744
-973068528
-956291312
-939514096
-922736880
-905959664
-889182448
-872405231
-855628038
-838851608
-822079244
-805305984
-788529152
-771751936
-754974720
-738197504
-721420288
-704643072
-687865856
-671088640
-654311424
-637534208
-620756992
-603979776
-587202560
-570425344
-553648128
-536870912
-520093696
-503316480
-486539264
-469762048
-452984832
-436207616
-419430400
-402653184
-385875968
-369098752
-352321536
-335544320
-318767104
-301989888
-285212672
-268435456
-251658240
-234881024
-218103808
-201326592
-184549376
-167772160
-150994944
-134217728
-117440512
-100663296
-83886080
-67108864
-50331648
-33554432
