Type	threshold
OptoHybrid	1
VFAT2	4
min	0
max	255
step	1
n	1000000
----
slot	4
ctrl0	55
ctrl1	0
ctrl2	48
ctrl3	0
iPreampIn	168
iPremapFeed	80
iPreampOut	150
iShaper	150
iShaperFeed	100
iComp	75
chipId0	180
chipId1	254
latency	0
vthreshold1	25
vthreshold2	0
vcal	0
calphase	0
----
985570
17769049
34548777
51320879
68068843
84751439
101377595
117983244
134619003
151309118
168018851
184757508
201497942
218245610
235005202
251768930
268535290
285305229
302076192
318847553
335619522
352390687
369166757
385941029
402715575
419491276
436266742
453042568
469818778
486593284
503370769
520145823
536921529
553697256
570473579
587250169
604026547
620801915
637578500
654354083
671130076
687907677
704683093
721461014
738238978
755013958
771791377
788568105
805345570
822121974
838899908
855677351
872453258
889230322
906006041
922782716
939559323
956335889
973112937
989890265
1006667204
1023444166
1040220110
1056996714
1073773361
1090548777
1107325124
1124101066
1140877591
1157653820
1174430342
1191207587
1207984225
1224761039
1241537159
1258313738
1275090822
1291867370
1308644478
1325421034
1342198048
1358974906
1375751307
1392527656
1409304470
1426080863
1442857146
1459633499
1476409922
1493186657
1509963348
1526740191
1543517092
1560294052
1577071134
1593848188
1610625392
1627402562
1644179728
1660956904
1677734128
1694511376
1711288540
1728065760
1744842964
1761620184
1778397396
1795174612
1811951828
1828729044
1845506260
1862283476
1879060692
1895837908
1912615124
1929392340
1946169556
1962946772
1979723988
1996501204
2013278420
2030055636
2046832852
2063610068
2080387284
2097164500
2113941716
2130718932
-2147471148
-2130693932
-2113916716
-2097139500
-2080362284
-2063585068
-2046807852
-2030030636
-2013253420
-1996476204
-1979698988
-1962921772
-1946144556
-1929367340
-1912590124
-1895812908
-1879035692
-1862258476
-1845481268
-1828704044
-1811926828
-1795149612
-1778372396
-1761595180
-1744817964
-1728040748
-1711263532
-1694486316
-1677709100
-1660931884
-1644154668
-1627377452
-1610600236
-1593823020
-1577045804
-1560268588
-1543491372
-1526714156
-1509936940
-1493159724
-1476382508
-1459605292
-1442828076
-1426050860
-1409273644
-1392496428
-1375719212
-1358941996
-1342164780
-1325387564
-1308610348
-1291833132
-1275055916
-1258278700
-1241501484
-1224724268
-1207947052
-1191169836
-1174392620
-1157615404
-1140838188
-1124060972
-1107283756
-1090506540
-1073729324
-1056952108
-1040174892
-1023397676
-1006620460
-989843244
-973066028
-956288812
-939511596
-922734380
-905957164
-889179948
-872402732
-855625516
-838848300
-822071084
-805293900
-788516655
-771739650
-754962188
-738185020
-721407903
-704631224
-687855103
-671076977
-654301436
-637524281
-620747512
-603974480
-587202136
-570425344
-553648128
-536870912
-520093696
-503316480
-486539264
-469762048
-452984832
-436207616
-419430400
-402653184
-385875968
-369098752
-352321536
-335544320
-318767104
-301989888
-285212672
-268435456
-251658240
-234881024
-218103808
-201326592
-184549376
-167772160
-150994944
-134217728
-117440512
-100663296
-83886080
-67108864
-50331648
-33554432
