Type	threshold
OptoHybrid	1
VFAT2	19
min	0
max	255
step	1
n	1000000
----
slot	19
ctrl0	55
ctrl1	0
ctrl2	48
ctrl3	0
iPreampIn	168
iPremapFeed	80
iPreampOut	150
iShaper	150
iShaperFeed	100
iComp	75
chipId0	163
chipId1	254
latency	0
vthreshold1	25
vthreshold2	0
vcal	0
calphase	0
----
996078
17773421
34549635
51297302
67950894
84548584
101167302
117824385
134523098
151243653
167973489
184716116
201467983
218225313
234988516
251754152
268522293
285290687
302060290
318831445
335603627
352377358
369151015
385925016
402699616
419473343
436248132
453023431
469798524
486573923
503349742
520125238
536901303
553677572
570453518
587230048
604006262
620782632
637558866
654334835
671110818
687886516
704662282
721438001
738213517
754989251
771765309
788541509
805317990
822094686
838871531
855648510
872425601
889202822
905980070
922757337
939534662
956311988
973089312
989866675
1006644003
1023421329
1040198636
1056975934
1073753285
1090530453
1107307625
1124084781
1140861932
1157639095
1174416248
1191193294
1207970416
1224747476
1241524569
1258301596
1275078750
1291855863
1308632989
1325410165
1342187346
1358964535
1375741736
1392518935
1409296149
1426073366
1442850579
1459627792
1476405009
1493182224
1509959441
1526736656
1543513872
1560291088
1577068304
1593845524
1610622736
1627399952
1644177168
1660954384
1677731600
1694508816
1711286032
1728063248
1744840464
1761617680
1778394896
1795172112
1811949328
1828726544
1845503756
1862280976
1879058188
1895835404
1912612604
1929389808
1946167013
1962944200
1979721361
1996498481
2013275540
2030052641
2046829620
2063606300
2080383004
2097159688
2113936136
2130712580
-2147478488
-2130702280
-2113925864
-2097149588
-2080372960
-2063596280
-2046819511
-2030042700
-2013265716
-1996488624
-1979711424
-1962934248
-1946157040
-1929379836
-1912602616
-1895825408
-1879048192
-1862270976
-1845493760
-1828716544
-1811939328
-1795162112
-1778384896
-1761607680
-1744830464
-1728053243
-1711276032
-1694498816
-1677721600
-1660944384
-1644167168
-1627389952
-1610612736
-1593835520
-1577058304
-1560281088
-1543503872
-1526726656
-1509949440
-1493172224
-1476395008
-1459617792
-1442840576
-1426063360
-1409286144
-1392508928
-1375731712
-1358954496
-1342177280
-1325400064
-1308622848
-1291845632
-1275068416
-1258291200
-1241513979
-1224736768
-1207959552
-1191182336
-1174405120
-1157627900
-1140850688
-1124073472
-1107296256
-1090519040
-1073741824
-1056964608
-1040187392
-1023410176
-1006632960
-989855744
-973078528
-956301312
-939524096
-922746880
-905969664
-889192448
-872415232
-855638016
-838860795
-822083584
-805306368
-788529152
-771751936
-754974720
-738197504
-721420288
-704643072
-687865856
-671088640
-654311424
-637534208
-620756992
-603979776
-587202560
-570425344
-553648128
-536870912
-520093696
-503316480
-486539264
-469762048
-452984832
-436207616
-419430400
-402653184
-385875968
-369098752
-352321536
-335544320
-318767104
-301989888
-285212672
-268435456
-251658240
-234881024
-218103808
-201326592
-184549376
-167772160
-150994944
-134217728
-117440512
-100663296
-83886080
-67108864
-50331648
-33554432
