Type	threshold
OptoHybrid	1
VFAT2	12
min	0
max	255
step	1
n	1000000
----
slot	12
ctrl0	55
ctrl1	0
ctrl2	48
ctrl3	0
iPreampIn	168
iPremapFeed	80
iPreampOut	150
iShaper	150
iShaperFeed	100
iComp	75
chipId0	99
chipId1	254
latency	0
vthreshold1	25
vthreshold2	0
vcal	0
calphase	0
----
995237
17773862
34550211
51321505
68054478
84681807
101243890
117846218
134506803
151213420
167940244
184683256
201436924
218196335
234961305
251730621
268502144
285275262
302049009
318822614
335596017
352370023
369143725
385917980
402692146
419467248
436243031
453018808
469795095
486571216
503347580
520124058
536900565
553677187
570453963
587230597
604007310
620783949
637560495
654336943
671113521
687890011
704666590
721443082
738219479
754995765
771771837
788548045
805324359
822100388
838876837
855652937
872429534
889206169
905982957
922759867
939536849
956313992
973091121
989868270
1006645480
1023422689
1040199879
1056977087
1073754302
1090531522
1107308715
1124085928
1140863135
1157640332
1174417544
1191194723
1207971890
1224749084
1241526221
1258303374
1275080449
1291857628
1308634687
1325411802
1342188860
1358965953
1375742990
1392520055
1409297124
1426074199
1442851251
1459628311
1476405402
1493182519
1509959635
1526736800
1543513980
1560291169
1577068380
1593845634
1610622837
1627400087
1644177345
1660954588
1677731803
1694509076
1711286279
1728063434
1744840602
1761617746
1778394865
1795171827
1811948844
1828725669
1845502342
1862278990
1879055547
1895832099
1912608441
1929384812
1946161132
1962937571
1979714059
1996490692
2013267426
2030044183
2046821080
2063597997
2080375132
2097152188
2113929344
2130706524
-2147483592
-2130706392
-2113929192
-2097151992
-2080374768
-2063597564
-2046820352
-2030043136
-2013265920
-1996488704
-1979711488
-1962934272
-1946157056
-1929379840
-1912602624
-1895825408
-1879048192
-1862270976
-1845493760
-1828716544
-1811939328
-1795162112
-1778384896
-1761607680
-1744830464
-1728053248
-1711276032
-1694498816
-1677721600
-1660944384
-1644167168
-1627389952
-1610612736
-1593835520
-1577058304
-1560281088
-1543503872
-1526726656
-1509949440
-1493172224
-1476395008
-1459617792
-1442840576
-1426063360
-1409286144
-1392508928
-1375731712
-1358954496
-1342177280
-1325400064
-1308622848
-1291845632
-1275068416
-1258291200
-1241513984
-1224736768
-1207959552
-1191182336
-1174405120
-1157627904
-1140850688
-1124073472
-1107296256
-1090519040
-1073741824
-1056964608
-1040187392
-1023410176
-1006632960
-989855744
-973078528
-956301312
-939524096
-922746880
-905969664
-889192448
-872415232
-855638016
-838860800
-822083584
-805306368
-788529152
-771751936
-754974720
-738197504
-721420288
-704643072
-687865856
-671088640
-654311424
-637534208
-620756992
-603979776
-587202560
-570425344
-553648128
-536870912
-520093696
-503316480
-486539264
-469762048
-452984832
-436207616
-419430400
-402653184
-385875968
-369098752
-352321536
-335544320
-318767104
-301989888
-285212672
-268435456
-251658240
-234881024
-218103808
-201326592
-184549376
-167772160
-150994944
-134217728
-117440512
-100663296
-83886080
-67108864
-50331648
-33554432
