Type	threshold
OptoHybrid	1
VFAT2	12
min	0
max	255
step	1
n	1000000
----
slot	12
ctrl0	55
ctrl1	0
ctrl2	48
ctrl3	0
iPreampIn	168
iPremapFeed	80
iPreampOut	150
iShaper	150
iShaperFeed	100
iComp	75
chipId0	99
chipId1	254
latency	0
vthreshold1	25
vthreshold2	0
vcal	0
calphase	0
----
995293
17773976
34550096
51322097
68054074
84677837
101240497
117845875
134504448
151214181
167940391
184681639
201436425
218196231
234961537
251730598
268502360
285275506
302048754
318822426
335596173
352370108
369143411
385917902
402692465
419467516
436243079
453019008
469795095
486571237
503347619
520124057
536900684
553677324
570454154
587230874
604007237
620783968
637560560
654336816
671113469
687890038
704666586
721443035
738219460
754995738
771771931
788547923
805324154
822100408
838876618
855653010
872429462
889206180
905982996
922759867
939536889
956313960
973091129
989868277
1006645476
1023422676
1040199877
1056977089
1073754292
1090531512
1107308728
1124085924
1140863143
1157640342
1174417543
1191194731
1207971904
1224749072
1241526222
1258303351
1275080525
1291857585
1308634651
1325411811
1342188863
1358965929
1375743011
1392520060
1409297123
1426074192
1442851266
1459628332
1476405401
1493182527
1509959645
1526736795
1543513984
1560291168
1577068386
1593845594
1610622843
1627400057
1644177361
1660954595
1677731825
1694509060
1711286280
1728063449
1744840632
1761617774
1778394797
1795171825
1811948827
1828725638
1845502487
1862279099
1879055725
1895831907
1912608543
1929384912
1946161091
1962937519
1979714165
1996490743
2013267445
2030044117
2046821106
2063598045
2080375136
2097152196
2113929328
2130706556
-2147483592
-2130706404
-2113929184
-2097151980
-2080374772
-2063597564
-2046820352
-2030043136
-2013265920
-1996488704
-1979711488
-1962934272
-1946157056
-1929379840
-1912602624
-1895825408
-1879048192
-1862270976
-1845493760
-1828716544
-1811939324
-1795162112
-1778384896
-1761607680
-1744830464
-1728053248
-1711276032
-1694498816
-1677721600
-1660944384
-1644167168
-1627389952
-1610612736
-1593835520
-1577058304
-1560281088
-1543503872
-1526726656
-1509949440
-1493172224
-1476395008
-1459617792
-1442840576
-1426063360
-1409286144
-1392508928
-1375731712
-1358954496
-1342177280
-1325400064
-1308622848
-1291845632
-1275068416
-1258291200
-1241513984
-1224736768
-1207959552
-1191182336
-1174405120
-1157627904
-1140850688
-1124073472
-1107296256
-1090519040
-1073741824
-1056964608
-1040187392
-1023410176
-1006632960
-989855744
-973078528
-956301312
-939524096
-922746880
-905969664
-889192448
-872415232
-855638016
-838860800
-822083584
-805306368
-788529152
-771751936
-754974720
-738197504
-721420288
-704643072
-687865856
-671088640
-654311424
-637534208
-620756992
-603979776
-587202560
-570425344
-553648128
-536870912
-520093696
-503316480
-486539264
-469762048
-452984832
-436207616
-419430400
-402653184
-385875968
-369098752
-352321536
-335544320
-318767104
-301989888
-285212672
-268435456
-251658240
-234881024
-218103808
-201326592
-184549376
-167772160
-150994944
-134217728
-117440512
-100663296
-83886080
-67108864
-50331648
-33554432
