Type	threshold
OptoHybrid	1
VFAT2	3
min	0
max	255
step	1
n	1000000
----
slot	3
ctrl0	55
ctrl1	0
ctrl2	48
ctrl3	0
iPreampIn	168
iPremapFeed	80
iPreampOut	150
iShaper	150
iShaperFeed	100
iComp	75
chipId0	120
chipId1	250
latency	0
vthreshold1	25
vthreshold2	0
vcal	0
calphase	0
----
990858
17771133
34546471
51317774
68072784
84743070
101341134
117941727
134582092
151269536
167990157
184719111
201464135
218221078
234980740
251747032
268516513
285285958
302056820
318829787
335602779
352377123
369151745
385925954
402700279
419475808
436251099
453026555
469802803
486578790
503355216
520131759
536908449
553685135
570462016
587238513
604015014
620791463
637567697
654343528
671119501
687895427
704671200
721446799
738222051
754997951
771773423
788549339
805325571
822101763
838878051
855654648
872431134
889207412
905984004
922760500
939537049
956313595
973090172
989867087
1006643894
1023420823
1040197835
1056974867
1073751983
1090529141
1107306308
1124083500
1140860704
1157637916
1174415129
1191192343
1207969552
1224746768
1241523984
1258301200
1275078416
1291855632
1308632848
1325410064
1342187280
1358964496
1375741712
1392518928
1409296144
1426073360
1442850576
1459627792
1476405008
1493182224
1509959440
1526736656
1543513872
1560291088
1577068304
1593845520
1610622736
1627399952
1644177168
1660954384
1677731600
1694508816
1711286032
1728063248
1744840464
1761617680
1778394896
1795172112
1811949328
1828726544
1845503760
1862280976
1879058192
1895835408
1912612624
1929389840
1946167056
1962944272
1979721488
1996498704
2013275920
2030053136
2046830352
2063607568
2080384784
2097162000
2113939216
2130716432
-2147473648
-2130696432
-2113919216
-2097142000
-2080364784
-2063587568
-2046810352
-2030033136
-2013255920
-1996478704
-1979701488
-1962924272
-1946147056
-1929369837
-1912592622
-1895815404
-1879038185
-1862260956
-1845483734
-1828706493
-1811929219
-1795151920
-1778374650
-1761597353
-1744819960
-1728042632
-1711265383
-1694488195
-1677711023
-1660933935
-1644156859
-1627379773
-1610602629
-1593825460
-1577048280
-1560271082
-1543493870
-1526716655
-1509939440
-1493162224
-1476385008
-1459607792
-1442830576
-1426053360
-1409276144
-1392498928
-1375721712
-1358944496
-1342167280
-1325390064
-1308612848
-1291835632
-1275058416
-1258281200
-1241503984
-1224726768
-1207949552
-1191172336
-1174395120
-1157617904
-1140840688
-1124063472
-1107286256
-1090509040
-1073731824
-1056954608
-1040177392
-1023400176
-1006622960
-989845744
-973068528
-956291312
-939514096
-922736880
-905959664
-889182447
-872405230
-855628035
-838851659
-822079876
-805306128
-788529152
-771751936
-754974720
-738197504
-721420288
-704643072
-687865856
-671088640
-654311424
-637534208
-620756992
-603979776
-587202560
-570425344
-553648128
-536870912
-520093696
-503316480
-486539264
-469762048
-452984832
-436207616
-419430400
-402653184
-385875968
-369098752
-352321536
-335544320
-318767104
-301989888
-285212672
-268435456
-251658240
-234881024
-218103808
-201326592
-184549376
-167772160
-150994944
-134217728
-117440512
-100663296
-83886080
-67108864
-50331648
-33554432
