Type	threshold
OptoHybrid	1
VFAT2	11
min	0
max	255
step	1
n	1000000
----
slot	11
ctrl0	55
ctrl1	0
ctrl2	48
ctrl3	0
iPreampIn	168
iPremapFeed	80
iPreampOut	150
iShaper	150
iShaperFeed	100
iComp	75
chipId0	175
chipId1	254
latency	0
vthreshold1	25
vthreshold2	0
vcal	0
calphase	0
----
997754
17774260
34549150
51321698
68065608
84739462
101339235
117919076
134550299
151237113
167953964
184692954
201444781
218203095
234966239
251734541
268503915
285275486
302048455
318822881
335597845
352372478
369146642
385921362
402696074
419471633
436247709
453023787
469799847
486576087
503352393
520128597
536905245
553681766
570458360
587235052
604011732
620788403
637564901
654341043
671117690
687894059
704670328
721446815
738223268
754999860
771776249
788552746
805328904
822105264
838881472
855657885
872434102
889210379
905986652
922762820
939539394
956315646
973092471
989869405
1006646448
1023423755
1040200969
1056978146
1073755300
1090532387
1107309417
1124086323
1140863430
1157640520
1174417704
1191194810
1207971970
1224749138
1241526226
1258303294
1275080357
1291857343
1308634266
1325411294
1342188240
1358965228
1375742229
1392519326
1409296418
1426073545
1442850703
1459627872
1476405052
1493182245
1509959452
1526736657
1543513875
1560291091
1577068304
1593845520
1610622736
1627399952
1644177168
1660954384
1677731600
1694508816
1711286032
1728063248
1744840460
1761617680
1778394892
1795172112
1811949324
1828726528
1845503728
1862280941
1879058100
1895835272
1912612364
1929389440
1946166452
1962943352
1979719964
1996496624
2013273156
2030049612
2046825644
2063601952
2080378144
2097154488
2113930776
2130707572
-2147483000
-2130705992
-2113929012
-2097151892
-2080374708
-2063597544
-2046820316
-2030043132
-2013265916
-1996488704
-1979711488
-1962934272
-1946157056
-1929379840
-1912602624
-1895825408
-1879048192
-1862270976
-1845493760
-1828716544
-1811939328
-1795162112
-1778384896
-1761607680
-1744830464
-1728053248
-1711276032
-1694498816
-1677721600
-1660944384
-1644167168
-1627389952
-1610612736
-1593835520
-1577058304
-1560281088
-1543503872
-1526726656
-1509949440
-1493172224
-1476395008
-1459617792
-1442840576
-1426063360
-1409286144
-1392508928
-1375731712
-1358954496
-1342177280
-1325400064
-1308622848
-1291845632
-1275068416
-1258291200
-1241513984
-1224736768
-1207959552
-1191182336
-1174405120
-1157627904
-1140850688
-1124073472
-1107296256
-1090519040
-1073741824
-1056964608
-1040187392
-1023410176
-1006632960
-989855744
-973078528
-956301312
-939524096
-922746880
-905969664
-889192448
-872415232
-855638016
-838860800
-822083584
-805306368
-788529152
-771751936
-754974720
-738197504
-721420288
-704643072
-687865856
-671088640
-654311424
-637534208
-620756992
-603979776
-587202560
-570425344
-553648128
-536870912
-520093696
-503316480
-486539264
-469762048
-452984832
-436207616
-419430400
-402653184
-385875968
-369098752
-352321536
-335544320
-318767104
-301989888
-285212672
-268435456
-251658240
-234881024
-218103808
-201326592
-184549376
-167772160
-150994944
-134217728
-117440512
-100663296
-83886080
-67108864
-50331648
-33554432
