Type	threshold
OptoHybrid	1
VFAT2	4
min	0
max	255
step	1
n	1000000
----
slot	4
ctrl0	55
ctrl1	0
ctrl2	48
ctrl3	0
iPreampIn	168
iPremapFeed	80
iPreampOut	150
iShaper	150
iShaperFeed	100
iComp	75
chipId0	180
chipId1	254
latency	0
vthreshold1	25
vthreshold2	0
vcal	0
calphase	0
----
985478
17769192
34549535
51321387
68068098
84753441
101369712
117987336
134620594
151304492
168022299
184886434
201495161
218247136
235004637
251768465
268536141
285305522
302076586
318848063
335620288
352392858
369165510
385940700
402714692
419490578
436263159
453042889
469818197
486593821
503370105
520146007
536921883
553697864
570473117
587250415
604025748
620802011
637578446
654353711
671130950
687906716
704684908
721461378
738237592
755015120
771791233
788569030
805345930
822122470
838899841
855677186
872452819
889229850
906006920
922782778
939559816
956335488
973113225
989889810
1006666774
1023444081
1040220633
1056996979
1073772922
1090548787
1107325270
1124100711
1140877401
1157653663
1174430630
1191207285
1207983789
1224760440
1241537730
1258313833
1275090962
1291867867
1308644722
1325421086
1342198102
1358974754
1375751219
1392527494
1409304453
1426080642
1442857126
1459633158
1476409749
1493186515
1509963402
1526740215
1543517045
1560294162
1577071098
1593848266
1610625434
1627402554
1644179692
1660956912
1677734104
1694511328
1711288548
1728065764
1744842964
1761620180
1778397400
1795174612
1811951828
1828729044
1845506260
1862283476
1879060692
1895837908
1912615124
1929392340
1946169556
1962946772
1979723988
1996501204
2013278420
2030055636
2046832852
2063610068
2080387284
2097164500
2113941716
2130718932
-2147471148
-2130693932
-2113916716
-2097139500
-2080362284
-2063585068
-2046807852
-2030030636
-2013253420
-1996476204
-1979698988
-1962921772
-1946144556
-1929367340
-1912590124
-1895812908
-1879035692
-1862258476
-1845481260
-1828704044
-1811926828
-1795149612
-1778372396
-1761595180
-1744817964
-1728040748
-1711263532
-1694486316
-1677709100
-1660931884
-1644154668
-1627377452
-1610600236
-1593823020
-1577045804
-1560268588
-1543491372
-1526714156
-1509936940
-1493159724
-1476382508
-1459605292
-1442828076
-1426050860
-1409273644
-1392496428
-1375719212
-1358941996
-1342164780
-1325387564
-1308610348
-1291833132
-1275055916
-1258278700
-1241501484
-1224724268
-1207947052
-1191169836
-1174392620
-1157615404
-1140838188
-1124060972
-1107283756
-1090506540
-1073729324
-1056952108
-1040174892
-1023397676
-1006620460
-989843244
-973066028
-956288812
-939511596
-922734380
-905957164
-889179948
-872402732
-855625516
-838848300
-822071084
-805293868
-788517356
-771739561
-754962136
-738184940
-721407821
-704631543
-687854843
-671078629
-654299128
-637525848
-620747568
-603974552
-587202172
-570425344
-553648128
-536870912
-520093696
-503316480
-486539264
-469762048
-452984832
-436207616
-419430400
-402653184
-385875968
-369098752
-352321536
-335544320
-318767104
-301989888
-285212672
-268435456
-251658240
-234881024
-218103808
-201326592
-184549376
-167772160
-150994944
-134217728
-117440512
-100663296
-83886080
-67108864
-50331648
-33554432
