Type	threshold
OptoHybrid	1
VFAT2	20
min	0
max	255
step	1
n	1000000
----
slot	20
ctrl0	55
ctrl1	0
ctrl2	48
ctrl3	0
iPreampIn	168
iPremapFeed	80
iPreampOut	150
iShaper	150
iShaperFeed	100
iComp	75
chipId0	132
chipId1	250
latency	0
vthreshold1	25
vthreshold2	0
vcal	0
calphase	0
----
999369
17776696
34551517
51308403
68004338
84683853
101370438
118036614
134800711
151528336
168282989
185018292
201778458
218547751
235301793
252043767
268798637
285563160
302321067
319077470
335853352
352625850
369378687
386148240
402920193
419692300
436447821
453207640
469978911
486746121
503517246
520281534
537049469
553819218
570585569
587353796
604123896
620896275
637668512
654439574
671212258
687985107
704758200
721531104
738303021
755078014
771850650
788625718
805396100
822169600
838942432
855716755
872489482
889264033
906037817
922811305
939584477
956360019
973133976
989907784
1006682884
1023457045
1040231771
1057005227
1073780552
1090557020
1107331615
1124108234
1140883276
1157658914
1174433699
1191210451
1207985495
1224759591
1241535442
1258311051
1275086948
1291863019
1308640367
1325417584
1342193482
1358968025
1375745599
1392520326
1409297351
1426074524
1442850841
1459626157
1476404364
1493180699
1509958316
1526733496
1543510303
1560286928
1577063705
1593840234
1610617243
1627394156
1644170770
1660947935
1677724822
1694502117
1711278687
1728055879
1744832723
1761609680
1778386766
1795163792
1811940935
1828717917
1845495089
1862272319
1879049417
1895826701
1912603789
1929380752
1946157795
1962935035
1979712088
1996489178
2013266315
2030043475
2046820617
2063597853
2080375070
2097152267
2113929406
2130706655
-2147483461
-2130706238
-2113929080
-2097151890
-2080374641
-2063597470
-2046820312
-2030043075
-2013265836
-1996488664
-1979711412
-1962934259
-1946157028
-1929379814
-1912602586
-1895825384
-1879048176
-1862270968
-1845493744
-1828716529
-1811939308
-1795162104
-1778384892
-1761607680
-1744830456
-1728053248
-1711276028
-1694498808
-1677721592
-1660944384
-1644167164
-1627389948
-1610612736
-1593835520
-1577058300
-1560281088
-1543503872
-1526726652
-1509949440
-1493172224
-1476395008
-1459617792
-1442840576
-1426063356
-1409286144
-1392508928
-1375731712
-1358954496
-1342177280
-1325400064
-1308622848
-1291845632
-1275068416
-1258291200
-1241513984
-1224736768
-1207959552
-1191182336
-1174405120
-1157627904
-1140850688
-1124073472
-1107296256
-1090519040
-1073741824
-1056964608
-1040187392
-1023410176
-1006632960
-989855744
-973078528
-956301312
-939524096
-922746880
-905969664
-889192448
-872415232
-855638016
-838860800
-822083584
-805306368
-788529152
-771751936
-754974720
-738197504
-721420288
-704643072
-687865856
-671088640
-654311424
-637534208
-620756992
-603979776
-587202560
-570425344
-553648128
-536870912
-520093696
-503316480
-486539264
-469762048
-452984832
-436207616
-419430400
-402653184
-385875968
-369098752
-352321536
-335544320
-318767104
-301989888
-285212672
-268435456
-251658240
-234881024
-218103808
-201326592
-184549376
-167772160
-150994944
-134217728
-117440512
-100663296
-83886080
-67108864
-50331648
-33554432
