Type	threshold
OptoHybrid	1
VFAT2	12
min	0
max	255
step	1
n	1000000
----
slot	12
ctrl0	55
ctrl1	0
ctrl2	48
ctrl3	0
iPreampIn	168
iPremapFeed	80
iPreampOut	150
iShaper	150
iShaperFeed	100
iComp	75
chipId0	99
chipId1	254
latency	0
vthreshold1	25
vthreshold2	0
vcal	0
calphase	0
----
995300
17773826
34550154
51321958
68055906
84682925
101248608
117848336
134505844
151215207
167939544
184683724
201436371
218196266
234961937
251730636
268502336
285275269
302048801
318822615
335596257
352370027
369143865
385918063
402692501
419467468
436243041
453019092
469795042
486571143
503347699
520124266
536900610
553677266
570454054
587230717
604007329
620783872
637560345
654337001
671113584
687889974
704666561
721442956
738219352
754995595
771772008
788548194
805324216
822100382
838876460
855653024
872429523
889206235
905982901
922759840
939536870
956313931
973091108
989868275
1006645473
1023422679
1040199874
1056977088
1073754298
1090531513
1107308723
1124085935
1140863125
1157640343
1174417532
1191194739
1207971894
1224749096
1241526242
1258303365
1275080517
1291857578
1308634678
1325411778
1342188873
1358965956
1375742989
1392520052
1409297125
1426074182
1442851240
1459628349
1476405404
1493182502
1509959640
1526736789
1543513983
1560291180
1577068381
1593845636
1610622852
1627400088
1644177344
1660954578
1677731807
1694509078
1711286284
1728063526
1744840713
1761617800
1778394848
1795171879
1811948813
1828725640
1845502338
1862279009
1879055714
1895832148
1912608566
1929384799
1946161171
1962937544
1979714113
1996490816
2013267311
2030044166
2046821146
2063598101
2080375152
2097152253
2113929348
2130706552
-2147483608
-2130706412
-2113929200
-2097151996
-2080374780
-2063597568
-2046820352
-2030043136
-2013265920
-1996488704
-1979711488
-1962934272
-1946157056
-1929379840
-1912602624
-1895825408
-1879048192
-1862270976
-1845493760
-1828716544
-1811939328
-1795162112
-1778384896
-1761607680
-1744830464
-1728053248
-1711276032
-1694498816
-1677721600
-1660944384
-1644167168
-1627389952
-1610612736
-1593835520
-1577058304
-1560281088
-1543503872
-1526726656
-1509949440
-1493172224
-1476395008
-1459617792
-1442840576
-1426063360
-1409286144
-1392508928
-1375731712
-1358954496
-1342177280
-1325400064
-1308622848
-1291845632
-1275068416
-1258291200
-1241513984
-1224736768
-1207959552
-1191182336
-1174405120
-1157627904
-1140850688
-1124073472
-1107296256
-1090519040
-1073741824
-1056964608
-1040187392
-1023410176
-1006632960
-989855744
-973078528
-956301312
-939524096
-922746880
-905969664
-889192448
-872415232
-855638016
-838860800
-822083584
-805306368
-788529152
-771751936
-754974720
-738197504
-721420288
-704643072
-687865856
-671088640
-654311424
-637534208
-620756992
-603979776
-587202560
-570425344
-553648128
-536870912
-520093696
-503316480
-486539264
-469762048
-452984832
-436207616
-419430400
-402653184
-385875968
-369098752
-352321536
-335544320
-318767104
-301989888
-285212672
-268435456
-251658240
-234881024
-218103808
-201326592
-184549376
-167772160
-150994944
-134217728
-117440512
-100663296
-83886080
-67108864
-50331648
-33554432
