Type	threshold
OptoHybrid	1
VFAT2	12
min	0
max	255
step	1
n	1000000
----
slot	12
ctrl0	55
ctrl1	0
ctrl2	48
ctrl3	0
iPreampIn	168
iPremapFeed	80
iPreampOut	150
iShaper	150
iShaperFeed	100
iComp	75
chipId0	99
chipId1	254
latency	0
vthreshold1	25
vthreshold2	0
vcal	0
calphase	0
----
995518
17773929
34550163
51319480
68037716
84643139
101201762
117825243
134494686
151203304
167933132
184677604
201432856
218193938
234960459
251730004
268501361
285274788
302048319
318821812
335595504
352369136
369143006
385917483
402692098
419467218
436242892
453018812
469794928
486571036
503347478
520123994
536900546
553677324
570453954
587230638
604007450
620783908
637560391
654336916
671113364
687889949
704666439
721443099
738219353
754995750
771772126
788548177
805324351
822100553
838876714
855653120
872429529
889206431
905983055
922759867
939536875
956313975
973091114
989868268
1006645462
1023422693
1040199889
1056977097
1073754307
1090531525
1107308735
1124085934
1140863155
1157640355
1174417555
1191194742
1207971916
1224749077
1241526258
1258303384
1275080528
1291857631
1308634698
1325411767
1342188885
1358965976
1375743031
1392520068
1409297162
1426074211
1442851267
1459628326
1476405423
1493182526
1509959688
1526736806
1543513975
1560291154
1577068392
1593845595
1610622831
1627400078
1644177321
1660954578
1677731800
1694509036
1711286283
1728063420
1744840646
1761617826
1778394919
1795171981
1811948847
1828725773
1845502650
1862279393
1879055774
1895832420
1912608863
1929385084
1946161543
1962937902
1979714451
1996490932
2013267652
2030044350
2046821166
2063598264
2080375212
2097152280
2113929372
2130706532
-2147483588
-2130706380
-2113929192
-2097151984
-2080374780
-2063597568
-2046820352
-2030043136
-2013265920
-1996488704
-1979711488
-1962934272
-1946157056
-1929379840
-1912602624
-1895825408
-1879048188
-1862270976
-1845493760
-1828716540
-1811939328
-1795162112
-1778384896
-1761607680
-1744830464
-1728053244
-1711276032
-1694498816
-1677721600
-1660944380
-1644167168
-1627389952
-1610612732
-1593835520
-1577058304
-1560281088
-1543503872
-1526726656
-1509949436
-1493172224
-1476395008
-1459617792
-1442840576
-1426063360
-1409286144
-1392508928
-1375731712
-1358954496
-1342177280
-1325400064
-1308622848
-1291845632
-1275068416
-1258291200
-1241513984
-1224736768
-1207959552
-1191182336
-1174405120
-1157627904
-1140850688
-1124073472
-1107296256
-1090519040
-1073741824
-1056964608
-1040187392
-1023410176
-1006632960
-989855744
-973078528
-956301312
-939524096
-922746880
-905969664
-889192448
-872415232
-855638016
-838860796
-822083584
-805306368
-788529152
-771751936
-754974720
-738197504
-721420288
-704643072
-687865856
-671088640
-654311424
-637534208
-620756992
-603979776
-587202560
-570425344
-553648128
-536870912
-520093696
-503316480
-486539264
-469762048
-452984832
-436207616
-419430400
-402653184
-385875968
-369098752
-352321536
-335544320
-318767104
-301989888
-285212672
-268435456
-251658240
-234881024
-218103808
-201326592
-184549376
-167772160
-150994944
-134217728
-117440512
-100663296
-83886080
-67108864
-50331648
-33554432
