Type	threshold
OptoHybrid	1
VFAT2	20
min	0
max	255
step	1
n	1000000
----
slot	20
ctrl0	55
ctrl1	0
ctrl2	48
ctrl3	0
iPreampIn	168
iPremapFeed	80
iPreampOut	150
iShaper	150
iShaperFeed	100
iComp	75
chipId0	132
chipId1	250
latency	0
vthreshold1	25
vthreshold2	0
vcal	0
calphase	0
----
999495
17775107
34551375
51304789
68005824
84677706
101365794
118080872
134801966
151542366
168254948
185038880
201785388
218532707
235291997
252048506
268797308
285570016
302336896
319093879
335844073
352588970
369354666
386129595
402889421
419667908
436432885
453190586
469954193
486721153
503491169
520264529
537027760
553808024
570579453
587350671
604121218
620893758
637666552
654439646
671212932
687985362
704758999
721532389
738305865
755077569
771852947
788626313
805399156
822171563
838944749
855718497
872492421
889266242
906038243
922813613
939588929
956363006
973136879
989909445
1006684657
1023460782
1040234148
1057010858
1073785179
1090561186
1107337020
1124111817
1140887006
1157662378
1174439093
1191213328
1207990488
1224766857
1241541557
1258316204
1275092365
1291867606
1308643491
1325420628
1342197637
1358972471
1375750020
1392527170
1409301464
1426077311
1442852599
1459629621
1476406356
1493182563
1509959434
1526735694
1543511950
1560288520
1577065828
1593842314
1610620164
1627396143
1644172653
1660949280
1677726158
1694503439
1711279762
1728057345
1744833985
1761611129
1778388092
1795165136
1811942042
1828718975
1845495769
1862273098
1879049959
1895826880
1912604072
1929381533
1946158305
1962935519
1979712512
1996489675
2013266625
2030043830
2046820863
2063598024
2080375145
2097152446
2113929619
2130706719
-2147483330
-2130706051
-2113928969
-2097151742
-2080374463
-2063597194
-2046820154
-2030042921
-2013265754
-1996488502
-1979711311
-1962934182
-1946156938
-1929379716
-1912602562
-1895825316
-1879048140
-1862270932
-1845493705
-1828716485
-1811939290
-1795162068
-1778384852
-1761607648
-1744830431
-1728053222
-1711276020
-1694498812
-1677721600
-1660944372
-1644167164
-1627389940
-1610612728
-1593835508
-1577058296
-1560281084
-1543503872
-1526726648
-1509949440
-1493172220
-1476395008
-1459617792
-1442840576
-1426063352
-1409286140
-1392508924
-1375731712
-1358954496
-1342177280
-1325400064
-1308622848
-1291845632
-1275068416
-1258291200
-1241513984
-1224736768
-1207959552
-1191182336
-1174405120
-1157627904
-1140850688
-1124073472
-1107296256
-1090519040
-1073741824
-1056964608
-1040187392
-1023410176
-1006632960
-989855744
-973078528
-956301312
-939524096
-922746880
-905969664
-889192448
-872415232
-855638016
-838860800
-822083584
-805306368
-788529152
-771751936
-754974720
-738197504
-721420288
-704643072
-687865856
-671088640
-654311424
-637534208
-620756992
-603979776
-587202560
-570425344
-553648128
-536870912
-520093696
-503316480
-486539264
-469762048
-452984832
-436207616
-419430400
-402653184
-385875968
-369098752
-352321536
-335544320
-318767104
-301989888
-285212672
-268435456
-251658240
-234881024
-218103808
-201326592
-184549376
-167772160
-150994944
-134217728
-117440512
-100663296
-83886080
-67108864
-50331648
-33554432
