Type	threshold
OptoHybrid	1
VFAT2	19
min	0
max	255
step	1
n	1000000
----
slot	19
ctrl0	55
ctrl1	0
ctrl2	48
ctrl3	0
iPreampIn	168
iPremapFeed	80
iPreampOut	150
iShaper	150
iShaperFeed	100
iComp	75
chipId0	163
chipId1	254
latency	0
vthreshold1	25
vthreshold2	0
vcal	0
calphase	0
----
996091
17773330
34549845
51305428
67972713
84574146
101182645
117841811
134535427
151251092
167981398
184722795
201471864
218229116
234989890
251755374
268523511
285291145
302060348
318831147
335603914
352376987
369151094
385925118
402699030
419473250
436248304
453023410
469798364
486573675
503349418
520125374
536901588
553677547
570453882
587230191
604006468
620782910
637559111
654335096
671111210
687886947
704662509
721438070
738213620
754989640
771765507
788541697
805318106
822094791
838871603
855648551
872425672
889202839
905980029
922757361
939534623
956312000
973089321
989866677
1006644045
1023421350
1040198639
1056975945
1073753201
1090530483
1107307723
1124084883
1140862000
1157639155
1174416258
1191193324
1207970407
1224747510
1241524574
1258301653
1275078752
1291855883
1308633006
1325410186
1342187335
1358964547
1375741741
1392518947
1409296155
1426073365
1442850576
1459627794
1476405009
1493182226
1509959440
1526736656
1543513872
1560291088
1577068304
1593845520
1610622736
1627399952
1644177168
1660954384
1677731600
1694508816
1711286032
1728063248
1744840464
1761617680
1778394896
1795172112
1811949328
1828726544
1845503760
1862280976
1879058180
1895835404
1912612612
1929389808
1946166992
1962944184
1979721377
1996498437
2013275572
2030052624
2046829392
2063606256
2080382892
2097159454
2113935977
2130712248
-2147478712
-2130702080
-2113925955
-2097149696
-2080373128
-2063596484
-2046819700
-2030042772
-2013265740
-1996488624
-1979711436
-1962934256
-1946157056
-1929379840
-1912602624
-1895825408
-1879048192
-1862270976
-1845493760
-1828716544
-1811939328
-1795162112
-1778384896
-1761607680
-1744830464
-1728053248
-1711276032
-1694498816
-1677721600
-1660944384
-1644167164
-1627389952
-1610612736
-1593835520
-1577058304
-1560281088
-1543503872
-1526726656
-1509949440
-1493172224
-1476395008
-1459617792
-1442840576
-1426063360
-1409286144
-1392508928
-1375731712
-1358954496
-1342177280
-1325400064
-1308622848
-1291845632
-1275068416
-1258291200
-1241513984
-1224736768
-1207959552
-1191182336
-1174405120
-1157627904
-1140850688
-1124073472
-1107296256
-1090519040
-1073741824
-1056964608
-1040187392
-1023410176
-1006632960
-989855744
-973078528
-956301312
-939524096
-922746880
-905969664
-889192448
-872415232
-855638016
-838860800
-822083584
-805306368
-788529152
-771751936
-754974720
-738197504
-721420288
-704643072
-687865856
-671088640
-654311424
-637534208
-620756992
-603979776
-587202560
-570425344
-553648128
-536870912
-520093696
-503316480
-486539264
-469762048
-452984832
-436207616
-419430400
-402653184
-385875968
-369098752
-352321536
-335544320
-318767104
-301989888
-285212672
-268435456
-251658240
-234881024
-218103808
-201326592
-184549376
-167772160
-150994944
-134217728
-117440512
-100663296
-83886080
-67108864
-50331648
-33554432
