Type	threshold
OptoHybrid	1
VFAT2	3
min	0
max	255
step	1
n	1000000
----
slot	3
ctrl0	55
ctrl1	0
ctrl2	48
ctrl3	0
iPreampIn	168
iPremapFeed	80
iPreampOut	150
iShaper	150
iShaperFeed	100
iComp	75
chipId0	120
chipId1	250
latency	0
vthreshold1	25
vthreshold2	0
vcal	0
calphase	0
----
991215
17771041
34546462
51317830
68072410
84743798
101340578
117940984
134581872
151269421
167987471
184719537
201464909
218221004
234980970
251746814
268516048
285286376
302057226
318829528
335602659
352377175
369151705
385926152
402700541
419475487
436250827
453026640
469802631
486578803
503355381
520131852
536908494
553685280
570461906
587238630
604014981
620791495
637567446
654343813
671119372
687895327
704670990
721446638
738222423
754997867
771773614
788549325
805325505
822101907
838878163
855654709
872431113
889207331
905983898
922760350
939536962
956313610
973090257
989867060
1006643907
1023420878
1040197813
1056974896
1073751967
1090529137
1107306315
1124083494
1140860706
1157637911
1174415127
1191192345
1207969555
1224746770
1241523984
1258301200
1275078416
1291855632
1308632848
1325410064
1342187280
1358964496
1375741712
1392518928
1409296144
1426073360
1442850576
1459627792
1476405008
1493182224
1509959440
1526736656
1543513872
1560291088
1577068304
1593845520
1610622736
1627399952
1644177168
1660954384
1677731600
1694508816
1711286032
1728063248
1744840464
1761617680
1778394896
1795172112
1811949328
1828726544
1845503760
1862280976
1879058192
1895835408
1912612624
1929389840
1946167056
1962944272
1979721488
1996498704
2013275920
2030053136
2046830352
2063607568
2080384784
2097162000
2113939216
2130716432
-2147473648
-2130696432
-2113919216
-2097142000
-2080364784
-2063587568
-2046810352
-2030033136
-2013255920
-1996478704
-1979701487
-1962924272
-1946147054
-1929369840
-1912592622
-1895815404
-1879038184
-1862260962
-1845483728
-1828706492
-1811929242
-1795151949
-1778374636
-1761597314
-1744819959
-1728042700
-1711265398
-1694488165
-1677711059
-1660933944
-1644156830
-1627379756
-1610602615
-1593825470
-1577048281
-1560271085
-1543493865
-1526716656
-1509939439
-1493162223
-1476385008
-1459607792
-1442830576
-1426053360
-1409276144
-1392498928
-1375721712
-1358944496
-1342167280
-1325390064
-1308612848
-1291835632
-1275058416
-1258281200
-1241503984
-1224726768
-1207949552
-1191172336
-1174395120
-1157617904
-1140840688
-1124063472
-1107286256
-1090509040
-1073731824
-1056954608
-1040177392
-1023400176
-1006622960
-989845744
-973068528
-956291312
-939514096
-922736880
-905959664
-889182448
-872405231
-855628047
-838851772
-822079356
-805306124
-788529152
-771751936
-754974720
-738197504
-721420288
-704643072
-687865856
-671088640
-654311424
-637534208
-620756992
-603979776
-587202560
-570425344
-553648128
-536870912
-520093696
-503316480
-486539264
-469762048
-452984832
-436207616
-419430400
-402653184
-385875968
-369098752
-352321536
-335544320
-318767104
-301989888
-285212672
-268435456
-251658240
-234881024
-218103808
-201326592
-184549376
-167772160
-150994944
-134217728
-117440512
-100663296
-83886080
-67108864
-50331648
-33554432
