Type	threshold
OptoHybrid	1
VFAT2	4
min	0
max	255
step	1
n	1000000
----
slot	4
ctrl0	55
ctrl1	0
ctrl2	48
ctrl3	0
iPreampIn	168
iPremapFeed	80
iPreampOut	150
iShaper	150
iShaperFeed	100
iComp	75
chipId0	180
chipId1	254
latency	0
vthreshold1	25
vthreshold2	0
vcal	0
calphase	0
----
987259
17770667
34549058
51316151
68046411
84699815
101310121
117924693
134580743
151279194
168002435
184740894
201485666
218238300
234998890
251764720
268532542
285302383
302073426
318846031
335618570
352392636
369166281
385941078
402716014
419491195
436267033
453042615
469818606
486593973
503369836
520145515
536921688
553696891
570473750
587250054
604026464
620802383
637578999
654355878
671130819
687908328
704685459
721463348
738239122
755015961
771792766
788569533
805346410
822123226
838900692
855677531
872453176
889230272
906006241
922783195
939559309
956336840
973113015
989890319
1006667305
1023443839
1040220326
1056996376
1073772118
1090548883
1107324385
1124101029
1140877299
1157653770
1174430265
1191207064
1207983474
1224760336
1241537005
1258313978
1275090726
1291867423
1308644239
1325420986
1342197436
1358974299
1375750846
1392527334
1409303583
1426080128
1442855933
1459633085
1476409403
1493186261
1509963183
1526740212
1543516859
1560294102
1577071156
1593848262
1610625363
1627402504
1644179676
1660956912
1677734092
1694511332
1711288532
1728065788
1744842964
1761620180
1778397396
1795174617
1811951828
1828729044
1845506260
1862283476
1879060692
1895837908
1912615140
1929392356
1946169556
1962946776
1979723988
1996501188
2013278420
2030055636
2046832852
2063610068
2080387284
2097164500
2113941716
2130718932
-2147471148
-2130693932
-2113916716
-2097139484
-2080362264
-2063585068
-2046807852
-2030030636
-2013253404
-1996476204
-1979698988
-1962921772
-1946144556
-1929367352
-1912590124
-1895812908
-1879035692
-1862258476
-1845481244
-1828704028
-1811926828
-1795149612
-1778372392
-1761595180
-1744817964
-1728040744
-1711263532
-1694486316
-1677709100
-1660931884
-1644154668
-1627377452
-1610600236
-1593823020
-1577045788
-1560268588
-1543491388
-1526714156
-1509936940
-1493159724
-1476382508
-1459605276
-1442828076
-1426050860
-1409273644
-1392496428
-1375719207
-1358941996
-1342164780
-1325387564
-1308610344
-1291833148
-1275055916
-1258278684
-1241501468
-1224724284
-1207947052
-1191169836
-1174392620
-1157615404
-1140838188
-1124060972
-1107283756
-1090506540
-1073729324
-1056952108
-1040174892
-1023397676
-1006620460
-989843244
-973066028
-956288812
-939511596
-922734380
-905957164
-889179948
-872402732
-855625516
-838848300
-822071084
-805293836
-788516975
-771739590
-754962359
-738185069
-721407819
-704631794
-687855221
-671078989
-654301424
-637524211
-620748216
-603974996
-587202428
-570425344
-553648128
-536870912
-520093696
-503316480
-486539264
-469762048
-452984832
-436207616
-419430400
-402653184
-385875968
-369098752
-352321536
-335544320
-318767104
-301989888
-285212672
-268435456
-251658240
-234881024
-218103808
-201326592
-184549376
-167772160
-150994944
-134217728
-117440512
-100663296
-83886080
-67108864
-50331648
-33554432
