Type	threshold
OptoHybrid	1
VFAT2	19
min	0
max	255
step	1
n	1000000
----
slot	19
ctrl0	55
ctrl1	0
ctrl2	48
ctrl3	0
iPreampIn	168
iPremapFeed	80
iPreampOut	150
iShaper	150
iShaperFeed	100
iComp	75
chipId0	163
chipId1	254
latency	0
vthreshold1	25
vthreshold2	0
vcal	0
calphase	0
----
996147
17773246
34549803
51305296
67972375
84580135
101186846
117839979
134534669
151250839
167982106
184724167
201471908
218227677
234990627
251755987
268522752
285291016
302060388
318831667
335603668
352377119
369151362
385925024
402699004
419473051
436248156
453023110
469798259
486573926
503349319
520125535
536901188
553677664
570453938
587230129
604006345
620782805
637559001
654335206
671111089
687886904
704662455
721438239
738213711
754989353
771765481
788541541
805317897
822094766
838871698
855648573
872425622
889202798
905980045
922757349
939534650
956311977
973089313
989866680
1006644042
1023421361
1040198696
1056976030
1073753276
1090530490
1107307663
1124084835
1140862030
1157639161
1174416236
1191193343
1207970421
1224747485
1241524590
1258301698
1275078775
1291855874
1308633026
1325410176
1342187360
1358964533
1375741742
1392518949
1409296148
1426073365
1442850581
1459627792
1476405008
1493182224
1509959440
1526736656
1543513872
1560291088
1577068304
1593845520
1610622736
1627399952
1644177172
1660954384
1677731600
1694508816
1711286032
1728063248
1744840464
1761617680
1778394896
1795172112
1811949328
1828726540
1845503760
1862280972
1879058188
1895835404
1912612616
1929389816
1946167012
1962944208
1979721380
1996498518
2013275577
2030052568
2046829578
2063606292
2080383017
2097159584
2113936156
2130712529
-2147478540
-2130702036
-2113925816
-2097149592
-2080373028
-2063596536
-2046819744
-2030042816
-2013265700
-1996488616
-1979711440
-1962934256
-1946157044
-1929379836
-1912602624
-1895825408
-1879048192
-1862270976
-1845493760
-1828716544
-1811939328
-1795162112
-1778384896
-1761607680
-1744830464
-1728053248
-1711276032
-1694498816
-1677721600
-1660944384
-1644167168
-1627389952
-1610612736
-1593835520
-1577058304
-1560281088
-1543503872
-1526726656
-1509949440
-1493172224
-1476395008
-1459617792
-1442840576
-1426063360
-1409286144
-1392508928
-1375731712
-1358954496
-1342177280
-1325400064
-1308622848
-1291845632
-1275068416
-1258291200
-1241513984
-1224736768
-1207959552
-1191182336
-1174405120
-1157627904
-1140850688
-1124073472
-1107296256
-1090519040
-1073741824
-1056964608
-1040187392
-1023410176
-1006632960
-989855744
-973078528
-956301312
-939524096
-922746880
-905969664
-889192448
-872415232
-855638016
-838860800
-822083584
-805306368
-788529152
-771751936
-754974720
-738197504
-721420288
-704643072
-687865856
-671088640
-654311424
-637534208
-620756992
-603979776
-587202560
-570425344
-553648128
-536870912
-520093696
-503316480
-486539264
-469762048
-452984832
-436207616
-419430400
-402653184
-385875968
-369098752
-352321536
-335544320
-318767104
-301989888
-285212672
-268435456
-251658240
-234881024
-218103808
-201326592
-184549376
-167772160
-150994944
-134217728
-117440512
-100663296
-83886080
-67108864
-50331648
-33554432
