Type	threshold
OptoHybrid	1
VFAT2	5
min	0
max	255
step	1
n	1000000
----
slot	5
ctrl0	55
ctrl1	0
ctrl2	48
ctrl3	0
iPreampIn	168
iPremapFeed	80
iPreampOut	150
iShaper	150
iShaperFeed	100
iComp	75
chipId0	151
chipId1	254
latency	0
vthreshold1	25
vthreshold2	0
vcal	0
calphase	0
----
983408
17767475
34548238
51327018
68103821
84872238
101597931
118195879
134734460
151351259
168035475
184757659
201495797
218248510
235006504
251770879
268538294
285308780
302079579
318851819
335623978
352397194
369170272
385944164
402717729
419491397
436265217
453038677
469812322
486586650
503360645
520135115
536909522
553684464
570459791
587235617
604011270
620787663
637563881
654340250
671116504
687892598
704668995
721445047
738221145
754997160
771773040
788548936
805324983
822100706
838876511
855652266
872428646
889204896
905981540
922758359
939535007
956312027
973089013
989866103
1006643211
1023420388
1040197513
1056974677
1073751864
1090529060
1107306284
1124083492
1140860708
1157637912
1174415124
1191192344
1207969552
1224746768
1241523984
1258301200
1275078416
1291855632
1308632848
1325410064
1342187280
1358964496
1375741712
1392518928
1409296144
1426073360
1442850576
1459627792
1476405008
1493182224
1509959440
1526736656
1543513872
1560291088
1577068304
1593845520
1610622736
1627399952
1644177168
1660954384
1677731600
1694508816
1711286032
1728063248
1744840464
1761617680
1778394896
1795172112
1811949328
1828726544
1845503760
1862280976
1879058192
1895835408
1912612624
1929389840
1946167056
1962944272
1979721488
1996498704
2013275920
2030053136
2046830352
2063607568
2080384784
2097162000
2113939216
2130716432
-2147473648
-2130696432
-2113919216
-2097142000
-2080364784
-2063587568
-2046810352
-2030033136
-2013255920
-1996478704
-1979701488
-1962924272
-1946147056
-1929369840
-1912592624
-1895815408
-1879038192
-1862260976
-1845483760
-1828706544
-1811929328
-1795152112
-1778374896
-1761597680
-1744820464
-1728043248
-1711266032
-1694488816
-1677711600
-1660934384
-1644157168
-1627379952
-1610602736
-1593825520
-1577048304
-1560271088
-1543493872
-1526716656
-1509939440
-1493162224
-1476385008
-1459607792
-1442830576
-1426053360
-1409276144
-1392498928
-1375721712
-1358944496
-1342167280
-1325390064
-1308612848
-1291835632
-1275058416
-1258281200
-1241503984
-1224726768
-1207949552
-1191172336
-1174395120
-1157617908
-1140840696
-1124063472
-1107286264
-1090509060
-1073731876
-1056954736
-1040177684
-1023400992
-1006624872
-989850284
-973075948
-956300576
-939523884
-922746828
-905969664
-889192448
-872415232
-855638016
-838860800
-822083584
-805306368
-788529152
-771751936
-754974720
-738197504
-721420288
-704643072
-687865856
-671088640
-654311424
-637534208
-620756992
-603979776
-587202560
-570425344
-553648128
-536870912
-520093696
-503316480
-486539264
-469762048
-452984832
-436207616
-419430400
-402653184
-385875968
-369098752
-352321536
-335544320
-318767104
-301989888
-285212672
-268435456
-251658240
-234881024
-218103808
-201326592
-184549376
-167772160
-150994944
-134217728
-117440512
-100663296
-83886080
-67108864
-50331648
-33554432
