Type	threshold
OptoHybrid	1
VFAT2	4
min	0
max	255
step	1
n	1000000
----
slot	4
ctrl0	55
ctrl1	0
ctrl2	48
ctrl3	0
iPreampIn	168
iPremapFeed	80
iPreampOut	150
iShaper	150
iShaperFeed	100
iComp	75
chipId0	180
chipId1	254
latency	0
vthreshold1	25
vthreshold2	0
vcal	0
calphase	0
----
985104
17769385
34549344
51321151
68066479
84745805
101361457
117911399
134613408
151304244
168021550
184755698
201496773
218246809
235004744
251769072
268536369
285305695
302077298
318848871
335620202
352392515
369166959
385942194
402716079
419490923
436267283
453041512
469818829
486594453
503369895
520146380
536921525
553697653
570473782
587246143
604026000
620802534
637578924
654355506
671130856
687908070
704684895
721461970
738238736
755015409
771792607
788569620
805346101
822122391
838899913
855677624
872453907
889230440
906006745
922783227
939560013
956336191
973113587
989889760
1006666854
1023444234
1040220093
1056996612
1073772650
1090548705
1107325218
1124101233
1140877173
1157653810
1174430297
1191207403
1207983794
1224760772
1241537165
1258313898
1275090867
1291867258
1308644576
1325421277
1342197925
1358974572
1375751577
1392527778
1409304689
1426080577
1442857014
1459633441
1476409964
1493186726
1509963281
1526739966
1543517001
1560294026
1577071152
1593848229
1610625330
1627402552
1644179726
1660956946
1677734112
1694511304
1711288548
1728065748
1744842968
1761620184
1778397396
1795174612
1811951828
1828729044
1845506260
1862283476
1879060692
1895837908
1912615124
1929392340
1946169556
1962946772
1979723988
1996501204
2013278420
2030055636
2046832852
2063610068
2080387284
2097164500
2113941716
2130718932
-2147471148
-2130693932
-2113916716
-2097139500
-2080362284
-2063585068
-2046807852
-2030030636
-2013253420
-1996476204
-1979698988
-1962921772
-1946144556
-1929367340
-1912590124
-1895812908
-1879035692
-1862258476
-1845481260
-1828704044
-1811926828
-1795149612
-1778372396
-1761595180
-1744817964
-1728040748
-1711263532
-1694486316
-1677709100
-1660931884
-1644154668
-1627377452
-1610600236
-1593823020
-1577045804
-1560268588
-1543491372
-1526714156
-1509936940
-1493159724
-1476382508
-1459605292
-1442828076
-1426050860
-1409273644
-1392496428
-1375719212
-1358941996
-1342164780
-1325387564
-1308610348
-1291833132
-1275055916
-1258278700
-1241501484
-1224724268
-1207947052
-1191169836
-1174392620
-1157615404
-1140838188
-1124060972
-1107283756
-1090506540
-1073729324
-1056952108
-1040174892
-1023397676
-1006620460
-989843244
-973066028
-956288812
-939511596
-922734380
-905957164
-889179948
-872402732
-855625516
-838848300
-822071084
-805293884
-788516597
-771739621
-754962261
-738184989
-721407841
-704631406
-687854722
-671076258
-654301386
-637523990
-620747632
-603974588
-587202276
-570425344
-553648128
-536870912
-520093696
-503316480
-486539264
-469762048
-452984832
-436207616
-419430400
-402653184
-385875968
-369098752
-352321536
-335544320
-318767104
-301989888
-285212672
-268435456
-251658240
-234881024
-218103808
-201326592
-184549376
-167772160
-150994944
-134217728
-117440512
-100663296
-83886080
-67108864
-50331648
-33554432
