VFAT2	11
MIN	0
MAX	255
STEP	1
N	1000000
993097
17763298
34521322
51265268
68013655
84747212
101426206
117968998
134487621
151137615
167865682
184620060
201385992
218157762
234931594
251706325
268480562
285254640
302028256
318802826
335578276
352354820
369131564
385908500
402685529
419462472
436239009
453015023
469790962
486567332
503344172
520121229
536898283
553675306
570452188
587228850
604005247
620780736
637555768
654330374
671105237
687880824
704656964
721433566
738210355
754987389
771764519
788541697
805318893
822096097
838873309
855650520
872427735
889204953
905982168
922759371
939536360
956312609
973088828
989865765
1006642960
1023420176
1040197392
1056974608
1073751824
1090529040
1107306256
1124083472
1140860688
1157637904
1174415120
1191192336
1207969552
1224746768
1241523984
1258301200
1275078416
1291855633
1308632850
1325410075
1342187296
1358964498
1375741788
1392519112
1409296140
1426073360
1442850552
1459627136
1476401712
1493175316
1509949696
1526726656
1543503872
1560281088
1577058304
1593835520
1610612736
1627389952
1644167168
1660944384
1677721600
1694498816
1711276032
1728053248
1744830464
1761607680
1778384896
1795162112
1811939328
1828716544
1845493760
1862270976
1879048192
1895825408
1912602624
1929379840
1946157056
1962934272
1979711488
1996488704
2013265920
2030043136
2046820352
2063597568
2080374784
2097152000
2113929216
2130706432
-2147483648
-2130706432
-2113929216
-2097152000
-2080374784
-2063597568
-2046820352
-2030043136
-2013265920
-1996488704
-1979711488
-1962934272
-1946157056
-1929379840
-1912602624
-1895825408
-1879048192
-1862270976
-1845493760
-1828716544
-1811939328
-1795162112
-1778384896
-1761607680
-1744830464
-1728053248
-1711276032
-1694498816
-1677721600
-1660944384
-1644167168
-1627389952
-1610612736
-1593835520
-1577058304
-1560281088
-1543503872
-1526726656
-1509949440
-1493172224
-1476395008
-1459617792
-1442840576
-1426063360
-1409286144
-1392508928
-1375731712
-1358954496
-1342177280
-1325400064
-1308622848
-1291845632
-1275068416
-1258291200
-1241513984
-1224736768
-1207959552
-1191182336
-1174405120
-1157627904
-1140850688
-1124073472
-1107296256
-1090519040
-1073741824
-1056964608
-1040187392
-1023410176
-1006632960
-989855744
-973078528
-956301312
-939524096
-922746880
-905969664
-889192448
-872415232
-855638016
-838860800
-822083584
-805306368
-788529152
-771751936
-754974720
-738197504
-721420288
-704643072
-687865856
-671088640
-654311424
-637534208
-620756992
-603979776
-587202560
-570425344
-553648128
-536870912
-520093696
-503316480
-486539264
-469762048
-452984832
-436207616
-419430400
-402653184
-385875968
-369098752
-352321536
-335544320
-318767104
-301989888
-285212672
-268435456
-251658240
-234881024
-218103808
-201326592
-184549376
-167772160
-150994944
-134217728
-117440512
-100663296
-83886080
-67108864
-50331648
-33554432
