VFAT2	11
MIN	0
MAX	255
STEP	1
N	1000000
996122
17773374
34549172
51323101
68094703
84860953
101617287
118334316
134994243
151609789
168165819
184831294
201550619
218289209
235036896
251790628
268547695
285309947
302076505
318845968
335616638
352388343
369159926
385932151
402706666
419481312
436256540
453031521
469806643
486581851
503357235
520133418
536910019
553686504
570463269
587240221
604017383
620794514
637571560
654348431
671124949
687901504
704677535
721453580
738229436
755005600
771781721
788558090
805333984
822109437
838884275
855658856
872433357
889208078
905983408
922759381
939535730
956312366
973089582
989866788
1006644061
1023421540
1040199001
1056976428
1073753764
1090531143
1107308373
1124085549
1140862672
1157639706
1174416740
1191193729
1207970693
1224747658
1241524624
1258301657
1275078769
1291855825
1308632998
1325410176
1342187406
1358964644
1375741894
1392519213
1409296519
1426073873
1442851222
1459628598
1476405900
1493183146
1509960334
1526737479
1543514590
1560291690
1577068729
1593845808
1610622927
1627400075
1644177232
1660954417
1677731641
1694508830
1711286044
1728063254
1744840464
1761617680
1778394896
1795172112
1811949328
1828726544
1845503760
1862280976
1879058192
1895835408
1912612624
1929389840
1946167056
1962944272
1979721488
1996498704
2013275920
2030053136
2046830354
2063607573
2080384796
2097162028
2113939273
2130716515
-2147473444
-2130696090
-2113918716
-2097141196
-2080363670
-2063586146
-2046808710
-2030031232
-2013253908
-1996476666
-1979699598
-1962922639
-1946145622
-1929368788
-1912591874
-1895814917
-1879037898
-1862260814
-1845483680
-1828706493
-1811929313
-1795152066
-1778374431
-1761597666
-1744820464
-1728043248
-1711266032
-1694488816
-1677711600
-1660934384
-1644157168
-1627379952
-1610602736
-1593825520
-1577048304
-1560271088
-1543493872
-1526716656
-1509939440
-1493162224
-1476385008
-1459607792
-1442830576
-1426053360
-1409276144
-1392498928
-1375721712
-1358944496
-1342167280
-1325390064
-1308612848
-1291835632
-1275058416
-1258281200
-1241503984
-1224726768
-1207949552
-1191172336
-1174395120
-1157617904
-1140840688
-1124063472
-1107286256
-1090509040
-1073731824
-1056954608
-1040177392
-1023400176
-1006622960
-989845744
-973068528
-956291312
-939514096
-922736875
-905959664
-889182448
-872405232
-855628016
-838850800
-822073582
-805296361
-788519143
-771741988
-754965864
-738194800
-721420220
-704643072
-687865856
-671088640
-654311424
-637534208
-620756992
-603979776
-587202560
-570425344
-553648128
-536870912
-520093696
-503316480
-486539264
-469762048
-452984832
-436207616
-419430400
-402653184
-385875968
-369098752
-352321536
-335544320
-318767104
-301989888
-285212672
-268435456
-251658240
-234881024
-218103808
-201326592
-184549376
-167772160
-150994944
-134217728
-117440512
-100663296
-83886080
-67108864
-50331648
-33554432
