VFAT2	11
MIN	0
MAX	255
STEP	1
N	1000000
994631
17773071
34549368
51323868
68095314
84859759
101618683
118359325
135047672
151714992
168390554
184976815
201604965
218324751
235066934
251814256
268569024
285325866
302089924
318856313
335625467
352396111
369166867
385938773
402711581
419485208
436259490
453033963
469809021
486584245
503359417
520134897
536910817
553687127
570463889
587240563
604017574
620794588
637571717
654348716
671125335
687902161
704678743
721455006
738231137
755007257
771783218
788559311
805335357
822111005
838886754
855662153
872437569
889212471
905987557
922762910
939538466
956314381
973090653
989867262
1006644269
1023421603
1040198926
1056976301
1073753678
1090531047
1107308375
1124085634
1140862836
1157640023
1174417147
1191194278
1207971200
1224748243
1241525168
1258302154
1275079108
1291856132
1308633203
1325410288
1342187446
1358964631
1375741835
1392519084
1409296356
1426073643
1442850927
1459628247
1476405557
1493182876
1509960058
1526737274
1543514459
1560291601
1577068730
1593845948
1610623496
1627400166
1644177269
1660954433
1677731623
1694508827
1711286036
1728063250
1744840467
1761617681
1778394896
1795172112
1811949328
1828726544
1845503760
1862280981
1879058192
1895835408
1912612624
1929389840
1946167056
1962944272
1979721488
1996498704
2013275920
2030053138
2046830354
2063607573
2080384801
2097162023
2113939261
2130716553
-2147473471
-2130696110
-2113918783
-2097141326
-2080363847
-2063586370
-2046808950
-2030031545
-2013254233
-1996477022
-1979699936
-1962922923
-1946146008
-1929369003
-1912592052
-1895814978
-1879037978
-1862260862
-1845483700
-1828706517
-1811929319
-1795152111
-1778374896
-1761597679
-1744820464
-1728043244
-1711266032
-1694488816
-1677711600
-1660934384
-1644157168
-1627379952
-1610602736
-1593825520
-1577048304
-1560271088
-1543493872
-1526716656
-1509939440
-1493162224
-1476385008
-1459607792
-1442830576
-1426053355
-1409276144
-1392498928
-1375721712
-1358944496
-1342167280
-1325390064
-1308612848
-1291835632
-1275058416
-1258281200
-1241503984
-1224726768
-1207949552
-1191172336
-1174395120
-1157617904
-1140840688
-1124063472
-1107286256
-1090509040
-1073731824
-1056954608
-1040177392
-1023400176
-1006622960
-989845744
-973068528
-956291312
-939514096
-922736880
-905959664
-889182448
-872405232
-855628016
-838850800
-822073584
-805296368
-788519151
-771741980
-754965672
-738194168
-721420184
-704643072
-687865856
-671088640
-654311424
-637534208
-620756992
-603979776
-587202560
-570425344
-553648128
-536870912
-520093696
-503316480
-486539264
-469762048
-452984832
-436207616
-419430400
-402653184
-385875968
-369098752
-352321536
-335544320
-318767104
-301989888
-285212672
-268435456
-251658240
-234881024
-218103808
-201326592
-184549376
-167772160
-150994944
-134217728
-117440512
-100663296
-83886080
-67108864
-50331648
-33554432
