VFAT2	11
MIN	0
MAX	255
STEP	1
N	1000000
994275
17772994
34549358
51323832
68095123
84860385
101618965
118360050
135051990
151719242
168397409
184997633
201616129
218329562
235066395
251815418
268570601
285329539
302090539
318857334
335626121
352396589
369167268
385938983
402711674
419485496
436259753
453034242
469809293
486584172
503359442
520134971
536911053
553687231
570463689
587240639
604017710
620794620
637571635
654348751
671125552
687902286
704678722
721454993
738231316
755007343
771783431
788559382
805335179
822111210
838886848
855662449
872437818
889213113
905988128
922763051
939538455
956314271
973090675
989867280
1006644384
1023421563
1040198947
1056976299
1073753719
1090531034
1107308383
1124085684
1140862900
1157640029
1174417156
1191194197
1207971264
1224748187
1241525196
1258302132
1275079109
1291856148
1308633214
1325410317
1342187469
1358964652
1375741842
1392519096
1409296333
1426073621
1442850961
1459628233
1476405500
1493182864
1509960100
1526737312
1543514436
1560291567
1577068727
1593845877
1610622974
1627400097
1644177271
1660954449
1677731635
1694508831
1711286042
1728063250
1744840465
1761617680
1778394896
1795172161
1811949369
1828727038
1845503809
1862280976
1879058192
1895835408
1912612624
1929389840
1946167056
1962944272
1979721488
1996498704
2013275921
2030053137
2046830353
2063607572
2080384794
2097162036
2113939282
2130716555
-2147473471
-2130696124
-2113918712
-2097141319
-2080363835
-2063586385
-2046808952
-2030031570
-2013254290
-1996477077
-1979699959
-1962923001
-1946146010
-1929369038
-1912592093
-1895815071
-1879037950
-1862260860
-1845483707
-1828706514
-1811929311
-1795152104
-1778374895
-1761597676
-1744820463
-1728043248
-1711266032
-1694488816
-1677711600
-1660934384
-1644157168
-1627379952
-1610602736
-1593825520
-1577048304
-1560271088
-1543493872
-1526716656
-1509939440
-1493162224
-1476385008
-1459607792
-1442830576
-1426053360
-1409276144
-1392498928
-1375721712
-1358944496
-1342167280
-1325390064
-1308612848
-1291835632
-1275058416
-1258281200
-1241503984
-1224726768
-1207949552
-1191172336
-1174395120
-1157617904
-1140840688
-1124063472
-1107286256
-1090509040
-1073731824
-1056954608
-1040177392
-1023400176
-1006622960
-989845744
-973068528
-956291312
-939514096
-922736880
-905959664
-889182448
-872405232
-855628016
-838850800
-822073584
-805296368
-788519155
-771741973
-754965744
-738194340
-721420204
-704643072
-687865856
-671088640
-654311424
-637534208
-620756992
-603979776
-587202560
-570425344
-553648128
-536870912
-520093696
-503316480
-486539260
-469762048
-452984832
-436207616
-419430400
-402653184
-385875968
-369098752
-352321536
-335544320
-318767104
-301989888
-285212672
-268435456
-251658240
-234881024
-218103808
-201326592
-184549376
-167772160
-150994944
-134217728
-117440512
-100663296
-83886080
-67108864
-50331648
-33554432
