VFAT2	11
MIN	0
MAX	255
STEP	1
N	1000000
995625
17773443
34549407
51323846
68094984
84860493
101619324
118350848
135022549
151680111
168290955
184872193
201570017
218306423
235051460
251800808
268557214
285316846
302082464
318851366
335621506
352392504
369163031
385935444
402708766
419483054
436258133
453033108
469808020
486582847
503358553
520134168
536910294
553686676
570463540
587240484
604017468
620794489
637571532
654348506
671125404
687901915
704678286
721454418
738230441
755006418
771782495
788558575
805334747
822110335
838885949
855661185
872436114
889210586
905985732
922760999
939536903
956313170
973089877
989866872
1006644152
1023421473
1040198898
1056976256
1073753700
1090531099
1107308376
1124085631
1140862773
1157639957
1174417018
1191194009
1207970996
1224747974
1241524927
1258301902
1275078949
1291855974
1308633074
1325410256
1342187399
1358964628
1375741859
1392519117
1409296404
1426073741
1442851068
1459628450
1476405720
1493182988
1509960219
1526737396
1543514578
1560291652
1577068756
1593845792
1610622943
1627400095
1644177274
1660954421
1677731642
1694508823
1711286037
1728063253
1744840464
1761617680
1778394896
1795172112
1811949328
1828726544
1845503764
1862280976
1879058192
1895835408
1912612624
1929389840
1946167056
1962944272
1979721488
1996498704
2013275920
2030053137
2046830361
2063607569
2080384805
2097162020
2113939278
2130716536
-2147473440
-2130696106
-2113918727
-2097141236
-2080363814
-2063586240
-2046808764
-2030031369
-2013254059
-1996476890
-1979699796
-1962922774
-1946145868
-1929368979
-1912592002
-1895814963
-1879037970
-1862260849
-1845483667
-1828706507
-1811929310
-1795152109
-1778374895
-1761597680
-1744820464
-1728043248
-1711266032
-1694488816
-1677711600
-1660934384
-1644157168
-1627379952
-1610602736
-1593825520
-1577048304
-1560271088
-1543493872
-1526716652
-1509939440
-1493162224
-1476385008
-1459607708
-1442830227
-1426053360
-1409276144
-1392498928
-1375721712
-1358944496
-1342167280
-1325390064
-1308612848
-1291835632
-1275058416
-1258281200
-1241503984
-1224726768
-1207949552
-1191172336
-1174395120
-1157617904
-1140840688
-1124063472
-1107286256
-1090509040
-1073731824
-1056954608
-1040177392
-1023400176
-1006622960
-989845744
-973068528
-956291312
-939514096
-922736880
-905959664
-889182448
-872405232
-855628016
-838850800
-822073583
-805296364
-788519144
-771741939
-754965448
-738193872
-721420208
-704643072
-687865856
-671088640
-654311424
-637534208
-620756992
-603979776
-587202560
-570425344
-553648128
-536870912
-520093696
-503316480
-486539264
-469762048
-452984832
-436207616
-419430400
-402653184
-385875968
-369098752
-352321536
-335544320
-318767104
-301989888
-285212672
-268435456
-251658240
-234881024
-218103808
-201326592
-184549376
-167772160
-150994944
-134217728
-117440512
-100663296
-83886080
-67108864
-50331648
-33554432
