VFAT2	11
MIN	0
MAX	255
STEP	1
N	1000000
996078
17771522
34543815
51310368
68075308
84834345
101571136
118264755
134856413
151412964
168028133
184715843
201451837
218209719
234974271
251741247
268509973
285280102
302051609
318824520
335598790
352373305
369148343
385923501
402698600
419473688
436249281
453024928
469801123
486577408
503354015
520130759
536907740
553684624
570461683
587238678
604015585
620792374
637569059
654345483
671121844
687897699
704673124
721448569
738223726
754999009
771774010
788549618
805325132
822100695
838876111
855652150
872428469
889205236
905982178
922759193
939536476
956313718
973090956
989868200
1006645438
1023422663
1040199884
1056977105
1073754322
1090531526
1107308729
1124085899
1140863033
1157640004
1174416968
1191193804
1207970606
1224747502
1241524459
1258301530
1275078686
1291855938
1308633186
1325410560
1342187979
1358965419
1375742842
1392520278
1409297723
1426075063
1442852385
1459629490
1476406581
1493183550
1509960557
1526737543
1543514490
1560291469
1577068526
1593845687
1610622804
1627400007
1644177188
1660954395
1677731606
1694508819
1711286034
1728063248
1744840464
1761617680
1778394896
1795172112
1811949328
1828726544
1845503760
1862280976
1879058192
1895835408
1912612624
1929389840
1946167056
1962944272
1979721488
1996498704
2013275920
2030053136
2046830352
2063607574
2080384789
2097162022
2113939269
2130716562
-2147473440
-2130695998
-2113918561
-2097141057
-2080363472
-2063585906
-2046808388
-2030030950
-2013253640
-1996476357
-1979699196
-1962922128
-1946145174
-1929368283
-1912591426
-1895814629
-1879037697
-1862260717
-1845483632
-1828706477
-1811929299
-1795152105
-1778374895
-1761597680
-1744820462
-1728043248
-1711266032
-1694488816
-1677711600
-1660934384
-1644157168
-1627379952
-1610602736
-1593825520
-1577048304
-1560271088
-1543493872
-1526716656
-1509939440
-1493162224
-1476384920
-1459607365
-1442830572
-1426053360
-1409276144
-1392498928
-1375721712
-1358944496
-1342167280
-1325390064
-1308612848
-1291835632
-1275058416
-1258281200
-1241503984
-1224726768
-1207949552
-1191172336
-1174395120
-1157617904
-1140840688
-1124063472
-1107286256
-1090509040
-1073731824
-1056954608
-1040177392
-1023400176
-1006622960
-989845744
-973068528
-956291312
-939514096
-922736875
-905959658
-889182432
-872405224
-855628015
-838850800
-822073588
-805296424
-788520596
-771749680
-754974692
-738197504
-721420288
-704643072
-687865856
-671088640
-654311424
-637534208
-620756992
-603979776
-587202560
-570425344
-553648128
-536870912
-520093696
-503316480
-486539264
-469762048
-452984832
-436207616
-419430400
-402653184
-385875968
-369098752
-352321536
-335544320
-318767104
-301989888
-285212672
-268435456
-251658240
-234881024
-218103808
-201326592
-184549376
-167772160
-150994944
-134217728
-117440512
-100663296
-83886080
-67108864
-50331648
-33554432
