VFAT2	11
MIN	0
MAX	255
STEP	1
N	1000000
995230
17773202
34549399
51323847
68095293
84860080
101619592
118355828
135040149
151707023
168357613
184931589
201592599
218314203
235058932
251808155
268564281
285324327
302087505
318853797
335624166
352394430
369166104
385937495
402710490
419484412
436258828
453033497
469808697
486583711
503359124
520134474
536910619
553687011
570463619
587240530
604017638
620794465
637572010
654348564
671125485
687902121
704678489
721455043
738230949
755006868
771782979
788558904
805334695
822110866
838886405
855661929
872436874
889211827
905986519
922761956
939537473
956313544
973090017
989867031
1006644192
1023421440
1040198846
1056976239
1073753680
1090531058
1107308377
1124085601
1140862834
1157639969
1174417096
1191194153
1207971147
1224748185
1241525094
1258302079
1275079053
1291856091
1308633190
1325410279
1342187437
1358964635
1375741850
1392519080
1409296373
1426073670
1442851024
1459628347
1476405626
1493182931
1509960181
1526737379
1543514502
1560291619
1577068735
1593845851
1610622993
1627400097
1644177269
1660954440
1677731627
1694508829
1711286048
1728063251
1744840464
1761617681
1778394896
1795172112
1811949328
1828726544
1845503760
1862280976
1879058192
1895835408
1912612624
1929389840
1946167056
1962944272
1979721488
1996498704
2013275920
2030053137
2046830354
2063607572
2080384798
2097162026
2113939266
2130716533
-2147473475
-2130696114
-2113918765
-2097141320
-2080363814
-2063586321
-2046808872
-2030031450
-2013254194
-1996476927
-1979699849
-1962922901
-1946145848
-1929368922
-1912592053
-1895815007
-1879037916
-1862260843
-1845483674
-1828706509
-1811929310
-1795152108
-1778374894
-1761597680
-1744820464
-1728043248
-1711266032
-1694488816
-1677711600
-1660934384
-1644157168
-1627379952
-1610602736
-1593825520
-1577048304
-1560271088
-1543493872
-1526716656
-1509939440
-1493162224
-1476385008
-1459607792
-1442830576
-1426053360
-1409276144
-1392498928
-1375721712
-1358944496
-1342167280
-1325390064
-1308612844
-1291835632
-1275058416
-1258281200
-1241503984
-1224726768
-1207949552
-1191172336
-1174395120
-1157617904
-1140840688
-1124063472
-1107286256
-1090509040
-1073731824
-1056954608
-1040177392
-1023400176
-1006622960
-989845744
-973068528
-956291312
-939514096
-922736880
-905959664
-889182448
-872405232
-855628016
-838850800
-822073584
-805296368
-788519146
-771741955
-754965584
-738193976
-721420184
-704643072
-687865856
-671088640
-654311424
-637534208
-620756992
-603979776
-587202560
-570425344
-553648128
-536870908
-520093692
-503316480
-486539264
-469762048
-452984832
-436207616
-419430400
-402653184
-385875968
-369098752
-352321536
-335544320
-318767104
-301989888
-285212672
-268435456
-251658240
-234881024
-218103808
-201326592
-184549376
-167772160
-150994944
-134217728
-117440512
-100663296
-83886080
-67108864
-50331648
-33554432
