VFAT2	11
MIN	0
MAX	255
STEP	1
N	1000000
995977
17772876
34548058
51320479
68090509
84856668
101600980
118303747
134919064
151478035
168101430
184783629
201510848
218253227
235011963
251770286
268531852
285297802
302067448
318838442
335609566
352380983
369154045
385928057
402702883
419478154
436253096
453028344
469804004
486579712
503355783
520132127
536908834
553685651
570462716
587239914
604017018
620794139
637571162
654347818
671124035
687900000
704676058
721452185
738228335
755004804
771780724
788556201
805331151
822105261
838879772
855654430
872429201
889205326
905981552
922758253
939535158
956312423
973089726
989867139
1006644609
1023422062
1040199466
1056976821
1073754080
1090531289
1107308379
1124085443
1140862421
1157639360
1174416280
1191193184
1207970180
1224747219
1241524297
1258301383
1275078536
1291855732
1308632949
1325410191
1342187496
1358964828
1375742155
1392519508
1409296929
1426074315
1442851723
1459629019
1476406207
1493183437
1509960612
1526737641
1543514605
1560291597
1577068687
1593845779
1610623006
1627400193
1644177538
1660954458
1677731616
1694508819
1711286039
1728063248
1744840464
1761617680
1778394896
1795172112
1811949328
1828726544
1845503760
1862280976
1879058192
1895835408
1912612624
1929389840
1946167056
1962944272
1979721488
1996498704
2013275920
2030053137
2046830353
2063607575
2080384802
2097162025
2113939273
2130716551
-2147473413
-2130696040
-2113918616
-2097141095
-2080363514
-2063585974
-2046808474
-2030031057
-2013253755
-1996476511
-1979699403
-1962922397
-1946145477
-1929368631
-1912591766
-1895814870
-1879037864
-1862260827
-1845483673
-1828706507
-1811929314
-1795152105
-1778374896
-1761597679
-1744820464
-1728043248
-1711266032
-1694488816
-1677711600
-1660934384
-1644157168
-1627379952
-1610602736
-1593825520
-1577048304
-1560271088
-1543493872
-1526716656
-1509939440
-1493162224
-1476385008
-1459607792
-1442830576
-1426053360
-1409276144
-1392498928
-1375721712
-1358944496
-1342167280
-1325390064
-1308612848
-1291835632
-1275058416
-1258281200
-1241503984
-1224726768
-1207949552
-1191172336
-1174395120
-1157617904
-1140840688
-1124063472
-1107286256
-1090509036
-1073731824
-1056954608
-1040177392
-1023400176
-1006622960
-989845744
-973068528
-956291312
-939514096
-922736880
-905959664
-889182448
-872405232
-855628015
-838850794
-822073571
-805296361
-788519156
-771742244
-754968432
-738197024
-721420288
-704643072
-687865856
-671088640
-654311424
-637534208
-620756992
-603979776
-587202560
-570425344
-553648128
-536870912
-520093696
-503316480
-486539264
-469762048
-452984832
-436207616
-419430400
-402653184
-385875968
-369098752
-352321536
-335544320
-318767104
-301989888
-285212672
-268435456
-251658240
-234881024
-218103808
-201326592
-184549376
-167772160
-150994944
-134217728
-117440512
-100663296
-83886080
-67108864
-50331648
-33554432
