Type	threshold
OptoHybrid	0
VFAT2	4
min	0
max	255
step	1
n	10000
----
slot	4
ctrl0	55
ctrl1	0
ctrl2	48
ctrl3	0
iPreampIn	168
iPremapFeed	80
iPreampOut	150
iShaper	150
iShaperFeed	100
iComp	75
chipId0	91
chipId1	254
latency	0
vthreshold1	25
vthreshold2	0
vcal	0
calphase	0
----
9771
16787145
33564390
50341630
67118833
83896052
100673131
117449175
134224577
150999915
167775094
184551685
201328217
218104972
234882032
251659153
268436293
285213408
301990633
318767803
335544970
352322169
369099370
385876550
402653758
419430956
436208144
452985365
469762497
486539728
503316900
520094078
536871296
553648454
570425643
587202843
603980046
620757260
637534468
654311668
671088871
687866042
704643243
721420406
738197632
754974828
771752040
788529255
805306472
822083690
838860902
855638119
872415333
889192549
905969764
922746980
939524196
956301412
973078628
989855844
1006633060
1023410276
1040187492
1056964708
1073741924
1090519140
1107296356
1124073572
1140850788
1157628004
1174405220
1191182436
1207959652
1224736868
1241514084
1258291300
1275068516
1291845732
1308622948
1325400164
1342177380
1358954596
1375731812
1392509029
1409286244
1426063463
1442840677
1459617893
1476395110
1493172324
1509949543
1526726760
1543503979
1560281192
1577058409
1593835622
1610612843
1627390062
1644167276
1660944497
1677721708
1694498922
1711276141
1728053353
1744830573
1761607785
1778385001
1795162221
1811939433
1828716645
1845493861
1862271077
1879048286
1895825504
1912602717
1929379929
1946157145
1962934348
1979711552
1996488784
2013265980
2030043208
2046820396
2063597616
2080374820
2097152040
2113929248
2130706444
-2147483644
-2130706420
-2113929208
-2097151996
-2080374784
-2063597568
-2046820352
-2030043136
-2013265920
-1996488704
-1979711488
-1962934272
-1946157056
-1929379840
-1912602624
-1895825408
-1879048192
-1862270976
-1845493760
-1828716544
-1811939328
-1795162112
-1778384896
-1761607680
-1744830464
-1728053248
-1711276032
-1694498816
-1677721600
-1660944384
-1644167168
-1627389952
-1610612736
-1593835520
-1577058304
-1560281088
-1543503872
-1526726656
-1509949440
-1493172224
-1476395008
-1459617792
-1442840576
-1426063360
-1409286144
-1392508928
-1375731712
-1358954496
-1342177280
-1325400064
-1308622848
-1291845632
-1275068416
-1258291200
-1241513984
-1224736768
-1207959552
-1191182336
-1174405120
-1157627904
-1140850688
-1124073472
-1107296256
-1090519040
-1073741824
-1056964608
-1040187392
-1023410176
-1006632960
-989855744
-973078528
-956301312
-939524096
-922746880
-905969664
-889192448
-872415232
-855638016
-838860800
-822083584
-805306368
-788529152
-771751936
-754974720
-738197504
-721420288
-704643072
-687865856
-671088640
-654311424
-637534208
-620756992
-603979776
-587202560
-570425344
-553648128
-536870912
-520093696
-503316480
-486539264
-469762048
-452984832
-436207616
-419430400
-402653184
-385875968
-369098752
-352321536
-335544320
-318767104
-301989888
-285212672
-268435456
-251658240
-234881024
-218103808
-201326592
-184549376
-167772160
-150994944
-134217728
-117440512
-100663296
-83886080
-67108864
-50331648
-33554432
