Type	threshold
OptoHybrid	1
VFAT2	10
min	0
max	255
step	1
n	10000
----
slot	10
ctrl0	55
ctrl1	0
ctrl2	48
ctrl3	0
iPreampIn	168
iPremapFeed	80
iPreampOut	150
iShaper	150
iShaperFeed	100
iComp	75
chipId0	156
chipId1	250
latency	0
vthreshold1	25
vthreshold2	0
vcal	0
calphase	0
----
9966
16787165
33564361
50341482
67118566
83895316
100671071
117446249
134221696
150997509
167774151
184550956
201327675
218104751
234881811
251658899
268436064
285213248
301990422
318767666
335544944
352322051
369099175
385876393
402653603
419430806
436208002
452985214
469762408
486539685
503316838
520094055
536871290
553648501
570425723
587202924
603980134
620757353
637534540
654311749
671088937
687866147
704643366
721420569
738197772
754974967
771752156
788529382
805306591
822083775
838860984
855638192
872415380
889192595
905969792
922747014
939524245
956301409
973078624
989855847
1006633040
1023410256
1040187465
1056964676
1073741905
1090519101
1107296306
1124073523
1140850732
1157627942
1174405160
1191182379
1207959582
1224736821
1241514028
1258291227
1275068445
1291845662
1308622873
1325400181
1342177306
1358954528
1375731743
1392508963
1409286170
1426063385
1442840601
1459617817
1476395033
1493172251
1509949470
1526726686
1543503897
1560281114
1577058332
1593835546
1610612761
1627389979
1644167196
1660944409
1677721627
1694498841
1711276058
1728053273
1744830492
1761607706
1778384922
1795162138
1811939358
1828716569
1845493785
1862271002
1879048218
1895825425
1912602651
1929379872
1946157072
1962934326
1979711515
1996488732
2013265950
2030043161
2046820378
2063597597
2080374811
2097152026
2113929243
2130706461
-2147483622
-2130706404
-2113929190
-2097151975
-2080374758
-2063597542
-2046820325
-2030043111
-2013265894
-1996488677
-1979711462
-1962934245
-1946157030
-1929379811
-1912602601
-1895825381
-1879048164
-1862270943
-1845493734
-1828716512
-1811939297
-1795162087
-1778384866
-1761607654
-1744830439
-1728053222
-1711276004
-1694498783
-1677721557
-1660944357
-1644167139
-1627389921
-1610612709
-1593835493
-1577058279
-1560281045
-1543503841
-1526726628
-1509949415
-1493172196
-1476394983
-1459617766
-1442840548
-1426063333
-1409286117
-1392508903
-1375731686
-1358954469
-1342177259
-1325400039
-1308622823
-1291845606
-1275068391
-1258291175
-1241513953
-1224736742
-1207959520
-1191182311
-1174405089
-1157627879
-1140850662
-1124073446
-1107296226
-1090519004
-1073741798
-1056964584
-1040187362
-1023410147
-1006632933
-989855717
-973078502
-956301278
-939524067
-922746650
-905969331
-889192401
-872415178
-855637951
-838860768
-822083544
-805306220
-788529110
-771751878
-754974657
-738197430
-721420188
-704643021
-687865831
-671088613
-654311401
-637534192
-620756966
-603979762
-587202557
-570425343
-553648124
-536870905
-520093688
-503316480
-486539263
-469762045
-452984832
-436207615
-419430396
-402653170
-385875964
-369098752
-352321535
-335544320
-318767102
-301989887
-285212672
-268435456
-251658240
-234881024
-218103789
-201326580
-184549372
-167772157
-150994942
-134217727
-117440510
-100663293
-83886080
-67108862
-50331646
-33554425
